0 0.3729792147806005 0.1388888888888889 0.20554272517321015 0.04722222222222222
0 0.36374133949191684 0.2125 0.24249422632794457 0.058333333333333334
0 0.36027713625866054 0.27569444444444446 0.19399538106235567 0.04583333333333333
0 0.371824480369515 0.35208333333333336 0.21709006928406466 0.05694444444444444
0 0.3683602771362587 0.42291666666666666 0.20554272517321015 0.04583333333333333
0 0.6351039260969977 0.29097222222222224 0.21709006928406466 0.05138888888888889
0 0.6766743648960739 0.35625 0.22170900692840648 0.04583333333333333
0 0.6558891454965358 0.4201388888888889 0.22170900692840648 0.0625
0 0.648960739030023 0.48680555555555555 0.24018475750577367 0.05694444444444444
0 0.6478060046189377 0.5513888888888889 0.23787528868360278 0.05277777777777778
0 0.6581986143187067 0.6222222222222222 0.23556581986143188 0.05555555555555555
0 0.37528868360277134 0.6138888888888889 0.2840646651270208 0.06666666666666667
0 0.2517321016166282 0.7361111111111112 0.279445727482679 0.7902777777777777 0.47344110854503463 0.7666666666666667 0.45496535796766746 0.7291666666666666
0 0.6824480369515011 0.81875 0.21478060046189376 0.05138888888888889
0 0.3406466512702079 0.8916666666666667 0.21016166281755197 0.05555555555555555
0 0.663972286374134 0.8916666666666667 0.21478060046189376 0.05555555555555555
0 0.13279445727482678 0.8743055555555556 0.10854503464203233 0.11805555555555555