0 0.25596816976127323 0.6222222222222222 0.3156498673740053 0.075
0 0.8103448275862069 0.63125 0.2838196286472148 0.07916666666666666
0 0.2612732095490716 0.15 0.3209549071618037 0.058333333333333334
0 0.5610079575596817 0.1527777777777778 0.20954907161803712 0.041666666666666664
0 0.2692307692307692 0.22916666666666666 0.246684350132626 0.05555555555555555
0 0.41644562334217505 0.19722222222222222 0.4005305039787798 0.23333333333333334 0.4244031830238727 0.25555555555555554 0.7480106100795756 0.2388888888888889 0.7427055702917772 0.18611111111111112
0 0.29310344827586204 0.30416666666666664 0.27320954907161804 0.05555555555555555
0 0.5689655172413793 0.30277777777777776 0.23607427055702918 0.04722222222222222
0 0.3063660477453581 0.3659722222222222 0.22015915119363394 0.05694444444444444
0 0.5517241379310345 0.36180555555555555 0.22811671087533156 0.05138888888888889
0 0.2864721485411141 0.4270833333333333 0.2493368700265252 0.05694444444444444
0 0.5437665782493368 0.42430555555555555 0.22281167108753316 0.04861111111111111
0 0.2917771883289125 0.4979166666666667 0.2864721485411141 0.059722222222222225
0 0.5583554376657824 0.4895833333333333 0.20954907161803712 0.04861111111111111
0 0.5729442970822282 0.5527777777777778 0.2546419098143236 0.04722222222222222
0 0.1246684350132626 0.6819444444444445 0.13793103448275862 0.7402777777777778 0.4244031830238727 0.7180555555555556 0.40583554376657827 0.6680555555555555
0 0.5636604774535809 0.6923611111111111 0.246684350132626 0.05416666666666667
0 0.29973474801061006 0.7645833333333333 0.23872679045092837 0.04583333333333333
0 0.5888594164456233 0.7631944444444444 0.2864721485411141 0.05138888888888889
0 0.28779840848806365 0.8277777777777777 0.2625994694960212 0.058333333333333334
0 0.3076923076923077 0.9048611111111111 0.2546419098143236 0.04861111111111111
0 0.5875331564986738 0.9 0.27851458885941643 0.041666666666666664