0 0.6796296296296296 0.3472222222222222 0.3296296296296296 0.059941520467836254
0 0.7148148148148148 0.13961988304093567 0.35555555555555557 0.06286549707602339
0 0.3111111111111111 0.34649122807017546 0.3925925925925926 0.06725146198830409
0 0.6833333333333333 0.49122807017543857 0.3296296296296296 0.05847953216374269
0 0.6685185185185185 0.28289473684210525 0.34444444444444444 0.054093567251461985
0 0.3282962962962963 0.13622807017543861 0.3333333333333333 0.05448830409356726
0 0.34007407407407403 0.20733918128654968 0.35688888888888887 0.04785087719298245
0 0.6986666666666667 0.2106578947368421 0.3265925925925926 0.051827485380116965
0 0.31985185185185183 0.42198830409356725 0.32996296296296296 0.043859649122807015
0 0.3064074074074074 0.4944152046783626 0.30977777777777776 0.0558187134502924
0 0.28955555555555557 0.5628654970760234 0.39055555555555554 0.051827485380116965
0 0.7154814814814815 0.5595467836257311 0.3804814814814815 0.050511695906432744
0 0.30977777777777776 0.6326461988304094 0.33670370370370367 0.05847953216374269
0 0.3282962962962963 0.7642251461988304 0.3333333333333333 0.053157894736842105
0 0.7407407407407407 0.8379824561403508 0.41077777777777774 0.06247076023391812
0 0.32155555555555554 0.9104239766081872 0.3265925925925926 0.05847953216374269
0 0.7390740740740741 0.9137426900584795 0.3737407407407407 0.06247076023391812