0 0.09 0.15069444444444444 0.11454545454545455 0.0763888888888889
0 0.1918181818181818 0.15486111111111112 0.07818181818181819 0.05416666666666667
0 0.09045454545454545 0.22777777777777777 0.09181818181818181 0.06111111111111111
0 0.20136363636363636 0.21944444444444444 0.12636363636363637 0.058333333333333334
0 0.09727272727272727 0.3 0.09272727272727273 0.06388888888888888
0 0.19227272727272726 0.3013888888888889 0.08636363636363636 0.05
0 0.10772727272727273 0.3638888888888889 0.07181818181818182 0.05277777777777778
0 0.19136363636363637 0.36319444444444443 0.08272727272727273 0.05138888888888889
0 0.09772727272727273 0.4284722222222222 0.09 0.05138888888888889
0 0.18954545454545454 0.4215277777777778 0.07727272727272727 0.04583333333333333
0 0.10136363636363636 0.4986111111111111 0.09727272727272727 0.06111111111111111
0 0.19363636363636363 0.49444444444444446 0.07818181818181819 0.05555555555555555
0 0.19454545454545455 0.5548611111111111 0.08363636363636363 0.05416666666666667
0 0.28136363636363637 0.6347222222222222 0.09909090909090909 0.07222222222222222
0 0.09863636363636363 0.6270833333333333 0.08818181818181818 0.0625
0 0.09363636363636364 0.6993055555555555 0.10363636363636364 0.059722222222222225
0 0.19590909090909092 0.6923611111111111 0.08454545454545455 0.05694444444444444
0 0.10590909090909091 0.7652777777777777 0.07545454545454545 0.05
0 0.20045454545454544 0.7625 0.09727272727272727 0.05555555555555555
0 0.10454545454545454 0.8291666666666667 0.08363636363636363 0.058333333333333334
0 0.105 0.9 0.08454545454545455 0.06388888888888888
0 0.19818181818181818 0.9013888888888889 0.08181818181818182 0.05555555555555555
0 0.4209090909090909 0.15138888888888888 0.08181818181818182 0.05277777777777778
0 0.5168181818181818 0.15833333333333333 0.08636363636363636 0.058333333333333334
0 0.4209090909090909 0.2222222222222222 0.08727272727272728 0.05
0 0.5113636363636364 0.225 0.08636363636363636 0.05277777777777778
0 0.5113636363636364 0.2951388888888889 0.09363636363636364 0.04861111111111111
0 0.4159090909090909 0.35694444444444445 0.09727272727272727 0.058333333333333334
0 0.5109090909090909 0.35625 0.08 0.05416666666666667
0 0.41863636363636364 0.42569444444444443 0.08454545454545455 0.05416666666666667
0 0.4159090909090909 0.49236111111111114 0.08636363636363636 0.0625
0 0.5113636363636364 0.4930555555555556 0.08454545454545455 0.05277777777777778
0 0.4131818181818182 0.5555555555555556 0.1009090909090909 0.058333333333333334
0 0.514090909090909 0.5548611111111111 0.08636363636363636 0.04861111111111111
0 0.41454545454545455 0.6215277777777778 0.08363636363636363 0.05416666666666667
0 0.4209090909090909 0.7534722222222222 0.08363636363636363 0.04583333333333333
0 0.5231818181818182 0.8215277777777777 0.09909090909090909 0.05694444444444444
0 0.4209090909090909 0.8902777777777777 0.08545454545454545 0.058333333333333334
0 0.5218181818181818 0.8902777777777777 0.09090909090909091 0.06111111111111111
0 0.6577272727272727 0.8791666666666667 0.04090909090909091 0.1111111111111111
0 0.7386363636363636 0.8909722222222223 0.0809090909090909 0.05416666666666667
0 0.745 0.7534722222222222 0.08636363636363636 0.059722222222222225
0 0.7536363636363637 0.6173611111111111 0.10909090909090909 0.0625
0 0.7504545454545455 0.41944444444444445 0.0809090909090909 0.04722222222222222
0 0.7509090909090909 0.34930555555555554 0.08363636363636363 0.05416666666666667
0 0.7522727272727273 0.2798611111111111 0.07727272727272727 0.04861111111111111
0 0.7454545454545455 0.21041666666666667 0.09090909090909091 0.05416666666666667
0 0.7490909090909091 0.13958333333333334 0.08545454545454545 0.04583333333333333
0 0.8586363636363636 0.2881944444444444 0.08272727272727273 0.04861111111111111
0 0.8690909090909091 0.3527777777777778 0.09454545454545454 0.05277777777777778
0 0.8681818181818182 0.41805555555555557 0.08727272727272728 0.058333333333333334
0 0.8604545454545455 0.48125 0.09181818181818181 0.05416666666666667
0 0.8622727272727273 0.5534722222222223 0.08636363636363636 0.043055555555555555
0 0.865 0.6222222222222222 0.08272727272727273 0.05
0 0.8704545454545455 0.8208333333333333 0.08636363636363636 0.044444444444444446
0 0.8690909090909091 0.8895833333333333 0.08727272727272728 0.04861111111111111