0 0.8869791666666667 0.1310185185185185 0.8924479166666667 0.1337962962962963 0.8950520833333333 0.13935185185185187 0.8973958333333333 0.2050925925925926 0.8963541666666667 0.24074074074074073 0.8924479166666667 0.2462962962962963 0.8869791666666667 0.24861111111111112 0.8755208333333333 0.24768518518518517 0.86953125 0.23657407407407408 0.8692708333333333 0.18333333333333332 0.8666666666666667 0.16111111111111112 0.871875 0.13518518518518519 0.88671875 0.1310185185185185
0 0.7690104166666667 0.12546296296296297 0.77890625 0.12731481481481483 0.7828125 0.13287037037037036 0.7848958333333333 0.17824074074074073 0.7830729166666667 0.22314814814814815 0.7703125 0.2310185185185185 0.76484375 0.2273148148148148 0.76328125 0.22037037037037038 0.7583333333333333 0.21574074074074073 0.75703125 0.13796296296296295 0.76015625 0.12916666666666668 0.76875 0.1259259259259259
0 0.6229166666666667 0.687037037037037 0.628125 0.6888888888888889 0.6325520833333333 0.6976851851851852 0.6356770833333333 0.7685185185185185 0.6328125 0.8097222222222222 0.6299479166666667 0.8175925925925925 0.6239583333333333 0.8208333333333333 0.6088541666666667 0.8185185185185185 0.6041666666666666 0.8041666666666667 0.6059895833333333 0.7870370370370371 0.6049479166666667 0.7523148148148148 0.6091145833333333 0.6967592592592593 0.6127604166666667 0.6884259259259259 0.62265625 0.687037037037037
0 0.70390625 0.25925925925925924 0.7078125 0.26157407407407407 0.7109375 0.27175925925925926 0.7111979166666667 0.34629629629629627 0.7098958333333333 0.36018518518518516 0.7028645833333333 0.36435185185185187 0.6924479166666667 0.36342592592592593 0.6869791666666667 0.3578703703703704 0.6848958333333334 0.2726851851851852 0.6854166666666667 0.2652777777777778 0.6890625 0.25972222222222224 0.69609375 0.2574074074074074 0.7036458333333333 0.25925925925925924
0 0.703125 0.13055555555555556 0.709375 0.13703703703703704 0.7106770833333333 0.20972222222222223 0.7072916666666667 0.22453703703703703 0.6989583333333333 0.22870370370370371 0.6888020833333334 0.2273148148148148 0.6854166666666667 0.22083333333333333 0.6854166666666667 0.14027777777777778 0.6893229166666667 0.13194444444444445 0.7028645833333333 0.13055555555555556
0 0.9604166666666667 0.13148148148148148 0.9700520833333334 0.13703703703703704 0.9744791666666667 0.15138888888888888 0.9747395833333333 0.2300925925925926 0.97109375 0.23796296296296296 0.9640625 0.24259259259259258 0.9518229166666666 0.23842592592592593 0.94765625 0.23148148148148148 0.9453125 0.22175925925925927 0.9447916666666667 0.15046296296296297 0.9494791666666667 0.1361111111111111 0.96015625 0.13148148148148148
0 0.8119791666666667 0.1111111111111111 0.8182291666666667 0.11805555555555555 0.82109375 0.1300925925925926 0.8229166666666666 0.1865740740740741 0.81875 0.2074074074074074 0.8106770833333333 0.21203703703703702 0.80078125 0.2101851851851852 0.7950520833333333 0.20277777777777778 0.79609375 0.17546296296296296 0.7940104166666667 0.13287037037037036 0.7966145833333333 0.11944444444444445 0.8002604166666667 0.11296296296296296 0.81171875 0.1111111111111111
0 0.8596354166666667 0.6995370370370371 0.865625 0.7027777777777777 0.86953125 0.7101851851851851 0.8723958333333334 0.7675925925925926 0.871875 0.8106481481481481 0.86953125 0.8162037037037037 0.8627604166666667 0.8189814814814815 0.84765625 0.8152777777777778 0.8440104166666667 0.8069444444444445 0.8427083333333333 0.7939814814814815 0.84375 0.7675925925925926 0.84140625 0.7111111111111111 0.8479166666666667 0.700462962962963 0.859375 0.6995370370370371
0 0.89921875 0.26435185185185184 0.9049479166666666 0.26851851851851855 0.9078125 0.27546296296296297 0.909375 0.29305555555555557 0.9130208333333333 0.3037037037037037 0.91015625 0.31342592592592594 0.9125 0.3490740740740741 0.9114583333333334 0.36666666666666664 0.90859375 0.3731481481481482 0.8994791666666667 0.3773148148148148 0.8875 0.3763888888888889 0.8802083333333334 0.36435185185185187 0.8799479166666667 0.3537037037037037 0.8822916666666667 0.3449074074074074 0.8817708333333333 0.3055555555555556 0.8776041666666666 0.2935185185185185 0.878125 0.2861111111111111 0.88359375 0.26944444444444443 0.8901041666666667 0.26435185185185184 0.8989583333333333 0.26435185185185184
0 0.5481770833333334 0.5421296296296296 0.5575520833333333 0.5449074074074074 0.559375 0.549537037037037 0.5578125 0.65 0.5541666666666667 0.6578703703703703 0.5484375 0.6606481481481481 0.5356770833333333 0.6578703703703703 0.5328125 0.6541666666666667 0.5315104166666667 0.6472222222222223 0.5338541666666666 0.5467592592592593 0.5369791666666667 0.5430555555555555 0.5479166666666667 0.5421296296296296
0 0.853125 0.5597222222222222 0.8645833333333334 0.5638888888888889 0.8682291666666667 0.5736111111111111 0.8651041666666667 0.6680555555555555 0.8622395833333333 0.6787037037037037 0.8572916666666667 0.6828703703703703 0.8419270833333333 0.6800925925925926 0.83828125 0.674537037037037 0.8369791666666667 0.6666666666666666 0.84140625 0.5726851851851852 0.8455729166666667 0.5625 0.8528645833333334 0.5597222222222222
0 0.7416666666666667 0.262037037037037 0.74921875 0.27175925925925926 0.7510416666666667 0.287962962962963 0.7528645833333333 0.35694444444444445 0.7515625 0.362962962962963 0.746875 0.36666666666666664 0.7309895833333333 0.3638888888888889 0.728125 0.3587962962962963 0.7270833333333333 0.350462962962963 0.7252604166666666 0.27546296296296297 0.7307291666666667 0.2638888888888889 0.74140625 0.262037037037037
0 0.6651041666666667 0.1300925925925926 0.6716145833333333 0.13333333333333333 0.6744791666666666 0.14583333333333334 0.6734375 0.22777777777777777 0.6708333333333333 0.2375 0.6614583333333334 0.2449074074074074 0.6497395833333334 0.23935185185185184 0.64609375 0.2310185185185185 0.6453125 0.21944444444444444 0.6502604166666667 0.13796296296296295 0.6559895833333333 0.1300925925925926 0.66484375 0.1300925925925926
0 0.7427083333333333 0.5458333333333333 0.7481770833333333 0.549074074074074 0.7502604166666667 0.5560185185185185 0.7497395833333333 0.6342592592592593 0.7481770833333333 0.6439814814814815 0.740625 0.6509259259259259 0.72734375 0.6481481481481481 0.72421875 0.6402777777777777 0.7247395833333333 0.5564814814814815 0.72578125 0.55 0.7286458333333333 0.5467592592592593 0.7424479166666667 0.5458333333333333
0 0.5895833333333333 0.12824074074074074 0.5971354166666667 0.13240740740740742 0.5994791666666667 0.13796296296296295 0.6005208333333333 0.1726851851851852 0.5989583333333334 0.2222222222222222 0.5955729166666667 0.2337962962962963 0.5888020833333333 0.24027777777777778 0.5815104166666667 0.23981481481481481 0.5744791666666667 0.23425925925925925 0.5716145833333334 0.22361111111111112 0.5713541666666667 0.20972222222222223 0.5744791666666667 0.1361111111111111 0.5783854166666667 0.12962962962962962 0.5893229166666667 0.12824074074074074
0 0.9359375 0.5587962962962963 0.93984375 0.562037037037037 0.94375 0.5712962962962963 0.946875 0.600462962962963 0.9466145833333334 0.6703703703703704 0.9432291666666667 0.6791666666666667 0.9375 0.6824074074074075 0.925 0.6805555555555556 0.91953125 0.6708333333333333 0.9153645833333334 0.5879629629629629 0.9161458333333333 0.5675925925925925 0.9182291666666667 0.562037037037037 0.92578125 0.5578703703703703 0.9356770833333333 0.5587962962962963
0 0.5817708333333333 0.6962962962962963 0.5903645833333333 0.6995370370370371 0.5947916666666667 0.7064814814814815 0.5950520833333334 0.7342592592592593 0.59453125 0.7550925925925925 0.5924479166666666 0.7643518518518518 0.59296875 0.8074074074074075 0.5895833333333333 0.8212962962962963 0.5791666666666667 0.825925925925926 0.5708333333333333 0.8240740740740741 0.5669270833333333 0.8175925925925925 0.565625 0.8069444444444445 0.56953125 0.7060185185185185 0.5739583333333333 0.6976851851851852 0.5815104166666667 0.6962962962962963
0 0.7072916666666667 0.5648148148148148 0.7114583333333333 0.5671296296296297 0.7127604166666667 0.5712962962962963 0.7143229166666667 0.5902777777777778 0.7138020833333333 0.6287037037037037 0.7098958333333333 0.6324074074074074 0.6919270833333333 0.6319444444444444 0.6893229166666667 0.6268518518518519 0.69140625 0.6111111111111112 0.690625 0.5671296296296297 0.6984375 0.5638888888888889 0.70703125 0.5648148148148148
0 0.7033854166666667 0.6907407407407408 0.70859375 0.6958333333333333 0.7109375 0.7050925925925926 0.71171875 0.7736111111111111 0.7104166666666667 0.8041666666666667 0.7028645833333333 0.8092592592592592 0.6848958333333334 0.8069444444444445 0.68203125 0.8027777777777778 0.68125 0.7962962962962963 0.6822916666666666 0.7356481481481482 0.68515625 0.6967592592592593 0.68984375 0.6902777777777778 0.703125 0.6907407407407408
0 0.7388020833333333 0.700462962962963 0.7419270833333333 0.7023148148148148 0.7458333333333333 0.7129629629629629 0.74921875 0.7703703703703704 0.7484375 0.7930555555555555 0.7403645833333333 0.7981481481481482 0.7268229166666667 0.7976851851851852 0.7236979166666667 0.7935185185185185 0.7190104166666667 0.7106481481481481 0.7234375 0.7023148148148148 0.7385416666666667 0.700462962962963
0 0.5424479166666667 0.6837962962962963 0.5513020833333333 0.6888888888888889 0.5536458333333333 0.6949074074074074 0.55546875 0.7546296296296297 0.55390625 0.7888888888888889 0.5505208333333333 0.7976851851851852 0.5432291666666667 0.8032407407407407 0.5330729166666667 0.8009259259259259 0.5276041666666667 0.7898148148148149 0.5278645833333333 0.7305555555555555 0.5247395833333334 0.7208333333333333 0.5252604166666667 0.7032407407407407 0.5278645833333333 0.6925925925925925 0.5328125 0.6865740740740741 0.5421875 0.6837962962962963
0 0.6265625 0.55 0.6302083333333334 0.5546296296296296 0.63203125 0.5671296296296297 0.6348958333333333 0.6486111111111111 0.63359375 0.6578703703703703 0.6302083333333334 0.6648148148148149 0.6231770833333333 0.6680555555555555 0.6104166666666667 0.6662037037037037 0.6059895833333333 0.6541666666666667 0.6033854166666667 0.5675925925925925 0.6044270833333333 0.5569444444444445 0.6072916666666667 0.5518518518518518 0.6263020833333334 0.55
0 0.6635416666666667 0.27361111111111114 0.6703125 0.2791666666666667 0.6723958333333333 0.29583333333333334 0.6705729166666666 0.35462962962962963 0.6692708333333334 0.3592592592592593 0.6653645833333334 0.36064814814814816 0.65 0.36018518518518516 0.6455729166666667 0.3523148148148148 0.6473958333333333 0.2810185185185185 0.6513020833333333 0.274537037037037 0.66328125 0.27361111111111114
0 0.8549479166666667 0.2569444444444444 0.859375 0.26296296296296295 0.8614583333333333 0.27175925925925926 0.8653645833333333 0.3449074074074074 0.8627604166666667 0.3587962962962963 0.8533854166666667 0.36157407407407405 0.8416666666666667 0.36064814814814816 0.83828125 0.35462962962962963 0.8338541666666667 0.274537037037037 0.8348958333333333 0.2638888888888889 0.8388020833333333 0.25787037037037036 0.8481770833333333 0.2550925925925926 0.8546875 0.2569444444444444
0 0.5841145833333333 0.28055555555555556 0.5984375 0.2898148148148148 0.5994791666666667 0.31666666666666665 0.59375 0.3472222222222222 0.590625 0.3861111111111111 0.5861979166666667 0.40046296296296297 0.5809895833333333 0.40555555555555556 0.56640625 0.4009259259259259 0.5627604166666667 0.39351851851851855 0.5611979166666666 0.38333333333333336 0.57109375 0.3050925925925926 0.5768229166666666 0.2828703703703704 0.5838541666666667 0.28055555555555556
0 0.7765625 0.5578703703703703 0.78671875 0.5648148148148148 0.7895833333333333 0.600462962962963 0.7895833333333333 0.6546296296296297 0.7869791666666667 0.6620370370370371 0.7796875 0.6657407407407407 0.7700520833333333 0.6648148148148149 0.7653645833333333 0.6587962962962963 0.76328125 0.6509259259259259 0.7619791666666667 0.6240740740740741 0.76328125 0.6083333333333333 0.7614583333333333 0.5675925925925925 0.765625 0.5606481481481481 0.7763020833333333 0.5578703703703703
0 0.62421875 0.2449074074074074 0.6346354166666667 0.24953703703703703 0.6369791666666667 0.25462962962962965 0.6385416666666667 0.2689814814814815 0.6375 0.34814814814814815 0.6328125 0.35555555555555557 0.62578125 0.3578703703703704 0.6151041666666667 0.3560185185185185 0.6119791666666666 0.34814814814814815 0.6109375 0.33240740740740743 0.6104166666666667 0.2587962962962963 0.6122395833333333 0.2513888888888889 0.6153645833333333 0.24768518518518517 0.6239583333333333 0.2449074074074074
0 0.8947916666666667 0.5675925925925925 0.9018229166666667 0.5708333333333333 0.9044270833333333 0.5763888888888888 0.9065104166666667 0.6277777777777778 0.90546875 0.6615740740740741 0.8981770833333333 0.6759259259259259 0.88359375 0.675 0.8802083333333334 0.6703703703703704 0.8768229166666667 0.6222222222222222 0.8791666666666667 0.5717592592592593 0.8854166666666666 0.5675925925925925 0.89453125 0.5675925925925925
0 0.5432291666666667 0.862037037037037 0.5502604166666667 0.8814814814814815 0.5520833333333334 0.8930555555555556 0.5513020833333333 0.9037037037037037 0.50546875 0.9425925925925925 0.496875 0.9472222222222222 0.49114583333333334 0.9444444444444444 0.4856770833333333 0.9273148148148148 0.48411458333333335 0.9125 0.4864583333333333 0.9041666666666667 0.52890625 0.8689814814814815 0.5393229166666667 0.861574074074074 0.54296875 0.862037037037037
0 0.6598958333333333 0.9800925925925926 0.6653645833333334 0.9833333333333333 0.6705729166666666 0.9944444444444445 0.6708333333333333 0.999537037037037 0.6424479166666667 0.999537037037037 0.6434895833333333 0.9912037037037037 0.6473958333333333 0.9833333333333333 0.6596354166666667 0.9800925925925926
0 0.8494791666666667 0.14074074074074075 0.85546875 0.14351851851851852 0.8572916666666667 0.1476851851851852 0.8583333333333333 0.2162037037037037 0.8565104166666667 0.23333333333333334 0.8526041666666667 0.23842592592592593 0.846875 0.23981481481481481 0.83515625 0.23842592592592593 0.83203125 0.2324074074074074 0.8330729166666667 0.18472222222222223 0.8317708333333333 0.15648148148148147 0.8348958333333333 0.14305555555555555 0.84921875 0.14074074074074075
0 0.7109375 0.38564814814814813 0.7528645833333333 0.3921296296296296 0.7552083333333334 0.3976851851851852 0.7549479166666667 0.42777777777777776 0.7526041666666666 0.4337962962962963 0.7489583333333333 0.4356481481481482 0.7033854166666667 0.43287037037037035 0.69453125 0.4287037037037037 0.6927083333333334 0.4199074074074074 0.6927083333333334 0.4027777777777778 0.6955729166666667 0.3902777777777778 0.7026041666666667 0.38564814814814813 0.7106770833333333 0.38564814814814813
0 0.6263020833333334 0.11203703703703703 0.6315104166666666 0.1162037037037037 0.63515625 0.12638888888888888 0.6372395833333333 0.17083333333333334 0.6348958333333333 0.2162037037037037 0.6322916666666667 0.2212962962962963 0.6244791666666667 0.22546296296296298 0.6153645833333333 0.22453703703703703 0.6109375 0.22037037037037038 0.6091145833333333 0.2050925925925926 0.6091145833333333 0.16527777777777777 0.6106770833333334 0.12314814814814815 0.6158854166666666 0.11481481481481481 0.6260416666666667 0.11203703703703703
0 0.9625 0.2564814814814815 0.9708333333333333 0.26157407407407407 0.9739583333333334 0.26851851851851855 0.9760416666666667 0.29444444444444445 0.9744791666666667 0.3578703703703704 0.9713541666666666 0.36527777777777776 0.9630208333333333 0.36944444444444446 0.94921875 0.36527777777777776 0.9432291666666667 0.3490740740740741 0.9455729166666667 0.30324074074074076 0.9434895833333333 0.2791666666666667 0.9453125 0.2689814814814815 0.9510416666666667 0.25833333333333336 0.9622395833333334 0.2564814814814815
0 0.6338541666666667 0.4310185185185185 0.6393229166666666 0.4393518518518518 0.6669270833333333 0.5175925925925926 0.6653645833333334 0.5305555555555556 0.6515625 0.5444444444444444 0.6434895833333333 0.5370370370370371 0.6223958333333334 0.4773148148148148 0.6151041666666667 0.462037037037037 0.6143229166666667 0.45092592592592595 0.6166666666666667 0.44305555555555554 0.6270833333333333 0.4310185185185185 0.63359375 0.4310185185185185
0 0.65703125 0.7023148148148148 0.6684895833333333 0.7037037037037037 0.6731770833333334 0.7106481481481481 0.671875 0.7944444444444444 0.6684895833333333 0.8101851851851852 0.6614583333333334 0.8171296296296297 0.64765625 0.8134259259259259 0.64375 0.8009259259259259 0.6458333333333334 0.7162037037037037 0.64921875 0.7032407407407407 0.6567708333333333 0.7023148148148148
0 0.78046875 0.6893518518518519 0.78671875 0.6921296296296297 0.7895833333333333 0.7055555555555556 0.7919270833333333 0.7907407407407407 0.7869791666666667 0.8083333333333333 0.7794270833333333 0.8125 0.76875 0.8092592592592592 0.7643229166666666 0.8032407407407407 0.7625 0.7833333333333333 0.7619791666666667 0.7111111111111111 0.765625 0.6916666666666667 0.7802083333333333 0.6893518518518519
0 0.7416666666666667 0.09953703703703703 0.74609375 0.10277777777777777 0.7494791666666667 0.11481481481481481 0.7481770833333333 0.19953703703703704 0.7447916666666666 0.2152777777777778 0.73515625 0.22083333333333333 0.7265625 0.2199074074074074 0.7197916666666667 0.21296296296296297 0.721875 0.17222222222222222 0.72109375 0.12638888888888888 0.7229166666666667 0.10972222222222222 0.7263020833333333 0.10231481481481482 0.7317708333333334 0.09861111111111111 0.74140625 0.09953703703703703
0 0.8177083333333334 0.5578703703703703 0.8213541666666667 0.5615740740740741 0.8234375 0.5703703703703704 0.82578125 0.6203703703703703 0.8247395833333333 0.6615740740740741 0.8166666666666667 0.6685185185185185 0.8033854166666666 0.6675925925925926 0.7984375 0.6611111111111111 0.79921875 0.6171296296296296 0.796875 0.5717592592592593 0.8005208333333333 0.5583333333333333 0.8174479166666667 0.5578703703703703
0 0.815625 0.24537037037037038 0.821875 0.2513888888888889 0.825 0.30462962962962964 0.8234375 0.3296296296296296 0.8158854166666667 0.3347222222222222 0.8033854166666666 0.3333333333333333 0.8002604166666667 0.3277777777777778 0.8010416666666667 0.30694444444444446 0.79921875 0.2740740740740741 0.8 0.2518518518518518 0.8036458333333333 0.2462962962962963 0.8153645833333333 0.24537037037037038
0 0.7796875 0.24351851851851852 0.7869791666666667 0.25092592592592594 0.78984375 0.2625 0.7903645833333334 0.3037037037037037 0.7895833333333333 0.3439814814814815 0.78671875 0.3523148148148148 0.7796875 0.35462962962962963 0.7682291666666666 0.35324074074074074 0.7640625 0.3453703703703704 0.7638020833333333 0.29953703703703705 0.7619791666666667 0.2800925925925926 0.7643229166666666 0.25046296296296294 0.7713541666666667 0.24305555555555555 0.7794270833333333 0.24351851851851852
0 0.8106770833333333 0.6939814814814815 0.82109375 0.6972222222222222 0.825 0.7064814814814815 0.8260416666666667 0.7689814814814815 0.8234375 0.8 0.8177083333333334 0.8055555555555556 0.81015625 0.8060185185185185 0.8033854166666666 0.8032407407407407 0.7994791666666666 0.7967592592592593 0.7973958333333333 0.7060185185185185 0.80078125 0.6976851851851852 0.8104166666666667 0.6944444444444444