0 0.20833333333333334 0.8787037037037037 0.04583333333333333 0.03888888888888889
0 0.190625 0.9462962962962963 0.20208333333333334 0.9407407407407408 0.2375 0.9425925925925925 0.24270833333333333 0.9537037037037037 0.24270833333333333 0.9648148148148148 0.2375 0.9777777777777777 0.20104166666666667 0.9814814814814815 0.19270833333333334 0.9796296296296296 0.18854166666666666 0.9740740740740741 0.18854166666666666 0.9537037037037037 0.190625 0.9481481481481482
0 0.95625 0.2740740740740741 0.9625 0.2759259259259259 0.9666666666666667 0.2814814814814815 0.9666666666666667 0.30185185185185187 0.95625 0.31296296296296294 0.95 0.3148148148148148 0.921875 0.31296296296296294 0.9135416666666667 0.3 0.9135416666666667 0.2851851851851852 0.9270833333333334 0.2759259259259259 0.9552083333333333 0.2740740740740741
0 0.42291666666666666 0.6074074074074074 0.45416666666666666 0.6166666666666667 0.4625 0.6222222222222222 0.46145833333333336 0.6462962962962963 0.4552083333333333 0.6518518518518519 0.4395833333333333 0.6518518518518519 0.42083333333333334 0.6462962962962963 0.41354166666666664 0.6407407407407407 0.4114583333333333 0.6351851851851852 0.4125 0.6166666666666667 0.4166666666666667 0.6092592592592593 0.421875 0.6074074074074074
0 0.23854166666666668 0.5148148148148148 0.24270833333333333 0.5185185185185185 0.24270833333333333 0.5407407407407407 0.240625 0.5462962962962963 0.19895833333333332 0.5444444444444444 0.19895833333333332 0.5185185185185185 0.20104166666666667 0.5148148148148148 0.2375 0.5148148148148148
0 0.20208333333333334 0.32407407407407407 0.20729166666666668 0.32037037037037036 0.225 0.32037037037037036 0.23854166666666668 0.32222222222222224 0.24166666666666667 0.32592592592592595 0.24166666666666667 0.35185185185185186 0.23854166666666668 0.3574074074074074 0.20104166666666667 0.35555555555555557 0.19895833333333332 0.34814814814814815 0.19895833333333332 0.3351851851851852 0.20208333333333334 0.32592592592592595
0 0.7385416666666667 0.23333333333333334 0.753125 0.22592592592592592 0.7791666666666667 0.22592592592592592 0.7822916666666667 0.23333333333333334 0.78125 0.2537037037037037 0.7739583333333333 0.25925925925925924 0.7645833333333333 0.2611111111111111 0.7427083333333333 0.2611111111111111 0.7385416666666667 0.2574074074074074 0.7354166666666667 0.24814814814814815 0.7354166666666667 0.24259259259259258 0.7385416666666667 0.2351851851851852
0 0.40625 0.7611111111111111 0.45 0.7555555555555555 0.453125 0.7574074074074074 0.4552083333333333 0.7666666666666667 0.45416666666666666 0.7814814814814814 0.45 0.7888888888888889 0.409375 0.7907407407407407 0.40520833333333334 0.7851851851851852 0.40625 0.762962962962963
0 0.8708333333333333 0.40925925925925927 0.8979166666666667 0.40925925925925927 0.9041666666666667 0.4148148148148148 0.9041666666666667 0.4425925925925926 0.8958333333333334 0.44814814814814813 0.8802083333333334 0.45 0.8572916666666667 0.45 0.8541666666666666 0.4444444444444444 0.8520833333333333 0.42407407407407405 0.8541666666666666 0.4148148148148148 0.85625 0.4111111111111111 0.8697916666666666 0.40925925925925927
0 0.7020833333333333 0.36666666666666664 0.7291666666666666 0.36666666666666664 0.7322916666666667 0.37037037037037035 0.73125 0.387037037037037 0.7229166666666667 0.4 0.6927083333333334 0.40555555555555556 0.678125 0.40185185185185185 0.6760416666666667 0.39444444444444443 0.6770833333333334 0.37592592592592594 0.6864583333333333 0.3685185185185185 0.7010416666666667 0.36666666666666664
0 0.07916666666666666 0.2777777777777778 0.08333333333333333 0.2833333333333333 0.08541666666666667 0.29259259259259257 0.084375 0.3074074074074074 0.08229166666666667 0.3111111111111111 0.07708333333333334 0.3148148148148148 0.05520833333333333 0.31851851851851853 0.03958333333333333 0.31851851851851853 0.036458333333333336 0.3111111111111111 0.035416666666666666 0.30185185185185187 0.036458333333333336 0.28703703703703703 0.040625 0.2814814814814815 0.04583333333333333 0.2796296296296296 0.078125 0.2777777777777778
0 0.5421875 0.337037037037037 0.051041666666666666 0.037037037037037035
0 0.4395833333333333 0.2722222222222222 0.453125 0.2759259259259259 0.4552083333333333 0.2833333333333333 0.453125 0.3037037037037037 0.428125 0.30925925925925923 0.41041666666666665 0.3074074074074074 0.40729166666666666 0.28888888888888886 0.4125 0.2777777777777778 0.415625 0.2759259259259259 0.43854166666666666 0.2722222222222222
0 0.7875 0.6148148148148148 0.7927083333333333 0.6203703703703703 0.7927083333333333 0.6444444444444445 0.790625 0.6481481481481481 0.778125 0.6518518518518519 0.7479166666666667 0.65 0.740625 0.6462962962962963 0.7375 0.6407407407407407 0.7364583333333333 0.6240740740740741 0.7385416666666667 0.6185185185185185 0.7489583333333333 0.6129629629629629 0.7864583333333334 0.6148148148148148
0 0.10729166666666666 0.32037037037037036 0.13333333333333333 0.32222222222222224 0.13645833333333332 0.32592592592592595 0.13645833333333332 0.35 0.12291666666666666 0.3574074074074074 0.09375 0.3574074074074074 0.08854166666666667 0.35185185185185186 0.08854166666666667 0.32592592592592595 0.09479166666666666 0.32037037037037036 0.10625 0.32037037037037036
0 0.9020833333333333 0.09444444444444444 0.909375 0.08888888888888889 0.9229166666666667 0.08888888888888889 0.9385416666666667 0.0962962962962963 0.9458333333333333 0.10555555555555556 0.94375 0.12222222222222222 0.9395833333333333 0.13148148148148148 0.9333333333333333 0.13518518518518519 0.925 0.13518518518518519 0.903125 0.12407407407407407 0.8989583333333333 0.1111111111111111 0.9020833333333333 0.0962962962962963
0 0.8520833333333333 0.20555555555555555 0.8552083333333333 0.19444444444444445 0.8625 0.19074074074074074 0.8979166666666667 0.18703703703703703 0.9020833333333333 0.19814814814814816 0.9020833333333333 0.2074074074074074 0.9010416666666666 0.21296296296296297 0.8947916666666667 0.22037037037037038 0.878125 0.22407407407407406 0.8572916666666667 0.22407407407407406 0.853125 0.21666666666666667 0.853125 0.2074074074074074
0 0.14375 0.23148148148148148 0.14375 0.25925925925925924 0.14166666666666666 0.26296296296296295 0.109375 0.26851851851851855 0.09895833333333333 0.26851851851851855 0.09583333333333334 0.26481481481481484 0.09375 0.24074074074074073 0.09583333333333334 0.2351851851851852 0.10625 0.22962962962962963 0.125 0.22777777777777777 0.13645833333333332 0.22777777777777777 0.14270833333333333 0.23148148148148148
0 0.9135416666666667 0.40370370370370373 0.9104166666666667 0.3888888888888889 0.9114583333333334 0.3814814814814815 0.9145833333333333 0.37592592592592594 0.934375 0.3685185185185185 0.96875 0.37037037037037035 0.9708333333333333 0.37592592592592594 0.9697916666666667 0.39444444444444443 0.9635416666666666 0.4 0.9489583333333333 0.40555555555555556 0.9260416666666667 0.4074074074074074 0.9145833333333333 0.40370370370370373
0 0.5645833333333333 0.412962962962963 0.5677083333333334 0.4166666666666667 0.5677083333333334 0.4425925925925926 0.5541666666666667 0.45 0.5385416666666667 0.4537037037037037 0.521875 0.45185185185185184 0.5177083333333333 0.4425925925925926 0.5177083333333333 0.43148148148148147 0.5197916666666667 0.42407407407407405 0.528125 0.4166666666666667 0.5635416666666667 0.412962962962963
0 0.2916666666666667 0.8037037037037037 0.296875 0.8092592592592592 0.296875 0.8277777777777777 0.2916666666666667 0.8351851851851851 0.28020833333333334 0.837037037037037 0.246875 0.8333333333333334 0.24479166666666666 0.8277777777777777 0.24583333333333332 0.8074074074074075 0.290625 0.8037037037037037
0 0.24375 0.08888888888888889 0.2520833333333333 0.09259259259259259 0.2552083333333333 0.10185185185185185 0.25416666666666665 0.1259259259259259 0.2520833333333333 0.13148148148148148 0.246875 0.13333333333333333 0.21770833333333334 0.13148148148148148 0.20833333333333334 0.1259259259259259 0.20520833333333333 0.11666666666666667 0.20520833333333333 0.10185185185185185 0.20833333333333334 0.09259259259259259 0.221875 0.08703703703703704 0.24270833333333333 0.08888888888888889
0 0.25416666666666665 0.562962962962963 0.2604166666666667 0.5592592592592592 0.296875 0.5592592592592592 0.2989583333333333 0.562962962962963 0.29791666666666666 0.5888888888888889 0.28958333333333336 0.5944444444444444 0.2552083333333333 0.5925925925925926 0.2520833333333333 0.5851851851851851 0.2520833333333333 0.5703703703703704 0.25416666666666665 0.5648148148148148
0 0.28958333333333336 0.17777777777777778 0.29270833333333335 0.18333333333333332 0.29270833333333335 0.20185185185185187 0.28854166666666664 0.2111111111111111 0.28229166666666666 0.21481481481481482 0.24895833333333334 0.21296296296296297 0.24583333333333332 0.20555555555555555 0.246875 0.18888888888888888 0.25104166666666666 0.17962962962962964 0.25729166666666664 0.17592592592592593 0.28854166666666664 0.17777777777777778
0 0.078125 0.4203703703703704 0.08229166666666667 0.42962962962962964 0.08125 0.44814814814814813 0.07708333333333334 0.4537037037037037 0.07083333333333333 0.45555555555555555 0.03854166666666667 0.45555555555555555 0.035416666666666666 0.45 0.034375 0.43148148148148147 0.036458333333333336 0.42407407407407405 0.042708333333333334 0.4203703703703704 0.07708333333333334 0.4203703703703704
0 0.28958333333333336 0.3648148148148148 0.29270833333333335 0.3685185185185185 0.29375 0.37592592592592594 0.29270833333333335 0.3925925925925926 0.290625 0.3962962962962963 0.2833333333333333 0.4 0.25729166666666664 0.40185185185185185 0.24791666666666667 0.4 0.24583333333333332 0.39444444444444443 0.24375 0.37962962962962965 0.24895833333333334 0.36666666666666664 0.2635416666666667 0.362962962962963 0.28854166666666664 0.3648148148148148
0 0.053125 0.562962962962963 0.06875 0.5648148148148148 0.075 0.5722222222222222 0.07395833333333333 0.5944444444444444 0.06979166666666667 0.5981481481481481 0.059375 0.6 0.03229166666666667 0.6 0.029166666666666667 0.5981481481481481 0.025 0.587037037037037 0.026041666666666668 0.5722222222222222 0.03125 0.5648148148148148 0.052083333333333336 0.562962962962963
0 0.23125 0.3685185185185185 0.23958333333333334 0.37222222222222223 0.24270833333333333 0.37962962962962965 0.24270833333333333 0.39814814814814814 0.234375 0.40555555555555556 0.2 0.40555555555555556 0.19479166666666667 0.3962962962962963 0.19583333333333333 0.37962962962962965 0.20208333333333334 0.3685185185185185 0.23020833333333332 0.3685185185185185
0 0.078125 0.5333333333333333 0.08125 0.5296296296296297 0.11041666666666666 0.524074074074074 0.13229166666666667 0.524074074074074 0.13541666666666666 0.5333333333333333 0.13541666666666666 0.55 0.13229166666666667 0.5574074074074075 0.08333333333333333 0.5648148148148148 0.07708333333333334 0.5611111111111111 0.07604166666666666 0.5425925925925926 0.078125 0.5351851851851852
0 0.909375 0.7574074074074074 0.9125 0.7648148148148148 0.9125 0.7814814814814814 0.9104166666666667 0.7851851851851852 0.9 0.7888888888888889 0.8666666666666667 0.7888888888888889 0.8635416666666667 0.7851851851851852 0.8614583333333333 0.774074074074074 0.8625 0.7611111111111111 0.865625 0.7574074074074074 0.8791666666666667 0.7555555555555555 0.9083333333333333 0.7574074074074074
0 0.890625 0.8194444444444444 0.05416666666666667 0.03888888888888889
0 0.6 0.5277777777777778 0.05625 0.040740740740740744
0 0.896875 0.08518518518518518 0.8989583333333333 0.09074074074074075 0.8979166666666667 0.10740740740740741 0.8947916666666667 0.11481481481481481 0.884375 0.12037037037037036 0.853125 0.11851851851851852 0.8489583333333334 0.10925925925925926 0.8489583333333334 0.09259259259259259 0.8510416666666667 0.08888888888888889 0.8645833333333334 0.08333333333333333 0.8958333333333334 0.08518518518518518
0 0.5645833333333333 0.5185185185185185 0.5677083333333334 0.524074074074074 0.5677083333333334 0.5407407407407407 0.5645833333333333 0.5462962962962963 0.53125 0.5574074074074075 0.521875 0.5574074074074075 0.5197916666666667 0.5537037037037037 0.5197916666666667 0.5425925925925926 0.525 0.5296296296296297 0.5291666666666667 0.5296296296296297 0.540625 0.5203703703703704 0.5572916666666666 0.5166666666666667 0.5635416666666667 0.5185185185185185
0 0.8854166666666666 0.7222222222222222 0.04583333333333333 0.037037037037037035
0 0.39791666666666664 0.6074074074074074 0.4041666666666667 0.6148148148148148 0.403125 0.6388888888888888 0.396875 0.6444444444444445 0.384375 0.6462962962962963 0.3572916666666667 0.6444444444444445 0.3541666666666667 0.6370370370370371 0.35520833333333335 0.6148148148148148 0.3645833333333333 0.6092592592592593 0.396875 0.6074074074074074
0 0.44166666666666665 0.3648148148148148 0.45416666666666666 0.36666666666666664 0.459375 0.37962962962962965 0.459375 0.387037037037037 0.45625 0.39814814814814814 0.4510416666666667 0.40370370370370373 0.4125 0.4 0.4083333333333333 0.3925925925925926 0.409375 0.37222222222222223 0.41458333333333336 0.3648148148148148 0.440625 0.3648148148148148
0 0.075 0.7018518518518518 0.075 0.7296296296296296 0.04375 0.7351851851851852 0.029166666666666667 0.7314814814814815 0.029166666666666667 0.7092592592592593 0.03229166666666667 0.7037037037037037 0.07395833333333333 0.7018518518518518
0 0.2864583333333333 0.31851851851851853 0.290625 0.3277777777777778 0.290625 0.34629629629629627 0.2875 0.35185185185185186 0.2760416666666667 0.35555555555555557 0.24791666666666667 0.3537037037037037 0.24583333333333332 0.34814814814814815 0.246875 0.32592592592592595 0.25416666666666665 0.32037037037037036 0.28541666666666665 0.31851851851851853
0 0.7822916666666667 0.7537037037037037 0.7864583333333334 0.7555555555555555 0.790625 0.762962962962963 0.7916666666666666 0.7777777777777778 0.7895833333333333 0.7870370370370371 0.7802083333333333 0.7907407407407407 0.7416666666666667 0.7907407407407407 0.7364583333333333 0.7833333333333333 0.7333333333333333 0.7648148148148148 0.734375 0.7611111111111111 0.7427083333333333 0.7537037037037037 0.78125 0.7537037037037037
0 0.28854166666666664 0.22592592592592592 0.29375 0.22777777777777777 0.29791666666666666 0.23333333333333334 0.29791666666666666 0.2537037037037037 0.29270833333333335 0.26296296296296295 0.25104166666666666 0.26296296296296295 0.24791666666666667 0.2518518518518518 0.24895833333333334 0.24074074074074073 0.25416666666666665 0.22962962962962963 0.2875 0.22592592592592592
0 0.4375 0.575 0.05 0.03888888888888889
0 0.08541666666666667 0.2351851851851852 0.08854166666666667 0.23703703703703705 0.090625 0.24444444444444444 0.090625 0.2574074074074074 0.08854166666666667 0.26481481481481484 0.084375 0.26851851851851855 0.052083333333333336 0.26851851851851855 0.04583333333333333 0.26296296296296295 0.04479166666666667 0.2537037037037037 0.04583333333333333 0.24259259259259258 0.051041666666666666 0.2351851851851852 0.084375 0.2351851851851852
0 0.29375 0.6574074074074074 0.29791666666666666 0.6592592592592592 0.30104166666666665 0.6703703703703704 0.2989583333333333 0.687037037037037 0.2916666666666667 0.6944444444444444 0.2791666666666667 0.6962962962962963 0.25104166666666666 0.6925925925925925 0.24895833333333334 0.6888888888888889 0.25 0.6648148148148149 0.25416666666666665 0.6592592592592592 0.29270833333333335 0.6574074074074074
0 0.7791666666666667 0.31851851851851853 0.7822916666666667 0.32407407407407407 0.7822916666666667 0.3425925925925926 0.7760416666666666 0.35185185185185186 0.7614583333333333 0.35555555555555557 0.7354166666666667 0.35185185185185186 0.7322916666666667 0.3425925925925926 0.7322916666666667 0.3277777777777778 0.7385416666666667 0.32037037037037036 0.7489583333333333 0.31666666666666665 0.778125 0.31851851851851853
0 0.90625 0.5611111111111111 0.9083333333333333 0.5666666666666667 0.9072916666666667 0.5814814814814815 0.9052083333333333 0.5851851851851851 0.8916666666666667 0.5907407407407408 0.8666666666666667 0.5907407407407408 0.8635416666666667 0.587037037037037 0.8614583333333333 0.5648148148148148 0.865625 0.5592592592592592 0.9052083333333333 0.5611111111111111
0 0.621875 0.5648148148148148 0.6229166666666667 0.5925925925925926 0.61875 0.5962962962962963 0.6072916666666667 0.5981481481481481 0.5802083333333333 0.5981481481481481 0.5739583333333333 0.5851851851851851 0.5739583333333333 0.5703703703703704 0.584375 0.5648148148148148 0.6208333333333333 0.5648148148148148
0 0.9479166666666666 0.6055555555555555 0.9614583333333333 0.6092592592592593 0.9666666666666667 0.6166666666666667 0.9666666666666667 0.6351851851851852 0.9635416666666666 0.6407407407407407 0.9270833333333334 0.6407407407407407 0.9177083333333333 0.6333333333333333 0.9166666666666666 0.6148148148148148 0.9208333333333333 0.6055555555555555 0.946875 0.6055555555555555
0 0.9635416666666666 0.7537037037037037 0.9697916666666667 0.7574074074074074 0.971875 0.7814814814814814 0.9708333333333333 0.7851851851851852 0.9625 0.7888888888888889 0.9270833333333334 0.7870370370370371 0.9229166666666667 0.7833333333333333 0.9208333333333333 0.7685185185185185 0.9208333333333333 0.7592592592592593 0.925 0.7537037037037037 0.9625 0.7537037037037037
0 0.7333333333333333 0.7092592592592593 0.7354166666666667 0.7129629629629629 0.7354166666666667 0.7314814814814815 0.73125 0.7388888888888889 0.703125 0.7407407407407407 0.690625 0.7388888888888889 0.684375 0.7314814814814815 0.684375 0.7185185185185186 0.6885416666666667 0.7092592592592593 0.70625 0.7055555555555556 0.7322916666666667 0.7092592592592593
0 0.11979166666666667 0.7537037037037037 0.12604166666666666 0.7574074074074074 0.13020833333333334 0.7666666666666667 0.13020833333333334 0.7722222222222223 0.12395833333333334 0.7851851851851852 0.11666666666666667 0.7870370370370371 0.084375 0.7851851851851852 0.08333333333333333 0.7666666666666667 0.08854166666666667 0.7574074074074074 0.11875 0.7537037037037037
0 0.40729166666666666 0.2351851851851852 0.409375 0.2462962962962963 0.4083333333333333 0.2611111111111111 0.4010416666666667 0.26666666666666666 0.365625 0.26666666666666666 0.3625 0.26481481481481484 0.3614583333333333 0.24444444444444444 0.36666666666666664 0.23333333333333334 0.3697916666666667 0.23148148148148148 0.40208333333333335 0.23148148148148148 0.40625 0.2351851851851852
0 0.2947916666666667 0.2777777777777778 0.29791666666666666 0.29259259259259257 0.296875 0.3055555555555556 0.29270833333333335 0.3111111111111111 0.2864583333333333 0.31296296296296294 0.25104166666666666 0.31296296296296294 0.246875 0.3037037037037037 0.24791666666666667 0.28888888888888886 0.253125 0.2777777777777778 0.29375 0.2777777777777778
0 0.3859375 0.19907407407407407 0.046875 0.03888888888888889
0 0.2375 0.7537037037037037 0.23854166666666668 0.7759259259259259 0.23645833333333333 0.7814814814814814 0.20833333333333334 0.7870370370370371 0.19375 0.7870370370370371 0.19166666666666668 0.7833333333333333 0.19166666666666668 0.7611111111111111 0.19375 0.7574074074074074 0.21979166666666666 0.7518518518518519 0.23645833333333333 0.7537037037037037
0 0.465625 0.17222222222222222 0.46770833333333334 0.17962962962962964 0.4666666666666667 0.20555555555555555 0.46041666666666664 0.2111111111111111 0.44166666666666665 0.21296296296296297 0.41458333333333336 0.2111111111111111 0.4125 0.2037037037037037 0.41354166666666664 0.1814814814814815 0.428125 0.17407407407407408 0.46458333333333335 0.17222222222222222
0 0.10989583333333333 0.675 0.051041666666666666 0.03888888888888889
0 0.13854166666666667 0.2740740740740741 0.14270833333333333 0.2814814814814815 0.14270833333333333 0.30185185185185187 0.140625 0.3074074074074074 0.115625 0.31296296296296294 0.096875 0.3111111111111111 0.09479166666666666 0.3074074074074074 0.09583333333333334 0.2833333333333333 0.09895833333333333 0.2777777777777778 0.10520833333333333 0.2740740740740741 0.1375 0.2740740740740741
0 0.45625 0.7 0.459375 0.7055555555555556 0.459375 0.725925925925926 0.453125 0.7333333333333333 0.4354166666666667 0.737037037037037 0.40625 0.737037037037037 0.403125 0.7277777777777777 0.4041666666666667 0.7092592592592593 0.4166666666666667 0.7018518518518518 0.4322916666666667 0.7018518518518518 0.440625 0.6981481481481482 0.4552083333333333 0.7
0 0.9802083333333333 0.28888888888888886 0.9739583333333334 0.26666666666666666 0.9739583333333334 0.2222222222222222 0.9791666666666666 0.2111111111111111 0.9864583333333333 0.20555555555555555 0.9989583333333333 0.2074074074074074 0.9989583333333333 0.29074074074074074 0.9833333333333333 0.29259259259259257 0.98125 0.28888888888888886
0 0.5645833333333333 0.08703703703703704 0.5677083333333334 0.09444444444444444 0.5666666666666667 0.11851851851851852 0.5604166666666667 0.1259259259259259 0.5489583333333333 0.12777777777777777 0.5260416666666666 0.12777777777777777 0.5208333333333334 0.12407407407407407 0.51875 0.11666666666666667 0.5208333333333334 0.10185185185185185 0.525 0.09444444444444444 0.5354166666666667 0.08703703703703704 0.5635416666666667 0.08703703703703704
0 0.12708333333333333 0.4166666666666667 0.14375 0.4203703703703704 0.14583333333333334 0.42407407407407405 0.146875 0.4388888888888889 0.140625 0.45185185185185184 0.12291666666666666 0.4537037037037037 0.09479166666666666 0.45 0.09270833333333334 0.4462962962962963 0.09270833333333334 0.42407407407407405 0.09479166666666666 0.4185185185185185 0.12604166666666666 0.4166666666666667
0 0.19583333333333333 0.6111111111111112 0.20104166666666667 0.6074074074074074 0.240625 0.6092592592592593 0.24375 0.6185185185185185 0.24375 0.6296296296296297 0.240625 0.6388888888888888 0.20625 0.6425925925925926 0.19479166666666667 0.6370370370370371 0.19375 0.6166666666666667 0.19583333333333333 0.6129629629629629
0 0.865625 0.8888888888888888 0.8635416666666667 0.8759259259259259 0.8635416666666667 0.8648148148148148 0.865625 0.8574074074074074 0.8927083333333333 0.8537037037037037 0.9041666666666667 0.8537037037037037 0.9104166666666667 0.8574074074074074 0.9145833333333333 0.8648148148148148 0.915625 0.8833333333333333 0.9114583333333334 0.8907407407407407 0.8697916666666666 0.8925925925925926 0.8666666666666667 0.8888888888888888
0 0.4317708333333333 0.43333333333333335 0.04895833333333333 0.037037037037037035
0 0.909375 0.5111111111111111 0.9135416666666667 0.5222222222222223 0.9125 0.5407407407407407 0.909375 0.5444444444444444 0.890625 0.55 0.86875 0.55 0.8635416666666667 0.5351851851851852 0.8635416666666667 0.5222222222222223 0.865625 0.5185185185185185 0.8739583333333333 0.5148148148148148 0.9083333333333333 0.5111111111111111
0 0.7854166666666667 0.5611111111111111 0.7895833333333333 0.5648148148148148 0.790625 0.587037037037037 0.7875 0.5944444444444444 0.778125 0.5981481481481481 0.753125 0.5981481481481481 0.7447916666666666 0.5944444444444444 0.740625 0.5888888888888889 0.7385416666666667 0.5796296296296296 0.7395833333333334 0.5666666666666667 0.7479166666666667 0.5611111111111111 0.784375 0.562962962962963
0 0.04583333333333333 0.5111111111111111 0.07708333333333334 0.512962962962963 0.07916666666666666 0.5166666666666667 0.08020833333333334 0.5222222222222223 0.07395833333333333 0.5444444444444444 0.06145833333333333 0.5462962962962963 0.040625 0.5462962962962963 0.027083333333333334 0.5425925925925926 0.025 0.5314814814814814 0.026041666666666668 0.5148148148148148 0.029166666666666667 0.5111111111111111 0.04479166666666667 0.5111111111111111
0 0.7135416666666666 0.17592592592592593 0.7177083333333333 0.17777777777777778 0.71875 0.1925925925925926 0.7166666666666667 0.2037037037037037 0.709375 0.2111111111111111 0.678125 0.20925925925925926 0.675 0.2 0.675 0.18888888888888888 0.6760416666666667 0.18333333333333332 0.68125 0.17777777777777778 0.7125 0.17592592592592593
0 0.5625 0.17962962962962964 0.565625 0.18703703703703703 0.565625 0.20185185185185187 0.5635416666666667 0.20925925925925926 0.55625 0.21481481481481482 0.5208333333333334 0.2111111111111111 0.5177083333333333 0.2 0.51875 0.18703703703703703 0.521875 0.1814814814814815 0.528125 0.17777777777777778 0.5614583333333333 0.17962962962962964
0 0.2875 0.4203703703703704 0.28854166666666664 0.4444444444444444 0.28541666666666665 0.45185185185185184 0.28229166666666666 0.4537037037037037 0.2520833333333333 0.45185185185185184 0.246875 0.4444444444444444 0.246875 0.42777777777777776 0.25104166666666666 0.4203703703703704 0.25833333333333336 0.4166666666666667 0.2864583333333333 0.4203703703703704
0 0.23125 0.5592592592592592 0.24166666666666667 0.562962962962963 0.24270833333333333 0.5833333333333334 0.240625 0.5907407407407408 0.21041666666666667 0.5944444444444444 0.19583333333333333 0.5907407407407408 0.19583333333333333 0.5648148148148148 0.2 0.5592592592592592 0.23020833333333332 0.5592592592592592
0 0.596875 0.7805555555555556 0.05416666666666667 0.03888888888888889
0 0.778125 0.8018518518518518 0.7854166666666667 0.8055555555555556 0.7864583333333334 0.8296296296296296 0.784375 0.8333333333333334 0.7739583333333333 0.837037037037037 0.740625 0.8351851851851851 0.7375 0.8277777777777777 0.7375 0.8111111111111111 0.740625 0.8055555555555556 0.7447916666666666 0.8037037037037037 0.7770833333333333 0.8018518518518518
0 0.7447916666666666 0.4759259259259259 0.771875 0.47962962962962963 0.771875 0.5018518518518519 0.7697916666666667 0.5055555555555555 0.7614583333333333 0.5092592592592593 0.7322916666666667 0.5074074074074074 0.7291666666666666 0.5018518518518519 0.7291666666666666 0.48333333333333334 0.734375 0.4777777777777778 0.74375 0.4759259259259259
0 0.3625 0.8018518518518518 0.39479166666666665 0.8074074074074075 0.3958333333333333 0.8314814814814815 0.3927083333333333 0.837037037037037 0.3885416666666667 0.8388888888888889 0.35208333333333336 0.8351851851851851 0.3489583333333333 0.825925925925926 0.35 0.8111111111111111 0.3541666666666667 0.8037037037037037 0.3614583333333333 0.8018518518518518
0 0.9697916666666667 0.7037037037037037 0.9739583333333334 0.7185185185185186 0.9739583333333334 0.7296296296296296 0.9666666666666667 0.7388888888888889 0.9208333333333333 0.737037037037037 0.91875 0.7092592592592593 0.9208333333333333 0.7055555555555556 0.94375 0.7018518518518518 0.96875 0.7037037037037037
0 0.7177083333333333 0.2222222222222222 0.7260416666666667 0.22592592592592592 0.7291666666666666 0.23148148148148148 0.728125 0.2518518518518518 0.71875 0.2611111111111111 0.690625 0.2611111111111111 0.6833333333333333 0.2574074074074074 0.6802083333333333 0.24814814814814815 0.68125 0.2351851851851852 0.6864583333333333 0.22592592592592592 0.7166666666666667 0.2222222222222222
0 0.3875 0.31851851851851853 0.39791666666666664 0.32037037037037036 0.4 0.32592592592592595 0.39895833333333336 0.34814814814814815 0.39479166666666665 0.3537037037037037 0.38958333333333334 0.35555555555555557 0.3645833333333333 0.35555555555555557 0.35520833333333335 0.34814814814814815 0.35520833333333335 0.3333333333333333 0.36041666666666666 0.32222222222222224 0.36875 0.31851851851851853 0.38645833333333335 0.31851851851851853
0 0.4010416666666667 0.13518518518518519 0.4041666666666667 0.13703703703703704 0.40729166666666666 0.14629629629629629 0.40729166666666666 0.16296296296296298 0.40520833333333334 0.1685185185185185 0.39479166666666665 0.17407407407407408 0.3697916666666667 0.17777777777777778 0.36666666666666664 0.1814814814814815 0.36041666666666666 0.1814814814814815 0.35625 0.17407407407407408 0.35625 0.16111111111111112 0.3625 0.1425925925925926 0.4 0.13518518518518519
0 0.13333333333333333 0.3685185185185185 0.13854166666666667 0.37777777777777777 0.13854166666666667 0.3962962962962963 0.13541666666666666 0.40185185185185185 0.12395833333333334 0.40555555555555556 0.09270833333333334 0.40370370370370373 0.090625 0.3962962962962963 0.09166666666666666 0.37222222222222223 0.1 0.3685185185185185 0.13229166666666667 0.3685185185185185
0 0.051041666666666666 0.6277777777777778 0.07916666666666666 0.6333333333333333 0.07916666666666666 0.6574074074074074 0.07604166666666666 0.6648148148148149 0.07083333333333333 0.6666666666666666 0.05416666666666667 0.662962962962963 0.042708333333333334 0.6648148148148149 0.03333333333333333 0.6592592592592592 0.03125 0.6481481481481481 0.03333333333333333 0.6314814814814815 0.036458333333333336 0.6277777777777778 0.05 0.6277777777777778
0 0.09479166666666666 0.8518518518518519 0.128125 0.8537037037037037 0.13125 0.8592592592592593 0.13020833333333334 0.8796296296296297 0.12395833333333334 0.8870370370370371 0.08125 0.8870370370370371 0.07708333333333334 0.8814814814814815 0.078125 0.8611111111111112 0.08229166666666667 0.8555555555555555 0.09375 0.8537037037037037
0 0.8979166666666667 0.23703703703703705 0.9041666666666667 0.24259259259259258 0.9052083333333333 0.2611111111111111 0.8958333333333334 0.26851851851851855 0.8802083333333334 0.2722222222222222 0.8572916666666667 0.27037037037037037 0.8541666666666666 0.26666666666666666 0.8520833333333333 0.24814814814814815 0.85625 0.24074074074074073 0.8625 0.23703703703703705 0.896875 0.23703703703703705
0 0.9104166666666667 0.23703703703703705 0.9166666666666666 0.23333333333333334 0.9510416666666667 0.23333333333333334 0.959375 0.2388888888888889 0.959375 0.2574074074074074 0.95625 0.26296296296296295 0.9458333333333333 0.26851851851851855 0.9166666666666666 0.26851851851851855 0.909375 0.26481481481481484 0.9083333333333333 0.2518518518518518 0.9104166666666667 0.2388888888888889
0 0.9208333333333333 0.8074074074074075 0.9260416666666667 0.8037037037037037 0.9447916666666667 0.8018518518518518 0.965625 0.8037037037037037 0.9739583333333334 0.8074074074074075 0.9770833333333333 0.8222222222222222 0.9760416666666667 0.8333333333333334 0.971875 0.837037037037037 0.928125 0.837037037037037 0.9239583333333333 0.8351851851851851 0.9208333333333333 0.825925925925926 0.9208333333333333 0.8092592592592592
0 0.5604166666666667 0.8055555555555556 0.5635416666666667 0.8111111111111111 0.5635416666666667 0.8314814814814815 0.5583333333333333 0.8388888888888889 0.5458333333333333 0.8407407407407408 0.5145833333333333 0.8388888888888889 0.5104166666666666 0.8203703703703704 0.5114583333333333 0.812962962962963 0.5135416666666667 0.8092592592592592 0.5229166666666667 0.8055555555555556 0.559375 0.8055555555555556
0 0.9104166666666667 0.4648148148148148 0.9145833333333333 0.4685185185185185 0.9145833333333333 0.4925925925925926 0.896875 0.5018518518518519 0.8645833333333334 0.5 0.8583333333333333 0.49074074074074076 0.8583333333333333 0.4759259259259259 0.8625 0.4685185185185185 0.8708333333333333 0.4648148148148148 0.909375 0.4648148148148148
0 0.7677083333333333 0.37222222222222223 0.7916666666666666 0.37962962962962965 0.7927083333333333 0.4 0.7895833333333333 0.40555555555555556 0.78125 0.4111111111111111 0.753125 0.4111111111111111 0.7427083333333333 0.4074074074074074 0.7354166666666667 0.4 0.7354166666666667 0.387037037037037 0.7395833333333334 0.37592592592592594 0.7447916666666666 0.37222222222222223 0.7666666666666667 0.37222222222222223
0 0.12604166666666666 0.8018518518518518 0.13229166666666667 0.8074074074074075 0.13125 0.8296296296296296 0.12604166666666666 0.8351851851851851 0.08958333333333333 0.8351851851851851 0.08125 0.8314814814814815 0.08125 0.8111111111111111 0.084375 0.8055555555555556 0.10104166666666667 0.8018518518518518 0.125 0.8018518518518518
0 0.9041666666666667 0.2074074074074074 0.90625 0.1925925925925926 0.9125 0.18703703703703703 0.953125 0.18703703703703703 0.9552083333333333 0.19074074074074074 0.9552083333333333 0.20925925925925926 0.9520833333333333 0.22037037037037038 0.94375 0.22407407407407406 0.9145833333333333 0.22407407407407406 0.9083333333333333 0.22037037037037038 0.9052083333333333 0.20925925925925926
0 0.6989583333333333 0.5259259259259259 0.7052083333333333 0.5388888888888889 0.7041666666666667 0.55 0.6760416666666667 0.5925925925925926 0.66875 0.5981481481481481 0.6666666666666666 0.5981481481481481 0.6583333333333333 0.5851851851851851 0.6572916666666667 0.575925925925926 0.6677083333333333 0.5537037037037037 0.6791666666666667 0.5370370370370371 0.6916666666666667 0.524074074074074 0.6979166666666666 0.5259259259259259
0 0.7166666666666667 0.45740740740740743 0.721875 0.45925925925925926 0.7260416666666667 0.4703703703703704 0.725 0.48703703703703705 0.7166666666666667 0.49444444444444446 0.6791666666666667 0.4925925925925926 0.6697916666666667 0.47962962962962963 0.671875 0.4685185185185185 0.684375 0.45925925925925926 0.715625 0.45925925925925926
0 0.6333333333333333 0.8518518518518519 0.6416666666666667 0.8574074074074074 0.64375 0.8629629629629629 0.64375 0.8851851851851852 0.6375 0.8925925925925926 0.6135416666666667 0.8981481481481481 0.5947916666666667 0.8962962962962963 0.5885416666666666 0.8870370370370371 0.5885416666666666 0.8722222222222222 0.5927083333333333 0.8648148148148148 0.5989583333333334 0.8611111111111112 0.6322916666666667 0.8537037037037037
0 0.5505208333333333 0.6296296296296297 0.046875 0.037037037037037035
0 0.9697916666666667 0.4203703703703704 0.971875 0.42592592592592593 0.9708333333333333 0.4444444444444444 0.9572916666666667 0.45185185185185184 0.93125 0.45555555555555555 0.9260416666666667 0.45555555555555555 0.9177083333333333 0.45 0.9145833333333333 0.44074074074074077 0.9166666666666666 0.42777777777777776 0.9375 0.4185185185185185 0.96875 0.4203703703703704
0 0.79375 0.6648148148148149 0.7958333333333333 0.6685185185185185 0.7947916666666667 0.6888888888888889 0.7666666666666667 0.6962962962962963 0.7479166666666667 0.6962962962962963 0.74375 0.6925925925925925 0.7416666666666667 0.6851851851851852 0.7416666666666667 0.674074074074074 0.7458333333333333 0.6648148148148149 0.7572916666666667 0.6611111111111111 0.7885416666666667 0.6611111111111111 0.7927083333333333 0.6648148148148149
0 0.9083333333333333 0.6092592592592593 0.9125 0.6129629629629629 0.9125 0.6351851851851852 0.9083333333333333 0.6407407407407407 0.8885416666666667 0.6444444444444445 0.8614583333333333 0.6444444444444445 0.85625 0.6351851851851852 0.8552083333333333 0.6185185185185185 0.8614583333333333 0.6111111111111112 0.9072916666666667 0.6092592592592593
0 0.7291666666666666 0.6148148148148148 0.7322916666666667 0.6222222222222222 0.73125 0.6444444444444445 0.709375 0.65 0.6854166666666667 0.6462962962962963 0.6833333333333333 0.6425925925925926 0.68125 0.6166666666666667 0.715625 0.6129629629629629 0.728125 0.6148148148148148
0 0.9427083333333334 0.8518518518518519 0.9708333333333333 0.8518518518518519 0.9760416666666667 0.8555555555555555 0.978125 0.8648148148148148 0.978125 0.8814814814814815 0.9739583333333334 0.8870370370370371 0.9635416666666666 0.8888888888888888 0.9260416666666667 0.8870370370370371 0.9239583333333333 0.8833333333333333 0.921875 0.8592592592592593 0.9322916666666666 0.8518518518518519 0.9416666666666667 0.8518518518518519
0 0.7651041666666667 0.8675925925925926 0.053125 0.03888888888888889
0 0.240625 0.2740740740740741 0.24375 0.2814814814814815 0.24270833333333333 0.3055555555555556 0.23854166666666668 0.3111111111111111 0.22291666666666668 0.31296296296296294 0.20833333333333334 0.31296296296296294 0.20104166666666667 0.30925925925925923 0.19895833333333332 0.29259259259259257 0.20208333333333334 0.2814814814814815 0.21041666666666667 0.2740740740740741 0.23958333333333334 0.2740740740740741
0 0.4375 0.4842592592592593 0.05416666666666667 0.03888888888888889
0 0.325 0.06666666666666667 0.340625 0.12407407407407407 0.33958333333333335 0.1388888888888889 0.328125 0.14814814814814814 0.32395833333333335 0.14814814814814814 0.32083333333333336 0.1425925925925926 0.309375 0.08703703703703704 0.3104166666666667 0.07962962962962963 0.315625 0.07037037037037037 0.32395833333333335 0.06666666666666667
0 0.6270833333333333 0.6148148148148148 0.6291666666666667 0.6222222222222222 0.6291666666666667 0.6351851851851852 0.6270833333333333 0.6425925925925926 0.621875 0.6481481481481481 0.6114583333333333 0.65 0.5802083333333333 0.65 0.5760416666666667 0.6444444444444445 0.5739583333333333 0.6203703703703703 0.5802083333333333 0.6148148148148148 0.5885416666666666 0.6129629629629629 0.6260416666666667 0.6148148148148148
0 0.09166666666666666 0.17962962962962964 0.09479166666666666 0.18333333333333332 0.09375 0.2111111111111111 0.08958333333333333 0.21481481481481482 0.07708333333333334 0.21666666666666667 0.046875 0.21666666666666667 0.04479166666666667 0.21296296296296297 0.042708333333333334 0.19814814814814816 0.04375 0.18518518518518517 0.046875 0.17962962962962964 0.051041666666666666 0.17777777777777778 0.090625 0.17962962962962964
0 0.025 0.774074074074074 0.026041666666666668 0.7592592592592593 0.03125 0.75 0.07916666666666666 0.75 0.07916666666666666 0.7796296296296297 0.075 0.7870370370370371 0.06354166666666666 0.7907407407407407 0.03229166666666667 0.7925925925925926 0.028125 0.7888888888888889 0.026041666666666668 0.7759259259259259
0 0.71875 0.2796296296296296 0.7239583333333334 0.28888888888888886 0.7239583333333334 0.3055555555555556 0.715625 0.31296296296296294 0.690625 0.31851851851851853 0.6802083333333333 0.31666666666666665 0.6791666666666667 0.29259259259259257 0.6875 0.2851851851851852 0.7177083333333333 0.2796296296296296
0 0.721875 0.7555555555555555 0.7270833333333333 0.7574074074074074 0.73125 0.762962962962963 0.73125 0.7851851851851852 0.728125 0.7888888888888889 0.70625 0.7944444444444444 0.684375 0.7944444444444444 0.6822916666666666 0.7648148148148148 0.6927083333333334 0.7592592592592593 0.7208333333333333 0.7555555555555555
0 0.746875 0.737037037037037 0.74375 0.7148148148148148 0.7479166666666667 0.7092592592592593 0.753125 0.7074074074074074 0.7895833333333333 0.7092592592592593 0.7927083333333333 0.7166666666666667 0.7927083333333333 0.7314814814814815 0.7895833333333333 0.7388888888888889 0.7822916666666667 0.7407407407407407 0.7604166666666666 0.7407407407407407 0.7479166666666667 0.737037037037037
0 0.6135416666666667 0.2222222222222222 0.6197916666666666 0.22962962962962963 0.6197916666666666 0.2462962962962963 0.6177083333333333 0.2518518518518518 0.6104166666666667 0.2574074074074074 0.584375 0.2611111111111111 0.5760416666666667 0.2611111111111111 0.571875 0.25555555555555554 0.5697916666666667 0.23703703703703705 0.5739583333333333 0.22962962962962963 0.5802083333333333 0.2222222222222222 0.6125 0.2222222222222222
0 0.9041666666666667 0.3277777777777778 0.9052083333333333 0.34444444444444444 0.9020833333333333 0.35185185185185186 0.8895833333333333 0.3592592592592593 0.8802083333333334 0.3611111111111111 0.8583333333333333 0.3611111111111111 0.8541666666666666 0.3574074074074074 0.8510416666666667 0.34074074074074073 0.8552083333333333 0.3296296296296296 0.8635416666666667 0.32592592592592595 0.903125 0.3277777777777778
0 0.6229166666666667 0.8111111111111111 0.625 0.8203703703703704 0.6229166666666667 0.8388888888888889 0.615625 0.8425925925925926 0.5979166666666667 0.8444444444444444 0.5770833333333333 0.8444444444444444 0.571875 0.8407407407407408 0.5697916666666667 0.8351851851851851 0.5697916666666667 0.8203703703703704 0.571875 0.8148148148148148 0.578125 0.8111111111111111 0.5989583333333334 0.8092592592592592 0.621875 0.8111111111111111
0 0.07708333333333334 0.4685185185185185 0.08229166666666667 0.4777777777777778 0.08125 0.4925925925925926 0.075 0.5 0.0625 0.5018518518518519 0.036458333333333336 0.5 0.03333333333333333 0.4888888888888889 0.035416666666666666 0.4703703703703704 0.057291666666666664 0.4666666666666667 0.07604166666666666 0.4685185185185185
0 0.2552083333333333 0.46111111111111114 0.29375 0.4685185185185185 0.29583333333333334 0.4759259259259259 0.29375 0.4962962962962963 0.290625 0.5 0.24791666666666667 0.4981481481481482 0.24479166666666666 0.4925925925925926 0.24375 0.4777777777777778 0.24791666666666667 0.4648148148148148 0.25416666666666665 0.46296296296296297
0 0.40729166666666666 0.016666666666666666 0.43020833333333336 0.020370370370370372 0.434375 0.025925925925925925 0.43645833333333334 0.03333333333333333 0.43645833333333334 0.044444444444444446 0.4354166666666667 0.05 0.42916666666666664 0.05740740740740741 0.39791666666666664 0.05555555555555555 0.38958333333333334 0.05185185185185185 0.38645833333333335 0.040740740740740744 0.390625 0.022222222222222223 0.39375 0.018518518518518517 0.40625 0.016666666666666666
0 0.44583333333333336 0.08333333333333333 0.4625 0.08333333333333333 0.46458333333333335 0.10185185185185185 0.4635416666666667 0.1111111111111111 0.45625 0.12222222222222222 0.415625 0.12222222222222222 0.41354166666666664 0.11666666666666667 0.41354166666666664 0.1 0.4166666666666667 0.09074074074074075 0.43125 0.08518518518518518 0.44479166666666664 0.08518518518518518
0 0.26875 0.8537037037037037 0.2916666666666667 0.8555555555555555 0.29375 0.8592592592592593 0.29270833333333335 0.8851851851851852 0.2875 0.8888888888888888 0.27395833333333336 0.8907407407407407 0.26666666666666666 0.8870370370370371 0.24479166666666666 0.8870370370370371 0.24166666666666667 0.8740740740740741 0.24270833333333333 0.8592592592592593 0.24479166666666666 0.8555555555555555 0.2677083333333333 0.8555555555555555
0 0.940625 0.5574074074074075 0.9635416666666666 0.562962962962963 0.965625 0.5666666666666667 0.9666666666666667 0.5851851851851851 0.9645833333333333 0.5925925925925926 0.9541666666666667 0.5962962962962963 0.9197916666666667 0.5925925925925926 0.9145833333333333 0.587037037037037 0.9125 0.5685185185185185 0.9166666666666666 0.5592592592592592 0.9229166666666667 0.5555555555555556 0.9395833333333333 0.5574074074074075
0 0.228125 0.8037037037037037 0.23229166666666667 0.8074074074074075 0.234375 0.8166666666666667 0.23333333333333334 0.8351851851851851 0.21354166666666666 0.8388888888888889 0.19270833333333334 0.837037037037037 0.190625 0.8333333333333334 0.19166666666666668 0.8074074074074075 0.20104166666666667 0.8037037037037037 0.22708333333333333 0.8037037037037037
0 0.4041666666666667 0.08888888888888889 0.40729166666666666 0.09444444444444444 0.40729166666666666 0.11666666666666667 0.403125 0.1259259259259259 0.39895833333333336 0.12777777777777777 0.365625 0.1259259259259259 0.3625 0.11666666666666667 0.3625 0.1037037037037037 0.36666666666666664 0.09259259259259259 0.371875 0.08888888888888889 0.403125 0.08888888888888889
0 0.115625 0.48333333333333334 0.052083333333333336 0.044444444444444446
0 0.10859375 0.725 0.050520833333333334 0.04259259259259259
0 0.40390625 0.8847222222222222 0.08697916666666666 0.05092592592592592
0 0.5424479166666667 0.7231481481481481 0.05572916666666667 0.046296296296296294
0 0.37916666666666665 0.38657407407407407 0.05416666666666667 0.05092592592592592
0 0.6075520833333333 0.33611111111111114 0.0734375 0.06481481481481481
0 0.6005208333333333 0.4263888888888889 0.06354166666666666 0.04537037037037037
0 0.7614583333333333 0.18611111111111112 0.08541666666666667 0.05740740740740741
0 0.9901041666666667 0.4532407407407407 0.019791666666666666 0.09537037037037037
0 0.5380208333333333 0.8888888888888888 0.057291666666666664 0.04814814814814815
0 0.5432291666666667 0.48055555555555557 0.057291666666666664 0.04259259259259259
0 0.5416666666666666 0.3861111111111111 0.058333333333333334 0.04259259259259259