0 0.8895833333333333 0.11481481481481481 0.8950520833333333 0.1162037037037037 0.8986979166666667 0.12268518518518519 0.90234375 0.1824074074074074 0.89921875 0.22407407407407406 0.89453125 0.2300925925925926 0.8880208333333334 0.23194444444444445 0.8783854166666667 0.2310185185185185 0.8729166666666667 0.22037037037037038 0.8713541666666667 0.19907407407407407 0.8731770833333333 0.18935185185185185 0.8734375 0.16018518518518518 0.8705729166666667 0.1398148148148148 0.8763020833333334 0.11805555555555555 0.8893229166666666 0.11481481481481481
0 0.6552083333333333 0.6861111111111111 0.671875 0.6884259259259259 0.6755208333333333 0.6916666666666667 0.6765625 0.6976851851851852 0.6763020833333333 0.7763888888888889 0.6721354166666667 0.7935185185185185 0.6651041666666667 0.8004629629629629 0.6513020833333333 0.7986111111111112 0.6473958333333333 0.7893518518518519 0.64921875 0.6995370370370371 0.65078125 0.6875 0.6549479166666666 0.6861111111111111
0 0.8130208333333333 0.09351851851851851 0.8221354166666667 0.10185185185185185 0.8260416666666667 0.1300925925925926 0.82421875 0.18518518518518517 0.8213541666666667 0.1925925925925926 0.8161458333333333 0.19537037037037036 0.8036458333333333 0.19398148148148148 0.7989583333333333 0.18564814814814815 0.7984375 0.10972222222222222 0.8044270833333333 0.09537037037037037 0.8127604166666667 0.09351851851851851
0 0.7427083333333333 0.2449074074074074 0.7489583333333333 0.24814814814814815 0.753125 0.25787037037037036 0.7549479166666667 0.27546296296296297 0.7559895833333333 0.33796296296296297 0.7552083333333334 0.34444444444444444 0.7518229166666667 0.3490740740740741 0.7403645833333333 0.35138888888888886 0.7338541666666667 0.34953703703703703 0.7307291666666667 0.3425925925925926 0.728125 0.26481481481481484 0.7307291666666667 0.2513888888888889 0.7341145833333333 0.24722222222222223 0.7424479166666667 0.2449074074074074
0 0.41875 0.05277777777777778 0.4270833333333333 0.060648148148148145 0.42864583333333334 0.07222222222222222 0.41875 0.16064814814814815 0.415625 0.1685185185185185 0.40963541666666664 0.17222222222222222 0.40390625 0.17222222222222222 0.39921875 0.16805555555555557 0.39401041666666664 0.1587962962962963 0.39348958333333334 0.15092592592592594 0.40625 0.05787037037037037 0.41119791666666666 0.052314814814814814 0.41848958333333336 0.05277777777777778
0 0.9638020833333333 0.11481481481481481 0.9723958333333333 0.11851851851851852 0.97734375 0.12546296296296297 0.9791666666666666 0.19722222222222222 0.9778645833333334 0.21805555555555556 0.9731770833333333 0.22407407407407406 0.9645833333333333 0.2263888888888889 0.9567708333333333 0.22407407407407406 0.9520833333333333 0.2162037037037037 0.9502604166666667 0.19953703703703704 0.9513020833333333 0.18009259259259258 0.9486979166666667 0.1685185185185185 0.9494791666666667 0.1300925925925926 0.9544270833333334 0.11851851851851852 0.9635416666666666 0.11481481481481481
0 0.821875 0.5425925925925926 0.8244791666666667 0.5462962962962963 0.8276041666666667 0.5648148148148148 0.8291666666666667 0.6023148148148149 0.828125 0.6421296296296296 0.8255208333333334 0.65 0.8208333333333333 0.6527777777777778 0.8067708333333333 0.6518518518518519 0.8018229166666667 0.6467592592592593 0.8 0.5574074074074075 0.8036458333333333 0.5425925925925926 0.8216145833333334 0.5425925925925926
0 0.86328125 0.6837962962962963 0.8700520833333333 0.687037037037037 0.8731770833333333 0.6972222222222222 0.8755208333333333 0.7541666666666667 0.8744791666666667 0.7958333333333333 0.8708333333333333 0.8009259259259259 0.8638020833333333 0.8027777777777778 0.85078125 0.8 0.8450520833333334 0.7828703703703703 0.84765625 0.7375 0.84375 0.7046296296296296 0.8447916666666667 0.6935185185185185 0.8486979166666667 0.6865740740740741 0.8557291666666667 0.6824074074074075 0.8630208333333333 0.6837962962962963
0 0.5940104166666667 0.1111111111111111 0.5997395833333333 0.11435185185185186 0.60234375 0.12083333333333333 0.60234375 0.19814814814814816 0.59921875 0.2162037037037037 0.5950520833333334 0.22268518518518518 0.5901041666666667 0.22407407407407406 0.5783854166666667 0.21851851851851853 0.5747395833333333 0.2074074074074074 0.5744791666666667 0.19722222222222222 0.5778645833333333 0.11712962962962963 0.58359375 0.11203703703703703 0.59375 0.1111111111111111
0 0.5984375 0.2337962962962963 0.6020833333333333 0.23703703703703705 0.603125 0.24351851851851852 0.6044270833333333 0.29953703703703705 0.6033854166666667 0.3425925925925926 0.5989583333333334 0.35509259259259257 0.5919270833333333 0.3587962962962963 0.5815104166666667 0.35694444444444445 0.5763020833333333 0.34629629629629627 0.5770833333333333 0.25277777777777777 0.578125 0.23842592592592593 0.5799479166666667 0.23564814814814813 0.5869791666666667 0.23194444444444445 0.5981770833333333 0.2337962962962963
0 0.5479166666666667 0.5254629629629629 0.559375 0.5282407407407408 0.5619791666666667 0.5319444444444444 0.5604166666666667 0.6333333333333333 0.5580729166666667 0.6407407407407407 0.5513020833333333 0.6444444444444445 0.5390625 0.6421296296296296 0.5361979166666667 0.6393518518518518 0.534375 0.6314814814814815 0.53671875 0.5324074074074074 0.5393229166666667 0.5273148148148148 0.54765625 0.5254629629629629
0 0.625 0.5333333333333333 0.6317708333333333 0.5361111111111111 0.63359375 0.5416666666666666 0.6375 0.6189814814814815 0.6364583333333333 0.6407407407407407 0.6333333333333333 0.6476851851851851 0.6265625 0.6523148148148148 0.615625 0.6513888888888889 0.6106770833333334 0.6444444444444445 0.60625 0.5888888888888889 0.6059895833333333 0.5564814814814815 0.6080729166666666 0.5388888888888889 0.6122395833333333 0.5347222222222222 0.6247395833333333 0.5333333333333333
0 0.6796875 0.4462962962962963 0.68671875 0.44814814814814813 0.690625 0.4537037037037037 0.6927083333333334 0.4777777777777778 0.690625 0.487962962962963 0.67890625 0.49537037037037035 0.6377604166666667 0.5032407407407408 0.6302083333333334 0.5023148148148148 0.6252604166666667 0.49398148148148147 0.6231770833333333 0.4708333333333333 0.6265625 0.46064814814814814 0.6346354166666667 0.4550925925925926 0.6794270833333333 0.4462962962962963
0 0.6697916666666667 0.11296296296296296 0.6755208333333333 0.11712962962962963 0.6783854166666666 0.13564814814814816 0.6768229166666667 0.19212962962962962 0.678125 0.21342592592592594 0.67578125 0.22037037037037038 0.6630208333333333 0.22777777777777777 0.6541666666666667 0.225 0.64921875 0.21666666666666667 0.6479166666666667 0.20416666666666666 0.65 0.18703703703703703 0.6497395833333334 0.15694444444444444 0.65390625 0.11898148148148148 0.6583333333333333 0.11388888888888889 0.66953125 0.11296296296296296
0 0.7828125 0.5425925925925926 0.7877604166666666 0.5458333333333333 0.7911458333333333 0.5564814814814815 0.7934895833333333 0.6300925925925925 0.78984375 0.6462962962962963 0.7817708333333333 0.649537037037037 0.7723958333333333 0.6481481481481481 0.7669270833333334 0.6365740740740741 0.765625 0.5513888888888889 0.7677083333333333 0.5462962962962963 0.77265625 0.5430555555555555 0.7825520833333334 0.5425925925925926
0 0.9356770833333333 0.5416666666666666 0.94296875 0.5458333333333333 0.9481770833333333 0.5601851851851852 0.9502604166666667 0.586574074074074 0.95078125 0.6509259259259259 0.9466145833333334 0.6652777777777777 0.9354166666666667 0.6671296296296296 0.9270833333333334 0.6652777777777777 0.92265625 0.6541666666666667 0.9184895833333333 0.5662037037037037 0.9190104166666667 0.5532407407407407 0.9216145833333333 0.5467592592592593 0.9354166666666667 0.5416666666666666
0 0.7028645833333333 0.674074074074074 0.7111979166666667 0.6796296296296296 0.7138020833333333 0.6935185185185185 0.7130208333333333 0.7861111111111111 0.7114583333333333 0.7907407407407407 0.7072916666666667 0.7930555555555555 0.6890625 0.7907407407407407 0.6841145833333333 0.7828703703703703 0.6869791666666667 0.6856481481481481 0.69140625 0.675 0.7026041666666667 0.674074074074074
0 0.7424479166666667 0.6847222222222222 0.7481770833333333 0.6949074074074074 0.75234375 0.7578703703703704 0.7515625 0.7759259259259259 0.7481770833333333 0.7805555555555556 0.7424479166666667 0.7824074074074074 0.7315104166666667 0.7819444444444444 0.7268229166666667 0.7773148148148148 0.7223958333333333 0.700462962962963 0.7223958333333333 0.6925925925925925 0.7260416666666667 0.687037037037037 0.7421875 0.6847222222222222
0 0.8544270833333333 0.12453703703703704 0.8604166666666667 0.1287037037037037 0.8622395833333333 0.14027777777777778 0.8622395833333333 0.20601851851851852 0.8596354166666667 0.21944444444444444 0.8494791666666667 0.22453703703703703 0.83828125 0.2212962962962963 0.83515625 0.21388888888888888 0.8359375 0.13657407407407407 0.83828125 0.12638888888888888 0.8541666666666666 0.12453703703703704
0 0.5846354166666666 0.9893518518518518 0.5908854166666667 0.9921296296296296 0.5932291666666667 0.999537037037037 0.5669270833333333 0.999537037037037 0.5721354166666667 0.9912037037037037 0.584375 0.9893518518518518
0 0.6677083333333333 0.2569444444444444 0.6734375 0.2625 0.67578125 0.27824074074074073 0.6739583333333333 0.33611111111111114 0.6731770833333334 0.3416666666666667 0.6697916666666667 0.34444444444444444 0.6515625 0.3435185185185185 0.6489583333333333 0.337037037037037 0.6502604166666667 0.2652777777777778 0.6544270833333333 0.25787037037037036 0.6674479166666667 0.2569444444444444
0 0.8526041666666667 0.23842592592592593 0.8614583333333333 0.24305555555555555 0.8651041666666667 0.25092592592592594 0.8692708333333333 0.3199074074074074 0.8661458333333333 0.3416666666666667 0.8533854166666667 0.3458333333333333 0.8453125 0.34444444444444444 0.840625 0.33194444444444443 0.8372395833333334 0.2550925925925926 0.8380208333333333 0.24768518518518517 0.8408854166666667 0.24305555555555555 0.85234375 0.23842592592592593
0 0.7809895833333333 0.10972222222222222 0.78671875 0.11666666666666667 0.7893229166666667 0.17175925925925925 0.7869791666666667 0.2037037037037037 0.7838541666666666 0.21064814814814814 0.7799479166666666 0.21296296296296297 0.76875 0.21064814814814814 0.7619791666666667 0.20324074074074075 0.76171875 0.1537037037037037 0.759375 0.12685185185185185 0.7619791666666667 0.11435185185185186 0.7645833333333333 0.1111111111111111 0.7807291666666667 0.10972222222222222
0 0.7966145833333333 0.3768518518518518 0.82109375 0.3824074074074074 0.828125 0.38935185185185184 0.828125 0.4203703703703704 0.8260416666666667 0.4263888888888889 0.8221354166666667 0.4287037037037037 0.78671875 0.425 0.7723958333333333 0.4222222222222222 0.7669270833333334 0.41805555555555557 0.7651041666666667 0.4115740740740741 0.7653645833333333 0.39166666666666666 0.76875 0.37824074074074077 0.77734375 0.375 0.7963541666666667 0.3768518518518518
0 0.6330729166666667 0.22962962962962963 0.6377604166666667 0.2337962962962963 0.64140625 0.24814814814814815 0.6416666666666667 0.325 0.6393229166666666 0.3375 0.6302083333333334 0.34120370370370373 0.6190104166666667 0.33935185185185185 0.61484375 0.3314814814814815 0.6135416666666667 0.31851851851851853 0.6153645833333333 0.28564814814814815 0.6140625 0.24166666666666667 0.6153645833333333 0.23425925925925925 0.61875 0.2310185185185185 0.6328125 0.22962962962962963
0 0.9005208333333333 0.5523148148148148 0.9078125 0.5606481481481481 0.91015625 0.6185185185185185 0.9083333333333333 0.6509259259259259 0.9033854166666667 0.6592592592592592 0.8979166666666667 0.6615740740740741 0.8848958333333333 0.6592592592592592 0.8822916666666667 0.6541666666666667 0.8809895833333333 0.5606481481481481 0.8841145833333334 0.5532407407407407 0.9002604166666667 0.5523148148148148
0 0.66328125 0.9643518518518519 0.66953125 0.9699074074074074 0.6731770833333334 0.9773148148148149 0.6755208333333333 0.9935185185185185 0.67421875 0.999537037037037 0.6466145833333333 0.999537037037037 0.6453125 0.9958333333333333 0.6463541666666667 0.9731481481481481 0.6510416666666666 0.9657407407407408 0.6630208333333333 0.9643518518518519
0 0.903125 0.24814814814814815 0.9075520833333334 0.2513888888888889 0.9114583333333334 0.25925925925925924 0.9161458333333333 0.2865740740740741 0.9161458333333333 0.33194444444444443 0.91328125 0.35555555555555557 0.9013020833333333 0.36064814814814816 0.890625 0.3578703703703704 0.88359375 0.3472222222222222 0.8841145833333334 0.3351851851851852 0.8864583333333333 0.3287037037037037 0.8861979166666667 0.3148148148148148 0.8846354166666667 0.2884259259259259 0.8809895833333333 0.274537037037037 0.88359375 0.26296296296296295 0.88984375 0.25 0.9028645833333333 0.24814814814814815
0 0.7809895833333333 0.22685185185185186 0.7872395833333333 0.2300925925925926 0.7927083333333333 0.2449074074074074 0.79375 0.2916666666666667 0.7919270833333333 0.33101851851851855 0.7895833333333333 0.33611111111111114 0.78203125 0.3388888888888889 0.7723958333333333 0.337037037037037 0.76796875 0.3300925925925926 0.7653645833333333 0.2569444444444444 0.765625 0.24166666666666667 0.7677083333333333 0.2337962962962963 0.7731770833333333 0.22824074074074074 0.7807291666666667 0.22685185185185186
0 0.7450520833333333 0.5296296296296297 0.75234375 0.537962962962963 0.753125 0.5972222222222222 0.7518229166666667 0.6263888888888889 0.7481770833333333 0.6328703703703704 0.7434895833333334 0.6347222222222222 0.7302083333333333 0.6319444444444444 0.7276041666666667 0.6268518518518519 0.7270833333333333 0.6152777777777778 0.72890625 0.5351851851851852 0.734375 0.5296296296296297 0.7447916666666666 0.5296296296296297
0 0.6307291666666667 0.0962962962962963 0.6372395833333333 0.1037037037037037 0.6388020833333333 0.1111111111111111 0.640625 0.18796296296296297 0.6372395833333333 0.2037037037037037 0.6268229166666667 0.20879629629629629 0.61796875 0.20694444444444443 0.6138020833333333 0.19953703703703704 0.6122395833333333 0.15 0.6145833333333334 0.10601851851851851 0.61953125 0.09768518518518518 0.63046875 0.0962962962962963
0 0.9653645833333333 0.23981481481481481 0.9747395833333333 0.24444444444444444 0.978125 0.2518518518518518 0.9799479166666667 0.2972222222222222 0.9776041666666667 0.34305555555555556 0.9734375 0.35 0.9640625 0.35324074074074074 0.95234375 0.3486111111111111 0.94765625 0.3375 0.94921875 0.28379629629629627 0.9473958333333333 0.262037037037037 0.953125 0.2439814814814815 0.9575520833333333 0.24027777777777778 0.9651041666666667 0.23981481481481481
0 0.8541666666666666 0.5439814814814815 0.8697916666666666 0.55 0.871875 0.5675925925925925 0.8669270833333333 0.6574074074074074 0.86328125 0.6652777777777777 0.859375 0.6671296296296296 0.84453125 0.6648148148148149 0.8408854166666667 0.6578703703703703 0.83984375 0.6444444444444445 0.8442708333333333 0.5601851851851852 0.8484375 0.5458333333333333 0.85390625 0.5439814814814815
0 0.8619791666666666 0.9879629629629629 0.86640625 0.9907407407407407 0.8697916666666666 0.999537037037037 0.84296875 0.999537037037037 0.8450520833333334 0.9916666666666667 0.8484375 0.9879629629629629 0.86171875 0.9879629629629629
0 0.7018229166666666 0.24166666666666667 0.7104166666666667 0.2439814814814815 0.7127604166666667 0.24814814814814815 0.7151041666666667 0.2791666666666667 0.7140625 0.3384259259259259 0.7111979166666667 0.34444444444444444 0.70546875 0.34675925925925927 0.6927083333333334 0.3458333333333333 0.6893229166666667 0.33611111111111114 0.6890625 0.25092592592592594 0.6924479166666667 0.24351851851851852 0.7015625 0.24166666666666667
0 0.62421875 0.675 0.63359375 0.6800925925925926 0.6359375 0.6856481481481481 0.6380208333333334 0.7263888888888889 0.63671875 0.7893518518518519 0.6330729166666667 0.8004629629629629 0.6263020833333334 0.8046296296296296 0.6122395833333333 0.8023148148148148 0.6072916666666667 0.7935185185185185 0.61171875 0.6842592592592592 0.615625 0.6768518518518518 0.6239583333333333 0.675
0 0.7440104166666667 0 0.8075520833333333 0 0.8005208333333333 0.009722222222222222 0.7768229166666667 0.014351851851851852 0.75703125 0.023148148148148147 0.7515625 0.022685185185185187 0.7484375 0.01898148148148148 0.7447916666666666 0.010648148148148148 0.7440104166666667 0.000462962962962963
0 0.70859375 0.5476851851851852 0.715625 0.5532407407407407 0.7174479166666666 0.5671296296296297 0.7174479166666666 0.6097222222222223 0.7143229166666667 0.6157407407407407 0.6958333333333333 0.6157407407407407 0.6927083333333334 0.6101851851851852 0.69453125 0.5916666666666667 0.69296875 0.5541666666666667 0.6966145833333334 0.549074074074074 0.7083333333333334 0.5476851851851852
0 0.78671875 0.674074074074074 0.7908854166666667 0.6787037037037037 0.7940104166666667 0.700925925925926 0.79453125 0.7768518518518519 0.7911458333333333 0.7907407407407407 0.7848958333333333 0.7958333333333333 0.7721354166666666 0.7939814814814815 0.7658854166666667 0.7791666666666667 0.7651041666666667 0.6972222222222222 0.765625 0.6847222222222222 0.7682291666666666 0.675 0.7864583333333334 0.674074074074074
0 0.7036458333333333 0.11388888888888889 0.71015625 0.1162037037037037 0.7130208333333333 0.12361111111111112 0.7145833333333333 0.17175925925925925 0.71171875 0.20601851851851852 0.7002604166666667 0.21296296296296297 0.6911458333333333 0.2101851851851852 0.68828125 0.20324074074074075 0.6888020833333334 0.12268518518518519 0.6919270833333333 0.11574074074074074 0.7033854166666667 0.11388888888888889
0 0.5473958333333333 0.6675925925925926 0.553125 0.6717592592592593 0.55546875 0.6777777777777778 0.55703125 0.7685185185185185 0.55390625 0.7800925925925926 0.54453125 0.7865740740740741 0.53359375 0.7828703703703703 0.5302083333333333 0.7731481481481481 0.52890625 0.6898148148148148 0.5322916666666667 0.6717592592592593 0.5395833333333333 0.6675925925925926 0.5471354166666667 0.6675925925925926
0 0.8151041666666666 0.22824074074074074 0.821875 0.23055555555555557 0.8255208333333334 0.23796296296296296 0.8276041666666667 0.25601851851851853 0.828125 0.2972222222222222 0.8255208333333334 0.3143518518518518 0.81484375 0.31805555555555554 0.80703125 0.31666666666666665 0.803125 0.3101851851851852 0.80390625 0.2828703703703704 0.8015625 0.2550925925925926 0.8033854166666666 0.23425925925925925 0.80703125 0.22962962962962963 0.81484375 0.22824074074074074
0 0.58828125 0.6814814814814815 0.5973958333333333 0.6888888888888889 0.5986979166666667 0.700462962962963 0.5953125 0.7939814814814815 0.5919270833333333 0.8037037037037037 0.5856770833333333 0.8092592592592592 0.5778645833333333 0.8087962962962963 0.5721354166666667 0.8046296296296296 0.5690104166666666 0.7962962962962963 0.56796875 0.7824074074074074 0.5700520833333333 0.7694444444444445 0.56875 0.7550925925925925 0.5716145833333334 0.7444444444444445 0.5705729166666667 0.7291666666666666 0.57265625 0.7166666666666667 0.5736979166666667 0.6861111111111111 0.5778645833333333 0.6814814814814815 0.5880208333333333 0.6814814814814815
0 0.9997395833333333 0.4115740740740741 0.9997395833333333 0.4708333333333333 0.9848958333333333 0.4861111111111111 0.9794270833333333 0.4842592592592593 0.9729166666666667 0.475462962962963 0.96953125 0.4634259259259259 0.96875 0.45231481481481484 0.9911458333333333 0.4199074074074074 0.9994791666666667 0.4115740740740741
0 0.8229166666666666 0.6810185185185185 0.8270833333333333 0.6856481481481481 0.828125 0.6949074074074074 0.828125 0.7782407407407408 0.8255208333333334 0.7851851851851852 0.81796875 0.7902777777777777 0.80625 0.7865740740740741 0.8020833333333334 0.7791666666666667 0.8 0.7527777777777778 0.8018229166666667 0.7189814814814814 0.7997395833333333 0.6925925925925925 0.80234375 0.6833333333333333 0.8067708333333333 0.6796296296296296 0.82265625 0.6810185185185185