0 0.8888020833333333 0.13287037037037036 0.8932291666666666 0.13796296296296295 0.8953125 0.1574074074074074 0.8963541666666667 0.23055555555555557 0.8950520833333333 0.24212962962962964 0.8908854166666667 0.24814814814814815 0.8864583333333333 0.24953703703703703 0.8734375 0.24814814814814815 0.8690104166666667 0.23842592592592593 0.8692708333333333 0.19583333333333333 0.8658854166666666 0.1574074074074074 0.8708333333333333 0.1361111111111111 0.8765625 0.13240740740740742 0.8885416666666667 0.13287037037037036
0 0.7739583333333333 0.12638888888888888 0.7799479166666666 0.12916666666666668 0.7828125 0.13657407407407407 0.7846354166666667 0.19305555555555556 0.7833333333333333 0.22083333333333333 0.7794270833333333 0.2273148148148148 0.7734375 0.2310185185185185 0.7653645833333333 0.22916666666666666 0.7622395833333333 0.21944444444444444 0.75859375 0.22037037037037038 0.7575520833333333 0.21712962962962962 0.7559895833333333 0.1439814814814815 0.75859375 0.1300925925925926 0.7736979166666667 0.12638888888888888
0 0.6268229166666667 0.6935185185185185 0.6302083333333334 0.6976851851851852 0.6325520833333333 0.7064814814814815 0.634375 0.7800925925925926 0.63125 0.8138888888888889 0.6283854166666667 0.8199074074074074 0.62421875 0.8217592592592593 0.6114583333333333 0.8208333333333333 0.60546875 0.8148148148148148 0.6033854166666667 0.8069444444444445 0.6049479166666667 0.7856481481481481 0.60234375 0.7620370370370371 0.6049479166666667 0.7486111111111111 0.6065104166666667 0.7097222222222223 0.60859375 0.6981481481481482 0.6153645833333333 0.6921296296296297 0.6265625 0.6935185185185185
0 0.7026041666666667 0.13148148148148148 0.7067708333333333 0.13425925925925927 0.7088541666666667 0.14074074074074075 0.7098958333333333 0.2101851851851852 0.7067708333333333 0.22453703703703703 0.69609375 0.22962962962962963 0.6880208333333333 0.22777777777777777 0.684375 0.22083333333333333 0.6848958333333334 0.1398148148148148 0.6888020833333334 0.13240740740740742 0.70234375 0.13148148148148148
0 0.9572916666666667 0.13194444444444445 0.9700520833333334 0.13935185185185187 0.9739583333333334 0.1574074074074074 0.9739583333333334 0.22962962962962963 0.96796875 0.24074074074074073 0.9598958333333333 0.2439814814814815 0.9515625 0.23981481481481481 0.9463541666666667 0.2273148148148148 0.94375 0.15787037037037038 0.9447916666666667 0.14675925925925926 0.9481770833333333 0.13703703703703704 0.95703125 0.13194444444444445
0 0.81015625 0.1111111111111111 0.8140625 0.11342592592592593 0.81875 0.12222222222222222 0.8208333333333333 0.14212962962962963 0.8208333333333333 0.19444444444444445 0.8182291666666667 0.20694444444444443 0.8109375 0.2125 0.7994791666666666 0.21064814814814814 0.79375 0.20277777777777778 0.7950520833333333 0.19305555555555556 0.7942708333333334 0.12685185185185185 0.8 0.11296296296296296 0.8098958333333334 0.1111111111111111
0 0.7799479166666666 0.5597222222222222 0.78515625 0.5648148148148148 0.7869791666666667 0.5726851851851852 0.7890625 0.6444444444444445 0.7872395833333333 0.6601851851851852 0.7776041666666667 0.6662037037037037 0.76875 0.6657407407407407 0.76484375 0.6611111111111111 0.7630208333333334 0.6541666666666667 0.7604166666666666 0.5745370370370371 0.76171875 0.5662037037037037 0.765625 0.5606481481481481 0.7796875 0.5597222222222222
0 0.8591145833333333 0.700462962962963 0.8669270833333333 0.7074074074074074 0.8700520833333333 0.7231481481481481 0.8713541666666667 0.8097222222222222 0.8697916666666666 0.8157407407407408 0.8643229166666667 0.8194444444444444 0.8471354166666667 0.8171296296296297 0.84140625 0.7949074074074074 0.8427083333333333 0.7722222222222223 0.840625 0.7125 0.8473958333333333 0.7013888888888888 0.8588541666666667 0.700462962962963
0 0.8981770833333333 0.2652777777777778 0.9057291666666667 0.2722222222222222 0.9078125 0.2791666666666667 0.90859375 0.2953703703703704 0.9122395833333333 0.3060185185185185 0.9096354166666667 0.31342592592592594 0.9114583333333334 0.34305555555555556 0.9104166666666667 0.36944444444444446 0.9078125 0.37453703703703706 0.9010416666666666 0.37777777777777777 0.8872395833333333 0.3763888888888889 0.8796875 0.3675925925925926 0.88125 0.33240740740740743 0.8802083333333334 0.30648148148148147 0.8768229166666667 0.2935185185185185 0.8794270833333333 0.27824074074074073 0.88359375 0.2689814814814815 0.890625 0.26481481481481484 0.8979166666666667 0.2652777777777778
0 0.6270833333333333 0.5518518518518518 0.6296875 0.5569444444444445 0.6315104166666666 0.575462962962963 0.6338541666666667 0.6509259259259259 0.62890625 0.6652777777777777 0.6223958333333334 0.6689814814814815 0.61171875 0.6685185185185185 0.6057291666666667 0.6592592592592592 0.60234375 0.5712962962962963 0.6036458333333333 0.5569444444444445 0.60625 0.5523148148148148 0.6130208333333333 0.55 0.6268229166666667 0.5518518518518518
0 0.7408854166666666 0.2625 0.7455729166666667 0.26666666666666666 0.7486979166666666 0.27546296296296297 0.7505208333333333 0.3037037037037037 0.7518229166666667 0.35833333333333334 0.7486979166666666 0.3662037037037037 0.7450520833333333 0.3675925925925926 0.7302083333333333 0.3648148148148148 0.7270833333333333 0.3592592592592593 0.7263020833333333 0.3472222222222222 0.72421875 0.2763888888888889 0.7299479166666667 0.26435185185185184 0.740625 0.2625
0 0.6625 0.1300925925925926 0.6690104166666667 0.13194444444444445 0.6721354166666667 0.1375 0.67421875 0.15 0.6739583333333333 0.1685185185185185 0.6723958333333333 0.22777777777777777 0.6690104166666667 0.23796296296296296 0.66015625 0.2449074074074074 0.6541666666666667 0.24444444444444444 0.6473958333333333 0.2375 0.64453125 0.2263888888888889 0.64453125 0.21805555555555556 0.65 0.13657407407407407 0.6544270833333333 0.13055555555555556 0.6622395833333333 0.1300925925925926
0 0.74375 0.5476851851851852 0.7479166666666667 0.5513888888888889 0.7489583333333333 0.5578703703703703 0.7484375 0.5819444444444445 0.75 0.5921296296296297 0.7481770833333333 0.638425925925926 0.7453125 0.6481481481481481 0.7377604166666667 0.6518518518518519 0.7276041666666667 0.65 0.7236979166666667 0.6444444444444445 0.7223958333333333 0.6064814814814815 0.7236979166666667 0.5537037037037037 0.7260416666666667 0.5486111111111112 0.73046875 0.5462962962962963 0.7434895833333334 0.5476851851851852
0 0.5864583333333333 0.12824074074074074 0.5955729166666667 0.13194444444444445 0.5986979166666667 0.1375 0.5994791666666667 0.15694444444444444 0.5966145833333333 0.2263888888888889 0.5927083333333333 0.23703703703703705 0.5856770833333333 0.24074074074074073 0.5778645833333333 0.23935185185185184 0.5731770833333333 0.2337962962962963 0.5703125 0.22361111111111112 0.5703125 0.2125 0.5734375 0.13657407407407407 0.5768229166666666 0.1300925925925926 0.5861979166666667 0.12824074074074074
0 0.024739583333333332 0.7018518518518518 0.0328125 0.7050925925925926 0.03515625 0.7319444444444444 0.028385416666666666 0.7875 0.027864583333333335 0.8074074074074075 0.022916666666666665 0.8180555555555555 0.016145833333333335 0.8226851851851852 0.008333333333333333 0.8208333333333333 0 0.8111111111111111 0 0.7837962962962963 0.00234375 0.7800925925925926 0.003125 0.750462962962963 0.009114583333333334 0.7101851851851851 0.013541666666666667 0.7018518518518518 0.024479166666666666 0.7018518518518518
0 0.9354166666666667 0.5597222222222222 0.9395833333333333 0.5634259259259259 0.9442708333333333 0.5782407407407407 0.9463541666666667 0.6259259259259259 0.9455729166666667 0.6708333333333333 0.9424479166666667 0.6800925925925926 0.9364583333333333 0.6828703703703703 0.9252604166666667 0.6824074074074075 0.9184895833333333 0.6712962962962963 0.9143229166666667 0.6069444444444444 0.9143229166666667 0.5708333333333333 0.9166666666666666 0.5638888888888889 0.9223958333333333 0.5592592592592592 0.93515625 0.5597222222222222
0 0.5817708333333333 0.6972222222222222 0.59375 0.7060185185185185 0.5942708333333333 0.7305555555555555 0.5916666666666667 0.7611111111111111 0.5927083333333333 0.7902777777777777 0.5903645833333333 0.8162037037037037 0.5890625 0.8208333333333333 0.5791666666666667 0.8268518518518518 0.5692708333333333 0.8245370370370371 0.5653645833333333 0.8157407407407408 0.5640625 0.8055555555555556 0.56640625 0.7930555555555555 0.56875 0.7060185185185185 0.57265625 0.6986111111111111 0.5815104166666667 0.6972222222222222
0 0.7005208333333334 0.5643518518518519 0.7106770833333333 0.5675925925925925 0.71328125 0.5856481481481481 0.7130208333333333 0.6287037037037037 0.7078125 0.6328703703703704 0.6916666666666667 0.6324074074074074 0.6885416666666667 0.6282407407407408 0.6903645833333333 0.6060185185185185 0.6893229166666667 0.5675925925925925 0.7002604166666667 0.5643518518518519
0 0.85234375 0.5606481481481481 0.8653645833333333 0.5666666666666667 0.8671875 0.5768518518518518 0.8645833333333334 0.6675925925925926 0.8598958333333333 0.6819444444444445 0.85234375 0.6842592592592592 0.84140625 0.6814814814814815 0.8375 0.6759259259259259 0.8359375 0.6666666666666666 0.8408854166666667 0.5745370370370371 0.84453125 0.562962962962963 0.8520833333333333 0.5606481481481481
0 0.6971354166666667 0.6902777777777778 0.7067708333333333 0.6953703703703704 0.7109375 0.7087962962962963 0.7111979166666667 0.7754629629629629 0.7096354166666666 0.8013888888888889 0.7078125 0.8074074074074075 0.7020833333333333 0.8097222222222222 0.6848958333333334 0.8078703703703703 0.6799479166666667 0.8009259259259259 0.6828125 0.7032407407407407 0.6877604166666667 0.6916666666666667 0.696875 0.6902777777777778
0 0.740625 0.7027777777777777 0.7447916666666666 0.7152777777777778 0.7486979166666666 0.7847222222222222 0.7471354166666667 0.7944444444444444 0.7380208333333333 0.799074074074074 0.7265625 0.7986111111111112 0.7229166666666667 0.7939814814814815 0.7197916666666667 0.7620370370370371 0.7184895833333333 0.7125 0.71953125 0.7064814814814815 0.7236979166666667 0.7027777777777777 0.7403645833333333 0.7027777777777777
0 0.5442708333333334 0.6851851851851852 0.5502604166666667 0.6902777777777778 0.5518229166666667 0.6958333333333333 0.5533854166666666 0.7851851851851852 0.5510416666666667 0.7958333333333333 0.5432291666666667 0.8032407407407407 0.5307291666666667 0.8004629629629629 0.5252604166666667 0.7861111111111111 0.528125 0.7273148148148149 0.525 0.7050925925925926 0.5260416666666666 0.6930555555555555 0.5283854166666667 0.6888888888888889 0.5361979166666667 0.6847222222222222 0.5440104166666667 0.6851851851851852
0 0.5611979166666666 0.3587962962962963 0.5674479166666667 0.36574074074074076 0.5716145833333334 0.375 0.5736979166666667 0.38287037037037036 0.5721354166666667 0.3907407407407407 0.5364583333333334 0.4597222222222222 0.5328125 0.4648148148148148 0.5260416666666666 0.4675925925925926 0.5203125 0.4638888888888889 0.5135416666666667 0.45231481481481484 0.51171875 0.4439814814814815 0.5125 0.43194444444444446 0.5486979166666667 0.3662037037037037 0.55703125 0.35694444444444445 0.5609375 0.3587962962962963
0 0.6609375 0.27361111111111114 0.6692708333333334 0.2791666666666667 0.6713541666666667 0.29953703703703705 0.6692708333333334 0.35555555555555557 0.6682291666666667 0.3592592592592593 0.66015625 0.3611111111111111 0.6471354166666666 0.3597222222222222 0.6450520833333333 0.35555555555555557 0.6447916666666667 0.34814814814814815 0.6463541666666667 0.2824074074074074 0.65078125 0.274537037037037 0.6606770833333333 0.27361111111111114
0 0.5450520833333333 0.5425925925925926 0.5559895833333334 0.5453703703703704 0.5580729166666667 0.549074074074074 0.5575520833333333 0.6453703703703704 0.5533854166666666 0.6578703703703703 0.5473958333333333 0.6611111111111111 0.5333333333333333 0.6569444444444444 0.5302083333333333 0.6439814814814815 0.5330729166666667 0.5467592592592593 0.5361979166666667 0.5435185185185185 0.5447916666666667 0.5425925925925926
0 0.7 0.25833333333333336 0.7088541666666667 0.2652777777777778 0.7106770833333333 0.2953703703703704 0.71015625 0.35509259259259257 0.70703125 0.362962962962963 0.7010416666666667 0.3648148148148148 0.6911458333333333 0.3638888888888889 0.6856770833333333 0.3578703703703704 0.6838541666666667 0.30185185185185187 0.68515625 0.26435185185185184 0.68984375 0.25925925925925924 0.6997395833333333 0.25833333333333336
0 0.6260416666666667 0.24583333333333332 0.634375 0.25046296296296294 0.6369791666666667 0.26296296296296295 0.6377604166666667 0.33101851851851855 0.63515625 0.3509259259259259 0.6309895833333333 0.35648148148148145 0.6247395833333333 0.35833333333333334 0.6145833333333334 0.35694444444444445 0.6104166666666667 0.3490740740740741 0.6091145833333333 0.2814814814814815 0.6104166666666667 0.25462962962962965 0.6161458333333333 0.24675925925925926 0.62578125 0.24583333333333332
0 0.8950520833333333 0.5689814814814815 0.9018229166666667 0.5726851851851852 0.9044270833333333 0.5810185185185185 0.90546875 0.6564814814814814 0.9018229166666667 0.6708333333333333 0.8947916666666667 0.6768518518518518 0.8830729166666667 0.6754629629629629 0.8791666666666667 0.6717592592592593 0.8783854166666667 0.6412037037037037 0.87578125 0.6263888888888889 0.8776041666666666 0.5740740740740741 0.8838541666666667 0.5689814814814815 0.8947916666666667 0.5689814814814815
0 0.659375 0.9810185185185185 0.6661458333333333 0.9861111111111112 0.6700520833333333 0.999537037037037 0.6424479166666667 0.999537037037037 0.64375 0.9888888888888889 0.6463541666666667 0.9842592592592593 0.6591145833333333 0.9810185185185185
0 0.84609375 0.25555555555555554 0.8526041666666667 0.2569444444444444 0.8575520833333333 0.262037037037037 0.8606770833333334 0.2726851851851852 0.8622395833333333 0.28888888888888886 0.8645833333333334 0.33287037037037037 0.8630208333333333 0.35555555555555557 0.8604166666666667 0.36018518518518516 0.8518229166666667 0.36203703703703705 0.8421875 0.36157407407407405 0.8380208333333333 0.3574074074074074 0.8338541666666667 0.31157407407407406 0.83203125 0.27685185185185185 0.8330729166666667 0.2689814814814815 0.8375 0.2587962962962963 0.8458333333333333 0.25555555555555554
0 0.85 0.14166666666666666 0.8557291666666667 0.14583333333333334 0.85703125 0.15231481481481482 0.85703125 0.22268518518518518 0.8536458333333333 0.23796296296296296 0.8453125 0.2412037037037037 0.8348958333333333 0.23981481481481481 0.83125 0.2337962962962963 0.83125 0.15462962962962962 0.83515625 0.14305555555555555 0.8497395833333333 0.14166666666666666
0 0.7046875 0.3861111111111111 0.7388020833333333 0.38935185185185184 0.7463541666666667 0.39305555555555555 0.7481770833333333 0.39675925925925926 0.7481770833333333 0.4217592592592593 0.74609375 0.43194444444444446 0.7416666666666667 0.4356481481481482 0.7125 0.4351851851851852 0.6890625 0.4310185185185185 0.6854166666666667 0.4203703703703704 0.6854166666666667 0.4023148148148148 0.6872395833333333 0.3939814814814815 0.6932291666666667 0.387037037037037 0.7044270833333334 0.3861111111111111
0 0.6236979166666666 0.11203703703703703 0.6302083333333334 0.11574074074074074 0.63359375 0.12268518518518519 0.6359375 0.15694444444444444 0.634375 0.2152777777777778 0.6315104166666666 0.2212962962962963 0.6239583333333333 0.22546296296296298 0.61171875 0.22407407407407406 0.6091145833333333 0.21805555555555556 0.6080729166666666 0.19768518518518519 0.6091145833333333 0.12638888888888888 0.6143229166666667 0.11574074074074074 0.6234375 0.11203703703703703
0 0.9565104166666667 0.2569444444444444 0.9669270833333333 0.25925925925925924 0.97265625 0.2689814814814815 0.97578125 0.2962962962962963 0.9765625 0.3388888888888889 0.9721354166666667 0.362962962962963 0.9661458333333334 0.36944444444444446 0.9546875 0.36944444444444446 0.94609375 0.362962962962963 0.9421875 0.35324074074074074 0.9453125 0.29398148148148145 0.9424479166666667 0.2833333333333333 0.9427083333333334 0.2759259259259259 0.9484375 0.26064814814814813 0.95625 0.2574074074074074
0 0.64140625 0.4388888888888889 0.64765625 0.44583333333333336 0.6552083333333333 0.46944444444444444 0.6700520833333333 0.537962962962963 0.6690104166666667 0.5458333333333333 0.6658854166666667 0.5504629629629629 0.6544270833333333 0.5583333333333333 0.6497395833333334 0.5569444444444445 0.6440104166666667 0.5458333333333333 0.6390625 0.5203703703703704 0.62421875 0.4699074074074074 0.6234375 0.4583333333333333 0.625 0.4513888888888889 0.63359375 0.44212962962962965 0.6411458333333333 0.4388888888888889
0 0.6583333333333333 0.7027777777777777 0.6700520833333333 0.7064814814814815 0.671875 0.7129629629629629 0.6723958333333333 0.7319444444444444 0.6700520833333333 0.7712962962962963 0.67109375 0.7958333333333333 0.6682291666666667 0.8092592592592592 0.6611979166666667 0.8175925925925925 0.6466145833333333 0.8138888888888889 0.6432291666666666 0.7986111111111112 0.6453125 0.7699074074074074 0.6458333333333334 0.7148148148148148 0.6479166666666667 0.7041666666666667 0.6580729166666667 0.7027777777777777
0 0.7768229166666667 0.6902777777777778 0.7877604166666666 0.6958333333333333 0.78984375 0.725925925925926 0.790625 0.7967592592592593 0.7872395833333333 0.8078703703703703 0.78046875 0.812962962962963 0.76640625 0.8092592592592592 0.7614583333333333 0.7972222222222223 0.7619791666666667 0.6995370370370371 0.7653645833333333 0.6912037037037037 0.7765625 0.6902777777777778
0 0.73828125 0.09907407407407408 0.7447916666666666 0.10277777777777777 0.74765625 0.1111111111111111 0.7471354166666667 0.20046296296296295 0.7447916666666666 0.21481481481481482 0.7356770833333334 0.2212962962962963 0.7221354166666667 0.21851851851851853 0.71953125 0.21342592592592594 0.71875 0.20416666666666666 0.7223958333333333 0.10925925925925926 0.7270833333333333 0.10092592592592593 0.7380208333333333 0.09907407407407408
0 0.8111979166666666 0.5569444444444445 0.8174479166666667 0.5592592592592592 0.8208333333333333 0.5643518518518519 0.8244791666666667 0.5990740740740741 0.82421875 0.6587962962962963 0.82109375 0.6671296296296296 0.8153645833333333 0.6694444444444444 0.8028645833333333 0.6685185185185185 0.7979166666666667 0.6615740740740741 0.7986979166666667 0.6319444444444444 0.79609375 0.6023148148148149 0.7963541666666667 0.5671296296296297 0.8 0.5587962962962963 0.8109375 0.5569444444444445
0 0.8143229166666667 0.24583333333333332 0.8190104166666666 0.24814814814814815 0.8221354166666667 0.25601851851851853 0.8239583333333333 0.3162037037037037 0.8221354166666667 0.33101851851851855 0.8135416666666667 0.3351851851851852 0.8033854166666666 0.3337962962962963 0.7994791666666666 0.3277777777777778 0.8 0.2912037037037037 0.7981770833333334 0.25787037037037036 0.7994791666666666 0.2513888888888889 0.8028645833333333 0.24722222222222223 0.8140625 0.24583333333333332
0 0.7770833333333333 0.24351851851851852 0.78515625 0.24953703703703703 0.7888020833333333 0.2652777777777778 0.7895833333333333 0.3388888888888889 0.7861979166666667 0.3527777777777778 0.7794270833333333 0.35555555555555557 0.7697916666666667 0.35509259259259257 0.7643229166666666 0.350462962962963 0.7604166666666666 0.2935185185185185 0.7614583333333333 0.2550925925925926 0.7677083333333333 0.24583333333333332 0.7768229166666667 0.24351851851851852
0 0.81640625 0.6962962962962963 0.8205729166666667 0.6990740740740741 0.8229166666666666 0.7050925925925926 0.8255208333333334 0.7430555555555556 0.8252604166666667 0.7759259259259259 0.8223958333333333 0.8004629629629629 0.8143229166666667 0.8074074074074075 0.8033854166666666 0.8046296296296296 0.7986979166666667 0.7967592592592593 0.7963541666666667 0.7736111111111111 0.7981770833333334 0.7541666666666667 0.796875 0.7074074074074074 0.79921875 0.6995370370370371 0.80234375 0.6967592592592593 0.8161458333333333 0.6962962962962963