0 0.8877604166666667 0.13148148148148148 0.8924479166666667 0.1337962962962963 0.8953125 0.14027777777777778 0.89765625 0.22916666666666666 0.8947916666666667 0.2449074074074074 0.884375 0.24953703703703703 0.875 0.24814814814814815 0.8697916666666666 0.2375 0.86953125 0.18472222222222223 0.86640625 0.1597222222222222 0.8716145833333333 0.1361111111111111 0.8776041666666666 0.13194444444444445 0.8875 0.13148148148148148
0 0.775 0.12638888888888888 0.7817708333333333 0.12962962962962962 0.7830729166666667 0.1337962962962963 0.78515625 0.20694444444444443 0.78359375 0.22361111111111112 0.7734375 0.23148148148148148 0.7653645833333333 0.22824074074074074 0.7622395833333333 0.2199074074074074 0.7583333333333333 0.21666666666666667 0.7565104166666666 0.14953703703703702 0.75703125 0.1375 0.7596354166666667 0.1300925925925926 0.7651041666666667 0.12638888888888888 0.7747395833333334 0.12638888888888888
0 0.6268229166666667 0.6916666666666667 0.6309895833333333 0.6958333333333333 0.63359375 0.7064814814814815 0.6348958333333333 0.7768518518518519 0.6333333333333333 0.8092592592592592 0.6294270833333333 0.8189814814814815 0.6236979166666666 0.8217592592592593 0.6122395833333333 0.8208333333333333 0.6083333333333333 0.8185185185185185 0.6052083333333333 0.812037037037037 0.6044270833333333 0.7546296296296297 0.6067708333333334 0.7416666666666667 0.60703125 0.7101851851851851 0.609375 0.6981481481481482 0.6161458333333333 0.6912037037037037 0.6265625 0.6916666666666667
0 0.07447916666666667 0.02546296296296296 0.08098958333333334 0.03611111111111111 0.08411458333333334 0.032407407407407406 0.08854166666666667 0.03564814814814815 0.090625 0.058333333333333334 0.07786458333333333 0.12824074074074074 0.07265625 0.13703703703703704 0.06432291666666666 0.14351851851851852 0.05703125 0.1412037037037037 0.0546875 0.13703703703703704 0.05078125 0.12546296296296297 0.05026041666666667 0.11527777777777778 0.05572916666666667 0.07453703703703704 0.06536458333333334 0.03287037037037037 0.06901041666666667 0.025925925925925925 0.07421875 0.02546296296296296
0 0.7015625 0.13055555555555556 0.7072916666666667 0.13287037037037036 0.709375 0.13703703703703704 0.7109375 0.21064814814814814 0.71015625 0.21898148148148147 0.7072916666666667 0.225 0.6973958333333333 0.22916666666666666 0.6890625 0.22777777777777777 0.6854166666666667 0.22083333333333333 0.6854166666666667 0.14027777777777778 0.68828125 0.13287037037037036 0.7013020833333333 0.13055555555555556
0 0.9606770833333333 0.13194444444444445 0.9708333333333333 0.13842592592592592 0.9747395833333333 0.1537037037037037 0.975 0.23055555555555557 0.9705729166666667 0.23935185185185184 0.9640625 0.24305555555555555 0.9559895833333333 0.24212962962962964 0.9479166666666666 0.2310185185185185 0.9442708333333333 0.1625 0.9450520833333333 0.15046296296296297 0.9489583333333333 0.1375 0.953125 0.13287037037037036 0.9604166666666667 0.13194444444444445
0 0.81171875 0.1111111111111111 0.8177083333333334 0.11712962962962963 0.8200520833333333 0.12361111111111112 0.8223958333333333 0.16157407407407406 0.8205729166666667 0.20277777777777778 0.8171875 0.20972222222222223 0.8111979166666666 0.2125 0.7997395833333333 0.2101851851851852 0.7953125 0.2037037037037037 0.7966145833333333 0.1884259259259259 0.7942708333333334 0.13194444444444445 0.79921875 0.11481481481481481 0.8036458333333333 0.1111111111111111 0.8114583333333333 0.1111111111111111
0 0.8578125 0.7 0.8674479166666667 0.7060185185185185 0.87109375 0.7222222222222222 0.8723958333333334 0.8078703703703703 0.8697916666666666 0.8171296296296297 0.8627604166666667 0.8199074074074074 0.8479166666666667 0.8157407407407408 0.8427083333333333 0.8 0.84375 0.7680555555555556 0.8416666666666667 0.7129629629629629 0.8434895833333333 0.7064814814814815 0.8481770833333333 0.700925925925926 0.8575520833333333 0.7
0 0.9013020833333333 0.2657407407407407 0.9078125 0.27546296296296297 0.91328125 0.3074074074074074 0.91015625 0.31342592592592594 0.9125 0.3435185185185185 0.91171875 0.36666666666666664 0.909375 0.3731481481481482 0.90078125 0.37777777777777777 0.8872395833333333 0.3763888888888889 0.8802083333333334 0.36435185185185187 0.8802083333333334 0.3537037037037037 0.8828125 0.3425925925925926 0.88203125 0.30648148148148147 0.878125 0.29583333333333334 0.8778645833333333 0.28935185185185186 0.8854166666666666 0.26805555555555555 0.8921875 0.26435185185185184 0.9010416666666666 0.2657407407407407
0 0.54375 0.5421296296296296 0.5572916666666666 0.5453703703703704 0.559375 0.55 0.5578125 0.6504629629629629 0.5546875 0.6578703703703703 0.5486979166666667 0.6611111111111111 0.5359375 0.6583333333333333 0.5328125 0.6546296296296297 0.5315104166666667 0.6476851851851851 0.5338541666666666 0.5472222222222223 0.53671875 0.5435185185185185 0.5434895833333333 0.5421296296296296
0 0.8536458333333333 0.5601851851851852 0.8645833333333334 0.5643518518518519 0.8684895833333334 0.5740740740740741 0.8674479166666667 0.6449074074074074 0.865625 0.6643518518518519 0.8630208333333333 0.6777777777777778 0.8572916666666667 0.6833333333333333 0.84140625 0.6805555555555556 0.83828125 0.675 0.8369791666666667 0.6657407407407407 0.8416666666666667 0.5726851851851852 0.8450520833333334 0.5634259259259259 0.8533854166666667 0.5601851851851852
0 0.7419270833333333 0.2625 0.7455729166666667 0.2652777777777778 0.75 0.2763888888888889 0.753125 0.34953703703703703 0.7518229166666667 0.362962962962963 0.74453125 0.36712962962962964 0.7330729166666666 0.3662037037037037 0.7278645833333334 0.3587962962962963 0.725 0.28055555555555556 0.7265625 0.27037037037037037 0.7296875 0.2652777777777778 0.73671875 0.26157407407407407 0.7416666666666667 0.2625
0 0.66171875 0.12962962962962962 0.6721354166666667 0.13472222222222222 0.6744791666666666 0.16018518518518518 0.6723958333333333 0.23287037037037037 0.6700520833333333 0.23842592592592593 0.6606770833333333 0.24537037037037038 0.6533854166666667 0.24351851851851852 0.6484375 0.23796296296296296 0.6453125 0.2199074074074074 0.65 0.14027777777777778 0.6536458333333334 0.13194444444444445 0.6614583333333334 0.12962962962962962
0 0.7401041666666667 0.5458333333333333 0.7479166666666667 0.549074074074074 0.7502604166666667 0.5541666666666667 0.7497395833333333 0.6351851851851852 0.7466145833333333 0.6476851851851851 0.7390625 0.6513888888888889 0.73046875 0.6504629629629629 0.7247395833333333 0.6439814814814815 0.7244791666666667 0.5949074074074074 0.7260416666666667 0.55 0.73125 0.5462962962962963 0.73984375 0.5458333333333333
0 0.11432291666666666 0.0912037037037037 0.12135416666666667 0.10185185185185185 0.12291666666666666 0.10925925925925926 0.12109375 0.14953703703703702 0.11744791666666667 0.16064814814814815 0.11822916666666666 0.1712962962962963 0.11119791666666666 0.1925925925925926 0.10598958333333333 0.2037037037037037 0.10234375 0.20555555555555555 0.09348958333333333 0.20277777777777778 0.08802083333333334 0.19583333333333333 0.09296875 0.17777777777777778 0.08932291666666667 0.17037037037037037 0.09114583333333333 0.16111111111111112 0.08723958333333333 0.15416666666666667 0.09244791666666667 0.1476851851851852 0.09348958333333333 0.1425925925925926 0.10052083333333334 0.14074074074074075 0.10286458333333333 0.1337962962962963 0.09505208333333333 0.12685185185185185 0.09479166666666666 0.11203703703703703 0.096875 0.10138888888888889 0.10546875 0.08842592592592592 0.1140625 0.0912037037037037
0 0.9346354166666667 0.5587962962962963 0.9411458333333333 0.5643518518518519 0.9450520833333333 0.5777777777777777 0.9473958333333333 0.649537037037037 0.94609375 0.674074074074074 0.9427083333333334 0.6810185185185185 0.9364583333333333 0.6833333333333333 0.9252604166666667 0.6814814814814815 0.9197916666666667 0.6717592592592593 0.9151041666666667 0.586574074074074 0.9161458333333333 0.5685185185185185 0.9182291666666667 0.562962962962963 0.925 0.5587962962962963 0.934375 0.5587962962962963
0 0.7067708333333333 0.5648148148148148 0.7119791666666667 0.5685185185185185 0.7140625 0.5847222222222223 0.7143229166666667 0.624537037037037 0.7135416666666666 0.6314814814814815 0.7111979166666667 0.6328703703703704 0.6924479166666667 0.6324074074074074 0.6893229166666667 0.6273148148148148 0.69140625 0.612037037037037 0.690625 0.5675925925925925 0.7065104166666667 0.5648148148148148
0 0.70234375 0.6912037037037037 0.7075520833333333 0.6949074074074074 0.7106770833333333 0.7041666666666667 0.7119791666666667 0.7537037037037037 0.7106770833333333 0.8037037037037037 0.7078125 0.8083333333333333 0.703125 0.8097222222222222 0.6848958333333334 0.8074074074074075 0.68125 0.799537037037037 0.6848958333333334 0.6986111111111111 0.6890625 0.6912037037037037 0.7020833333333333 0.6912037037037037
0 0.7401041666666667 0.7013888888888888 0.7440104166666667 0.7064814814814815 0.7463541666666667 0.7180555555555556 0.7494791666666667 0.7865740740740741 0.7463541666666667 0.7967592592592593 0.7380208333333333 0.799074074074074 0.7270833333333333 0.7981481481481482 0.7236979166666667 0.7935185185185185 0.7192708333333333 0.7092592592592593 0.72578125 0.7018518518518518 0.73984375 0.7013888888888888
0 0.5151041666666667 0.8935185185185185 0.5260416666666666 0.9083333333333333 0.5294270833333333 0.9185185185185185 0.5291666666666667 0.924074074074074 0.5260416666666666 0.9337962962962963 0.49296875 0.999537037037037 0.47604166666666664 0.999537037037037 0.4700520833333333 0.9842592592592593 0.4703125 0.9736111111111111 0.5015625 0.9074074074074074 0.50859375 0.8953703703703704 0.51484375 0.8935185185185185
0 0.6244791666666667 0.55 0.6299479166666667 0.5546296296296296 0.63203125 0.5671296296296297 0.6348958333333333 0.6481481481481481 0.6338541666666667 0.6578703703703703 0.6307291666666667 0.6648148148148149 0.6213541666666667 0.6689814814814815 0.6091145833333333 0.6657407407407407 0.6059895833333333 0.6532407407407408 0.6036458333333333 0.5666666666666667 0.6067708333333334 0.5527777777777778 0.62421875 0.55
0 0.6622395833333333 0.27361111111111114 0.66953125 0.2777777777777778 0.671875 0.2875 0.6705729166666666 0.3560185185185185 0.66640625 0.36064814814814816 0.6505208333333333 0.36064814814814816 0.64765625 0.3592592592592593 0.6458333333333334 0.3537037037037037 0.6473958333333333 0.2814814814814815 0.6513020833333333 0.275 0.6619791666666667 0.27361111111111114
0 0.8526041666666667 0.25601851851851853 0.8565104166666667 0.25833333333333336 0.8611979166666667 0.26944444444444443 0.865625 0.33287037037037037 0.8653645833333333 0.3472222222222222 0.8627604166666667 0.3587962962962963 0.8526041666666667 0.36203703703703705 0.8421875 0.3611111111111111 0.8385416666666666 0.35509259259259257 0.83359375 0.28379629629629627 0.834375 0.2662037037037037 0.8372395833333334 0.2601851851851852 0.85234375 0.25601851851851853
0 0.5828125 0.30324074074074076 0.59609375 0.3175925925925926 0.59609375 0.3287037037037037 0.5861979166666667 0.3685185185185185 0.58359375 0.3731481481481482 0.5822916666666667 0.387037037037037 0.5760416666666667 0.4111111111111111 0.5708333333333333 0.4217592592592593 0.5651041666666666 0.425 0.5572916666666666 0.4217592592592593 0.5513020833333333 0.4148148148148148 0.5484375 0.4050925925925926 0.5486979166666667 0.39444444444444443 0.5690104166666666 0.3175925925925926 0.5752604166666667 0.3037037037037037 0.5825520833333333 0.30324074074074076
0 0.7033854166666667 0.2587962962962963 0.7078125 0.26157407407407407 0.7109375 0.27175925925925926 0.7114583333333333 0.3453703703703704 0.7096354166666666 0.36064814814814816 0.6997395833333333 0.36435185185185187 0.6916666666666667 0.362962962962963 0.6864583333333333 0.35509259259259257 0.6848958333333334 0.27314814814814814 0.6854166666666667 0.2657407407407407 0.6888020833333334 0.2601851851851852 0.703125 0.2587962962962963
0 0.7786458333333334 0.5587962962962963 0.7859375 0.5638888888888889 0.7880208333333333 0.5712962962962963 0.790625 0.6425925925925926 0.78828125 0.6606481481481481 0.78046875 0.6662037037037037 0.7690104166666667 0.6652777777777777 0.7645833333333333 0.6569444444444444 0.7611979166666667 0.5768518518518518 0.76171875 0.5675925925925925 0.76484375 0.562037037037037 0.7783854166666667 0.5587962962962963
0 0.6328125 0.24814814814814815 0.63671875 0.25416666666666665 0.6385416666666667 0.26851851851851855 0.6385416666666667 0.33796296296296297 0.6354166666666666 0.35324074074074074 0.6244791666666667 0.35833333333333334 0.6153645833333333 0.35648148148148145 0.61171875 0.34675925925925927 0.6104166666666667 0.25787037037037036 0.6125 0.2513888888888889 0.6182291666666667 0.2462962962962963 0.6325520833333333 0.24814814814814815
0 0.8950520833333333 0.5685185185185185 0.9018229166666667 0.5708333333333333 0.9044270833333333 0.575462962962963 0.9067708333333333 0.6287037037037037 0.9057291666666667 0.6620370370370371 0.90078125 0.674537037037037 0.8979166666666667 0.6763888888888889 0.8841145833333334 0.6754629629629629 0.8802083333333334 0.6708333333333333 0.8768229166666667 0.6217592592592592 0.8786458333333333 0.5736111111111111 0.8833333333333333 0.5689814814814815 0.8947916666666667 0.5685185185185185
0 0.6625 0.9819444444444444 0.6682291666666667 0.9893518518518518 0.6708333333333333 0.999537037037037 0.6424479166666667 0.999537037037037 0.64375 0.9902777777777778 0.6473958333333333 0.9837962962962963 0.6622395833333333 0.9819444444444444
0 0.85 0.1412037037037037 0.8572916666666667 0.14722222222222223 0.85859375 0.2152777777777778 0.85625 0.2351851851851852 0.8484375 0.24027777777777778 0.83359375 0.23703703703703705 0.8315104166666667 0.2300925925925926 0.83125 0.2074074074074074 0.8330729166666667 0.18611111111111112 0.8330729166666667 0.14814814814814814 0.83828125 0.14166666666666666 0.8497395833333333 0.1412037037037037
0 0.70703125 0.38564814814814813 0.75234375 0.3921296296296296 0.7552083333333334 0.3990740740740741 0.7549479166666667 0.42685185185185187 0.7520833333333333 0.43472222222222223 0.74921875 0.4361111111111111 0.7182291666666667 0.4351851851851852 0.6947916666666667 0.42962962962962964 0.6924479166666667 0.4185185185185185 0.6932291666666667 0.3972222222222222 0.6966145833333334 0.38935185185185184 0.7067708333333333 0.38564814814814813
0 0.625 0.11203703703703703 0.6299479166666667 0.11435185185185186 0.6346354166666667 0.12314814814814815 0.6372395833333333 0.16203703703703703 0.6348958333333333 0.21805555555555556 0.6302083333333334 0.22407407407407406 0.625 0.22592592592592592 0.6161458333333333 0.22546296296296298 0.6106770833333334 0.22037037037037038 0.6088541666666667 0.1935185185185185 0.6109375 0.12314814814814815 0.6161458333333333 0.11481481481481481 0.6247395833333333 0.11203703703703703
0 0.9671875 0.25833333333333336 0.9729166666666667 0.2652777777777778 0.9752604166666666 0.2763888888888889 0.9765625 0.3384259259259259 0.9736979166666667 0.36203703703703705 0.9638020833333333 0.3699074074074074 0.9494791666666667 0.3662037037037037 0.9440104166666666 0.35462962962962963 0.9458333333333333 0.3013888888888889 0.9440104166666666 0.2796296296296296 0.9489583333333333 0.2611111111111111 0.95546875 0.2569444444444444 0.9669270833333333 0.25833333333333336
0 0.6375 0.43425925925925923 0.6424479166666667 0.4388888888888889 0.6515625 0.4634259259259259 0.6692708333333334 0.5259259259259259 0.66875 0.5361111111111111 0.66640625 0.5402777777777777 0.6544270833333333 0.5513888888888889 0.6505208333333333 0.5509259259259259 0.64375 0.5388888888888889 0.6388020833333333 0.5162037037037037 0.6302083333333334 0.4976851851851852 0.6197916666666666 0.4634259259259259 0.61953125 0.4527777777777778 0.6231770833333333 0.4439814814814815 0.63203125 0.4356481481481482 0.6372395833333333 0.43425925925925923
0 0.5859375 0.12824074074074074 0.5953125 0.1310185185185185 0.5989583333333334 0.1361111111111111 0.6005208333333333 0.17083333333333334 0.5989583333333334 0.22268518518518518 0.5953125 0.23472222222222222 0.5885416666666666 0.24074074074074073 0.5768229166666666 0.2375 0.5731770833333333 0.23148148148148148 0.5713541666666667 0.22037037037037038 0.57421875 0.1375 0.57734375 0.13055555555555556 0.5856770833333333 0.12824074074074074
0 0.6583333333333333 0.7032407407407407 0.6682291666666667 0.7041666666666667 0.6731770833333334 0.712037037037037 0.6721354166666667 0.7972222222222223 0.66875 0.8101851851851852 0.6614583333333334 0.8175925925925925 0.6473958333333333 0.8138888888888889 0.64375 0.8 0.64609375 0.7162037037037037 0.6494791666666667 0.7041666666666667 0.6580729166666667 0.7032407407407407
0 0.7807291666666667 0.6902777777777778 0.7880208333333333 0.6958333333333333 0.7895833333333333 0.7064814814814815 0.7921875 0.7916666666666666 0.7872395833333333 0.8087962962962963 0.7796875 0.812962962962963 0.76640625 0.8074074074074075 0.7630208333333334 0.7962962962962963 0.7638020833333333 0.7509259259259259 0.7619791666666667 0.7097222222222223 0.7653645833333333 0.6921296296296297 0.78046875 0.6902777777777778
0 0.7440104166666667 0.10092592592592593 0.7494791666666667 0.11296296296296296 0.7481770833333333 0.20185185185185187 0.74453125 0.2162037037037037 0.7364583333333333 0.22083333333333333 0.72421875 0.21898148148148147 0.7200520833333334 0.21203703703703702 0.71953125 0.19490740740740742 0.721875 0.17592592592592593 0.7213541666666666 0.12314814814814815 0.7231770833333333 0.1087962962962963 0.72734375 0.10138888888888889 0.7333333333333333 0.09861111111111111 0.74375 0.10092592592592593
0 0.8184895833333333 0.5587962962962963 0.8221354166666667 0.5638888888888889 0.82421875 0.5768518518518518 0.82578125 0.6462962962962963 0.8244791666666667 0.662962962962963 0.81796875 0.6689814814814815 0.8033854166666666 0.6680555555555555 0.7984375 0.6615740740740741 0.79921875 0.6166666666666667 0.796875 0.5717592592592593 0.8002604166666667 0.5592592592592592 0.8065104166666667 0.5569444444444445 0.8182291666666667 0.5587962962962963
0 0.5463541666666667 0.6847222222222222 0.553125 0.6939814814814815 0.5546875 0.7722222222222223 0.553125 0.7930555555555555 0.5486979166666667 0.8009259259259259 0.5440104166666667 0.8037037037037037 0.5328125 0.8013888888888889 0.5276041666666667 0.7902777777777777 0.5291666666666667 0.7217592592592592 0.5260416666666666 0.7041666666666667 0.528125 0.6925925925925925 0.5315104166666667 0.687962962962963 0.54609375 0.6847222222222222
0 0.81875 0.24722222222222223 0.82265625 0.25416666666666665 0.825 0.3143518518518518 0.8231770833333333 0.33101851851851855 0.8158854166666667 0.3347222222222222 0.8033854166666666 0.3333333333333333 0.8002604166666667 0.3282407407407407 0.8010416666666667 0.3055555555555556 0.7989583333333333 0.26805555555555555 0.7997395833333333 0.25462962962962965 0.80234375 0.24814814814814815 0.8098958333333334 0.24537037037037038 0.8184895833333333 0.24722222222222223
0 0.7763020833333333 0.24259259259259258 0.7859375 0.2490740740740741 0.78984375 0.26296296296296295 0.78984375 0.34305555555555556 0.7864583333333334 0.3527777777777778 0.7794270833333333 0.35509259259259257 0.7669270833333334 0.3523148148148148 0.76328125 0.33796296296296297 0.7630208333333334 0.2550925925925926 0.7671875 0.24675925925925926 0.7760416666666666 0.24259259259259258
0 0.8138020833333334 0.6949074074074074 0.8208333333333333 0.6976851851851852 0.8244791666666667 0.7037037037037037 0.8265625 0.7449074074074075 0.8247395833333333 0.7967592592592593 0.8213541666666667 0.8037037037037037 0.8140625 0.8074074074074075 0.8065104166666667 0.8055555555555556 0.80078125 0.8 0.79765625 0.7768518518518519 0.79765625 0.7060185185185185 0.80234375 0.6967592592592593 0.8135416666666667 0.6949074074074074
0 0.58203125 0.6972222222222222 0.5919270833333333 0.7013888888888888 0.5955729166666667 0.7101851851851851 0.5932291666666667 0.7402777777777778 0.5940104166666667 0.7828703703703703 0.5908854166666667 0.8208333333333333 0.5786458333333333 0.8268518518518518 0.571875 0.825925925925926 0.5674479166666667 0.8203703703703704 0.5653645833333333 0.8069444444444445 0.5671875 0.7930555555555555 0.5692708333333333 0.7074074074074074 0.5734375 0.6990740740740741 0.5817708333333333 0.6972222222222222