0 0.890625 0.12546296296296297 0.89453125 0.12916666666666668 0.8958333333333334 0.1361111111111111 0.8989583333333333 0.19953703703703704 0.8958333333333334 0.23564814814814813 0.8940104166666667 0.2388888888888889 0.8864583333333333 0.2412037037037037 0.8736979166666666 0.23842592592592593 0.86953125 0.22407407407407406 0.8705729166666667 0.19398148148148148 0.8690104166666667 0.1476851851851852 0.8697916666666666 0.13703703703703704 0.87265625 0.1287037037037037 0.8809895833333333 0.12407407407407407 0.8903645833333333 0.12546296296296297
0 0.8127604166666667 0.1037037037037037 0.8190104166666666 0.1125 0.8208333333333333 0.11990740740740741 0.8229166666666666 0.1550925925925926 0.8205729166666667 0.19537037037037036 0.81796875 0.2013888888888889 0.8122395833333333 0.20462962962962963 0.8010416666666667 0.20324074074074075 0.7958333333333333 0.19537037037037036 0.79765625 0.17453703703703705 0.79375 0.1259259259259259 0.80078125 0.10601851851851851 0.8125 0.1037037037037037
0 0.62890625 0.6851851851851852 0.6338541666666667 0.6953703703703704 0.6359375 0.7268518518518519 0.6359375 0.7657407407407407 0.6333333333333333 0.8032407407407407 0.6296875 0.8115740740740741 0.6231770833333333 0.8138888888888889 0.6122395833333333 0.8125 0.60625 0.8055555555555556 0.6041666666666666 0.7541666666666667 0.6091145833333333 0.6916666666666667 0.6158854166666666 0.6847222222222222 0.6286458333333333 0.6851851851851852
0 0.7783854166666667 0.5509259259259259 0.784375 0.5537037037037037 0.7875 0.5587962962962963 0.790625 0.6106481481481482 0.7895833333333333 0.65 0.7877604166666666 0.6546296296296297 0.7796875 0.6587962962962963 0.7708333333333334 0.6583333333333333 0.7653645833333333 0.6504629629629629 0.76171875 0.5861111111111111 0.76328125 0.5578703703703703 0.7690104166666667 0.5523148148148148 0.778125 0.5509259259259259
0 0.7432291666666667 0.25555555555555554 0.7486979166666666 0.26157407407407407 0.7515625 0.27685185185185185 0.7533854166666667 0.3472222222222222 0.7515625 0.35555555555555557 0.7424479166666667 0.3592592592592593 0.7307291666666667 0.35694444444444445 0.72734375 0.3490740740740741 0.7278645833333334 0.3199074074074074 0.7247395833333333 0.2722222222222222 0.73046875 0.2569444444444444 0.74296875 0.25555555555555554
0 0.7028645833333333 0.2513888888888889 0.7078125 0.25416666666666665 0.7111979166666667 0.2625 0.71171875 0.3037037037037037 0.7109375 0.3490740740740741 0.7065104166666667 0.35509259259259257 0.7018229166666666 0.3560185185185185 0.6924479166666667 0.35509259259259257 0.6872395833333333 0.3486111111111111 0.6854166666666667 0.26805555555555555 0.6890625 0.25277777777777777 0.7026041666666667 0.2513888888888889
0 0.84609375 0.13333333333333333 0.85625 0.13703703703703704 0.859375 0.14953703703703702 0.85859375 0.22037037037037038 0.85390625 0.2310185185185185 0.8486979166666667 0.23333333333333334 0.83515625 0.2310185185185185 0.83203125 0.2222222222222222 0.8330729166666667 0.14027777777777778 0.8356770833333333 0.13518518518518519 0.8458333333333333 0.13333333333333333
0 0.8645833333333334 0.6930555555555555 0.86953125 0.700925925925926 0.8713541666666667 0.711574074074074 0.8731770833333333 0.7763888888888889 0.8716145833333333 0.8069444444444445 0.8635416666666667 0.8125 0.84921875 0.8097222222222222 0.84453125 0.7981481481481482 0.84453125 0.7407407407407407 0.8416666666666667 0.712037037037037 0.84296875 0.7027777777777777 0.8486979166666667 0.6935185185185185 0.8643229166666667 0.6930555555555555
0 0.9096354166666667 0.40370370370370373 0.9567708333333333 0.43194444444444446 0.9598958333333333 0.4388888888888889 0.9596354166666666 0.4513888888888889 0.9546875 0.4703703703703704 0.9505208333333334 0.47453703703703703 0.9453125 0.47453703703703703 0.91875 0.46111111111111114 0.8963541666666667 0.44583333333333336 0.8934895833333333 0.43472222222222223 0.8973958333333333 0.4125 0.9028645833333333 0.4041666666666667 0.909375 0.40370370370370373
0 0.62734375 0.23796296296296296 0.6346354166666667 0.24166666666666667 0.6377604166666667 0.25 0.63671875 0.29444444444444445 0.6388020833333333 0.32546296296296295 0.6372395833333333 0.34444444444444444 0.6270833333333333 0.3509259259259259 0.6161458333333333 0.34953703703703703 0.6125 0.34444444444444444 0.6111979166666667 0.2796296296296296 0.6125 0.24537037037037038 0.6190104166666667 0.2388888888888889 0.6270833333333333 0.23796296296296296
0 0.546875 0.5347222222222222 0.5575520833333333 0.537962962962963 0.559375 0.5425925925925926 0.5583333333333333 0.6347222222222222 0.5565104166666667 0.6476851851851851 0.5497395833333333 0.6532407407407408 0.5361979166666667 0.6509259259259259 0.5328125 0.6467592592592593 0.5317708333333333 0.6412037037037037 0.5346354166666667 0.5953703703703703 0.5348958333333333 0.5398148148148149 0.5369791666666667 0.5361111111111111 0.5466145833333333 0.5347222222222222
0 0.6263020833333334 0.5430555555555555 0.6299479166666667 0.5472222222222223 0.6325520833333333 0.562962962962963 0.6348958333333333 0.6439814814814815 0.6307291666666667 0.6574074074074074 0.6231770833333333 0.6611111111111111 0.6114583333333333 0.6592592592592592 0.6072916666666667 0.6504629629629629 0.6044270833333333 0.5555555555555556 0.6057291666666667 0.5481481481481482 0.6096354166666667 0.5435185185185185 0.6260416666666667 0.5430555555555555
0 0.8942708333333333 0.5601851851851852 0.9010416666666666 0.562962962962963 0.90546875 0.5699074074074074 0.9078125 0.6402777777777777 0.9067708333333333 0.6564814814814814 0.9044270833333333 0.6648148148148149 0.9005208333333333 0.6694444444444444 0.89453125 0.6703703703703704 0.884375 0.6689814814814815 0.8807291666666667 0.6652777777777777 0.8783854166666667 0.6129629629629629 0.8796875 0.5648148148148148 0.8869791666666667 0.5601851851851852 0.8940104166666667 0.5601851851851852
0 0.6658854166666667 0.12314814814814815 0.671875 0.1259259259259259 0.6747395833333333 0.13657407407407407 0.6752604166666667 0.2125 0.6736979166666667 0.22592592592592592 0.66171875 0.2375 0.65078125 0.23472222222222222 0.6466145833333333 0.2273148148148148 0.6463541666666667 0.1787037037037037 0.65078125 0.13055555555555556 0.6549479166666666 0.12407407407407407 0.665625 0.12314814814814815
0 0.853125 0.5532407407407407 0.8669270833333333 0.5583333333333333 0.8690104166666667 0.5703703703703704 0.86640625 0.6583333333333333 0.8635416666666667 0.6694444444444444 0.8565104166666667 0.6763888888888889 0.8411458333333334 0.6717592592592593 0.8375 0.6574074074074074 0.8416666666666667 0.5708333333333333 0.8458333333333333 0.5569444444444445 0.8528645833333334 0.5532407407407407
0 0.59140625 0.12129629629629629 0.5971354166666667 0.12361111111111112 0.5997395833333333 0.12962962962962962 0.5994791666666667 0.21851851851851853 0.5958333333333333 0.2273148148148148 0.5872395833333334 0.23333333333333334 0.5783854166666667 0.2310185185185185 0.5723958333333333 0.22037037037037038 0.57421875 0.1361111111111111 0.57734375 0.12314814814814815 0.5911458333333334 0.12129629629629629
0 0.58203125 0.6893518518518519 0.5940104166666667 0.6953703703703704 0.5966145833333333 0.7092592592592593 0.5934895833333333 0.7620370370370371 0.59453125 0.7828703703703703 0.5932291666666667 0.8 0.5895833333333333 0.8138888888888889 0.5838541666666667 0.8185185185185185 0.5713541666666667 0.8162037037037037 0.56640625 0.8055555555555556 0.5697916666666667 0.7032407407407407 0.57265625 0.6921296296296297 0.5817708333333333 0.6893518518518519
0 0.7044270833333334 0.5564814814814815 0.7114583333333333 0.5592592592592592 0.7135416666666666 0.5657407407407408 0.71484375 0.6189814814814815 0.71328125 0.624537037037037 0.7109375 0.625 0.69375 0.625 0.6911458333333333 0.6231481481481481 0.6901041666666666 0.6175925925925926 0.6916666666666667 0.5958333333333333 0.690625 0.562037037037037 0.6955729166666667 0.5574074074074075 0.7041666666666667 0.5564814814814815
0 0.7002604166666667 0.6828703703703703 0.7088541666666667 0.6884259259259259 0.7122395833333334 0.7027777777777777 0.7104166666666667 0.7958333333333333 0.7052083333333333 0.8013888888888889 0.6880208333333333 0.8004629629629629 0.684375 0.7981481481481482 0.6815104166666667 0.7902777777777777 0.6848958333333334 0.6925925925925925 0.6890625 0.6837962962962963 0.7 0.6828703703703703
0 0.7348958333333333 0.6930555555555555 0.7427083333333333 0.6958333333333333 0.7458333333333333 0.7041666666666667 0.75 0.7759259259259259 0.7484375 0.7865740740740741 0.7455729166666667 0.7893518518518519 0.7322916666666667 0.7912037037037037 0.7263020833333333 0.7902777777777777 0.7236979166666667 0.7837962962962963 0.7192708333333333 0.7097222222222223 0.7216145833333333 0.6981481481481482 0.7346354166666667 0.6930555555555555
0 0.5442708333333334 0.6768518518518518 0.5536458333333333 0.6851851851851852 0.5552083333333333 0.7699074074074074 0.5528645833333333 0.7865740740740741 0.5484375 0.7930555555555555 0.5434895833333333 0.7953703703703704 0.5330729166666667 0.7935185185185185 0.5286458333333334 0.7875 0.5260416666666666 0.7402777777777778 0.5278645833333333 0.6842592592592592 0.5330729166666667 0.6782407407407407 0.5440104166666667 0.6768518518518518
0 0.42864583333333334 0.06481481481481481 0.44114583333333335 0.08009259259259259 0.44427083333333334 0.08842592592592592 0.44453125 0.0962962962962963 0.41848958333333336 0.14814814814814814 0.4122395833333333 0.1550925925925926 0.4044270833333333 0.1527777777777778 0.39869791666666665 0.14351851851851852 0.39739583333333334 0.12824074074074074 0.4044270833333333 0.10601851851851851 0.4239583333333333 0.06851851851851852 0.4283854166666667 0.06527777777777778
0 0.9963541666666667 0.021296296296296296 0.9997395833333333 0.022222222222222223 0.9997395833333333 0.13796296296296295 0.9947916666666666 0.13333333333333333 0.9885416666666667 0.11990740740740741 0.9838541666666667 0.0787037037037037 0.9802083333333333 0.060648148148148145 0.9760416666666667 0.05138888888888889 0.9770833333333333 0.038425925925925926 0.9794270833333333 0.032407407407407406 0.9880208333333333 0.022685185185185187 0.99609375 0.021296296296296296
0 0.8981770833333333 0.2569444444444444 0.9044270833333333 0.26064814814814813 0.9078125 0.26666666666666666 0.9138020833333333 0.2967592592592593 0.91171875 0.3138888888888889 0.9119791666666667 0.36064814814814816 0.9078125 0.36712962962962964 0.9 0.3699074074074074 0.8869791666666667 0.36712962962962964 0.8809895833333333 0.3560185185185185 0.8830729166666667 0.3175925925925926 0.8815104166666666 0.2935185185185185 0.878125 0.28703703703703703 0.8838541666666667 0.262037037037037 0.8893229166666666 0.2574074074074074 0.8979166666666667 0.2569444444444444
0 0.7778645833333333 0.11944444444444445 0.78359375 0.12638888888888888 0.7856770833333333 0.20277777777777778 0.7828125 0.21712962962962962 0.7731770833333333 0.22407407407407406 0.7638020833333333 0.22037037037037038 0.7625 0.21342592592592594 0.7580729166666667 0.2101851851851852 0.7565104166666666 0.1388888888888889 0.7575520833333333 0.1300925925925926 0.7614583333333333 0.12129629629629629 0.7776041666666667 0.11944444444444445
0 0.78984375 0.40370370370370373 0.8302083333333333 0.40925925925925927 0.8408854166666667 0.4148148148148148 0.84296875 0.43194444444444446 0.8421875 0.44675925925925924 0.8390625 0.4537037037037037 0.8328125 0.45694444444444443 0.7846354166666667 0.45231481481481484 0.77578125 0.44722222222222224 0.7721354166666666 0.43425925925925923 0.7736979166666667 0.41388888888888886 0.7791666666666667 0.4050925925925926 0.7895833333333333 0.40370370370370373
0 0.9341145833333333 0.5504629629629629 0.9403645833333333 0.5537037037037037 0.9432291666666667 0.5587962962962963 0.9463541666666667 0.5745370370370371 0.9471354166666667 0.5916666666666667 0.94765625 0.6615740740740741 0.9442708333333333 0.6717592592592593 0.9375 0.675 0.9255208333333333 0.6731481481481482 0.92109375 0.6666666666666666 0.9171875 0.6194444444444445 0.9190104166666667 0.6055555555555555 0.9166666666666666 0.5902777777777778 0.91640625 0.5606481481481481 0.9223958333333333 0.5518518518518518 0.9338541666666667 0.5504629629629629
0 0.9651041666666667 0.12546296296296297 0.9708333333333333 0.12962962962962962 0.9747395833333333 0.14027777777777778 0.97578125 0.20185185185185187 0.97421875 0.22777777777777777 0.9661458333333334 0.23564814814814813 0.9557291666666666 0.23425925925925925 0.94765625 0.22314814814814815 0.94765625 0.19768518518518519 0.9458333333333333 0.18888888888888888 0.9471354166666667 0.1648148148148148 0.9453125 0.15694444444444444 0.94609375 0.14074074074074075 0.9502604166666667 0.12916666666666668 0.9557291666666666 0.12453703703703704 0.96484375 0.12546296296296297
0 0.73984375 0.537962962962963 0.74765625 0.5412037037037037 0.75 0.5458333333333333 0.7497395833333333 0.5916666666666667 0.7513020833333334 0.6023148148148149 0.7489583333333333 0.6361111111111111 0.7401041666666667 0.6439814814814815 0.7315104166666667 0.6430555555555556 0.72578125 0.637962962962963 0.72578125 0.6106481481481482 0.72421875 0.6037037037037037 0.7260416666666667 0.5435185185185185 0.73046875 0.5388888888888889 0.7395833333333334 0.537962962962963
0 0.66015625 0.9680555555555556 0.66484375 0.9703703703703703 0.6697916666666667 0.9810185185185185 0.6716145833333333 0.999537037037037 0.64296875 0.999537037037037 0.6440104166666667 0.9819444444444444 0.6473958333333333 0.9717592592592592 0.6598958333333333 0.9680555555555556
0 0.8528645833333334 0.24861111111111112 0.859375 0.25462962962962965 0.8619791666666666 0.262037037037037 0.8661458333333333 0.32083333333333336 0.8643229166666667 0.35 0.8627604166666667 0.3527777777777778 0.853125 0.35462962962962963 0.8447916666666667 0.35462962962962963 0.83984375 0.34814814814814815 0.8341145833333333 0.2689814814814815 0.8348958333333333 0.25833333333333336 0.8385416666666666 0.2523148148148148 0.8458333333333333 0.24814814814814815 0.8526041666666667 0.24861111111111112
0 0.7776041666666667 0.23564814814814813 0.7856770833333333 0.24074074074074073 0.7901041666666667 0.25601851851851853 0.78984375 0.33564814814814814 0.7875 0.3435185185185185 0.7802083333333333 0.3472222222222222 0.7721354166666666 0.34675925925925927 0.7658854166666667 0.3425925925925926 0.7638020833333333 0.3351851851851852 0.7630208333333334 0.31805555555555554 0.76328125 0.24814814814814815 0.7690104166666667 0.23796296296296296 0.77734375 0.23564814814814813
0 0.6265625 0.1050925925925926 0.634375 0.11157407407407408 0.6372395833333333 0.13287037037037036 0.6369791666666667 0.2013888888888889 0.63359375 0.21342592592592594 0.6236979166666666 0.21851851851851853 0.615625 0.21712962962962962 0.6104166666666667 0.2074074074074074 0.6109375 0.11851851851851852 0.6158854166666666 0.10787037037037037 0.6263020833333334 0.1050925925925926
0 0.965625 0.25 0.9708333333333333 0.25324074074074077 0.975 0.2625 0.97578125 0.3282407407407407 0.9736979166666667 0.35509259259259257 0.9705729166666667 0.3597222222222222 0.96328125 0.362962962962963 0.95078125 0.35833333333333334 0.9442708333333333 0.3458333333333333 0.9455729166666667 0.29583333333333334 0.9440104166666666 0.2740740740740741 0.9497395833333333 0.2537037037037037 0.9565104166666667 0.24953703703703703 0.9653645833333333 0.25
0 0.6606770833333333 0.2652777777777778 0.6684895833333333 0.26805555555555555 0.67109375 0.2726851851851852 0.6729166666666667 0.29768518518518516 0.6703125 0.3486111111111111 0.6674479166666667 0.3527777777777778 0.6583333333333333 0.3541666666666667 0.6505208333333333 0.35324074074074074 0.6466145833333333 0.3472222222222222 0.646875 0.28888888888888886 0.6473958333333333 0.2759259259259259 0.6505208333333333 0.2675925925925926 0.6604166666666667 0.2652777777777778
0 0.81796875 0.5509259259259259 0.821875 0.5550925925925926 0.8244791666666667 0.5680555555555555 0.8255208333333334 0.6513888888888889 0.8221354166666667 0.6592592592592592 0.8151041666666666 0.6620370370370371 0.8033854166666666 0.6601851851851852 0.7989583333333333 0.6546296296296297 0.7997395833333333 0.6212962962962963 0.796875 0.5731481481481482 0.8002604166666667 0.5513888888888889 0.8177083333333334 0.5509259259259259
0 0.6643229166666667 0.6953703703703704 0.671875 0.6986111111111111 0.6736979166666667 0.7046296296296296 0.6729166666666667 0.7796296296296297 0.6723958333333333 0.7898148148148149 0.6690104166666667 0.8027777777777778 0.6653645833333334 0.8087962962962963 0.659375 0.8101851851851852 0.64921875 0.8069444444444445 0.6453125 0.7967592592592593 0.6463541666666667 0.711574074074074 0.65078125 0.6944444444444444 0.6640625 0.6953703703703704
0 0.6861979166666666 0.3958333333333333 0.6924479166666667 0.4060185185185185 0.7135416666666666 0.47175925925925927 0.71328125 0.4898148148148148 0.7075520833333333 0.4986111111111111 0.7 0.5037037037037037 0.6958333333333333 0.5032407407407408 0.6890625 0.4935185185185185 0.6752604166666667 0.4546296296296296 0.6671875 0.4222222222222222 0.6674479166666667 0.4101851851851852 0.67109375 0.40370370370370373 0.6791666666666667 0.39675925925925926 0.6859375 0.3958333333333333
0 0.78359375 0.6828703703703703 0.7875 0.6861111111111111 0.7903645833333334 0.6986111111111111 0.7921875 0.7833333333333333 0.78984375 0.7962962962962963 0.78046875 0.8050925925925926 0.76875 0.8013888888888889 0.7643229166666666 0.7907407407407407 0.7640625 0.736574074074074 0.7619791666666667 0.7060185185185185 0.7653645833333333 0.6847222222222222 0.771875 0.6814814814814815 0.7833333333333333 0.6828703703703703
0 0.7046875 0.12453703703703704 0.7091145833333333 0.12824074074074074 0.7106770833333333 0.13657407407407407 0.7104166666666667 0.2101851851851852 0.7065104166666667 0.21898148148148147 0.6963541666666667 0.22175925925925927 0.6895833333333333 0.2199074074074074 0.6856770833333333 0.21342592592592594 0.6859375 0.13333333333333333 0.6890625 0.12638888888888888 0.7044270833333334 0.12453703703703704
0 0.8153645833333333 0.23796296296296296 0.8197916666666667 0.24027777777777778 0.821875 0.2449074074074074 0.8244791666666667 0.26342592592592595 0.8255208333333334 0.29212962962962963 0.8244791666666667 0.32175925925925924 0.8153645833333333 0.32685185185185184 0.8067708333333333 0.32685185185185184 0.8013020833333333 0.3212962962962963 0.8015625 0.28194444444444444 0.7986979166666667 0.25555555555555554 0.8 0.2449074074074074 0.8026041666666667 0.24074074074074073 0.8151041666666666 0.23796296296296296
0 0.590625 0.24259259259259258 0.5989583333333334 0.24722222222222223 0.6015625 0.26990740740740743 0.6091145833333333 0.2763888888888889 0.6015625 0.3 0.6010416666666667 0.35555555555555557 0.59609375 0.3648148148148148 0.5901041666666667 0.3680555555555556 0.5802083333333333 0.36712962962962964 0.57421875 0.3597222222222222 0.57265625 0.3296296296296296 0.5640625 0.3125 0.5630208333333333 0.30324074074074076 0.5643229166666667 0.2986111111111111 0.5713541666666667 0.29907407407407405 0.57265625 0.2962962962962963 0.57421875 0.2861111111111111 0.5739583333333333 0.26157407407407407 0.5765625 0.24675925925925926 0.5809895833333333 0.24305555555555555 0.5903645833333333 0.24259259259259258
0 0.8203125 0.6898148148148148 0.82578125 0.6986111111111111 0.8255208333333334 0.7861111111111111 0.8231770833333333 0.7939814814814815 0.8158854166666667 0.7986111111111112 0.8041666666666667 0.7958333333333333 0.8013020833333333 0.7930555555555555 0.7981770833333334 0.7828703703703703 0.7997395833333333 0.7375 0.7989583333333333 0.6962962962962963 0.80078125 0.6916666666666667 0.8059895833333334 0.687962962962963 0.8200520833333333 0.6898148148148148