0 0.8877604166666667 0.12222222222222222 0.8940104166666667 0.12453703703703704 0.8966145833333333 0.1300925925925926 0.8997395833333334 0.2 0.89765625 0.23148148148148148 0.8942708333333333 0.23796296296296296 0.8864583333333333 0.23935185185185184 0.8765625 0.2388888888888889 0.8716145833333333 0.22777777777777777 0.8700520833333333 0.14722222222222223 0.87421875 0.1259259259259259 0.8875 0.12222222222222222
0 0.78125 0.11805555555555555 0.7846354166666667 0.12546296296296297 0.7848958333333333 0.1537037037037037 0.7877604166666666 0.1787037037037037 0.7869791666666667 0.20324074074074075 0.7828125 0.2175925925925926 0.77578125 0.2212962962962963 0.7640625 0.21666666666666667 0.7598958333333333 0.2064814814814815 0.75859375 0.13240740740740742 0.7611979166666667 0.12175925925925926 0.7653645833333333 0.11712962962962963 0.7809895833333333 0.11805555555555555
0 0.6208333333333333 0.6754629629629629 0.6302083333333334 0.6782407407407407 0.6338541666666667 0.6824074074074075 0.63671875 0.7171296296296297 0.63515625 0.7972222222222223 0.63359375 0.8060185185185185 0.6278645833333333 0.8125 0.6125 0.8106481481481481 0.6078125 0.8046296296296296 0.6057291666666667 0.7930555555555555 0.6075520833333333 0.7731481481481481 0.6065104166666667 0.7569444444444444 0.60859375 0.6995370370370371 0.6151041666666667 0.6782407407407407 0.6205729166666667 0.6754629629629629
0 0.85234375 0.24583333333333332 0.859375 0.2513888888888889 0.8635416666666667 0.2611111111111111 0.8674479166666667 0.32407407407407407 0.8651041666666667 0.3490740740740741 0.8557291666666667 0.3527777777777778 0.8450520833333334 0.3523148148148148 0.8411458333333334 0.3476851851851852 0.8356770833333333 0.26666666666666666 0.83828125 0.2523148148148148 0.8432291666666667 0.24722222222222223 0.8520833333333333 0.24583333333333332
0 0.07916666666666666 0.2861111111111111 0.08072916666666667 0.2824074074074074 0.08489583333333334 0.28194444444444444 0.09453125 0.30462962962962964 0.09453125 0.3148148148148148 0.08984375 0.33611111111111114 0.08385416666666666 0.3388888888888889 0.08359375 0.34629629629629627 0.07760416666666667 0.3587962962962963 0.084375 0.3662037037037037 0.08411458333333334 0.36944444444444446 0.07552083333333333 0.38657407407407407 0.06484375 0.3888888888888889 0.06171875 0.3814814814814815 0.057291666666666664 0.37916666666666665 0.055989583333333336 0.36944444444444446 0.0609375 0.3625 0.05364583333333333 0.3453703703703704 0.05911458333333333 0.3287037037037037 0.059375 0.3212962962962963 0.06302083333333333 0.3199074074074074 0.07395833333333333 0.32546296296296295 0.07682291666666667 0.3236111111111111 0.07838541666666667 0.32083333333333336 0.0734375 0.3101851851851852 0.07890625 0.3074074074074074 0.07708333333333334 0.3 0.08151041666666667 0.29305555555555557 0.07942708333333333 0.2865740740740741
0 0.7041666666666667 0.25046296296296294 0.71015625 0.25416666666666665 0.7119791666666667 0.25925925925925924 0.7140625 0.3287037037037037 0.7111979166666667 0.3490740740740741 0.7 0.35462962962962963 0.6916666666666667 0.3527777777777778 0.68828125 0.34675925925925927 0.6861979166666666 0.2810185185185185 0.6890625 0.25277777777777777 0.70390625 0.25046296296296294
0 0.7005208333333334 0.12175925925925926 0.7109375 0.12638888888888888 0.7122395833333334 0.17453703703703705 0.71171875 0.20972222222222223 0.70859375 0.21666666666666667 0.70078125 0.22037037037037038 0.68984375 0.2175925925925926 0.68671875 0.2101851851851852 0.6875 0.12962962962962962 0.6919270833333333 0.12314814814814815 0.7002604166666667 0.12175925925925926
0 0.9651041666666667 0.12268518518518519 0.9716145833333333 0.12638888888888888 0.9744791666666667 0.13148148148148148 0.9768229166666667 0.15555555555555556 0.97734375 0.21712962962962962 0.97421875 0.2273148148148148 0.9669270833333333 0.23425925925925925 0.9567708333333333 0.23194444444444445 0.9486979166666667 0.2199074074074074 0.946875 0.15833333333333333 0.9471354166666667 0.1425925925925926 0.95 0.13055555555555556 0.9567708333333333 0.12268518518518519 0.96484375 0.12268518518518519
0 0.815625 0.10324074074074074 0.8223958333333333 0.1175925925925926 0.8252604166666667 0.14814814814814814 0.825 0.1763888888888889 0.82109375 0.19768518518518519 0.8119791666666667 0.20324074074074075 0.8033854166666666 0.20185185185185187 0.7971354166666667 0.19583333333333333 0.7981770833333334 0.1685185185185185 0.7963541666666667 0.11990740740740741 0.7986979166666667 0.10925925925925926 0.8036458333333333 0.10277777777777777 0.8153645833333333 0.10324074074074074
0 0.81796875 0.5486111111111112 0.8231770833333333 0.5532407407407407 0.82578125 0.5675925925925925 0.8268229166666666 0.6444444444444445 0.8244791666666667 0.6574074074074074 0.8145833333333333 0.6601851851851852 0.8033854166666666 0.6583333333333333 0.8 0.6518518518518519 0.8005208333333333 0.6055555555555555 0.7984375 0.5666666666666667 0.8010416666666667 0.5504629629629629 0.8177083333333334 0.5486111111111112
0 0.7440104166666667 0.2537037037037037 0.7481770833333333 0.2569444444444444 0.7515625 0.2652777777777778 0.7549479166666667 0.34305555555555556 0.75234375 0.3541666666666667 0.74453125 0.3574074074074074 0.7330729166666666 0.3560185185185185 0.7296875 0.34953703703703703 0.7278645833333334 0.29212962962962963 0.72578125 0.2773148148148148 0.7260416666666667 0.26944444444444443 0.7309895833333333 0.2564814814814815 0.74375 0.2537037037037037
0 0.86640625 0.6916666666666667 0.8700520833333333 0.6967592592592593 0.8729166666666667 0.7148148148148148 0.8739583333333333 0.7976851851851852 0.87109375 0.8078703703703703 0.8643229166666667 0.8106481481481481 0.8513020833333333 0.8083333333333333 0.8473958333333333 0.8041666666666667 0.8447916666666667 0.7962962962962963 0.8442708333333333 0.7810185185185186 0.8458333333333333 0.7722222222222223 0.8427083333333333 0.7097222222222223 0.8450520833333334 0.6976851851851852 0.84921875 0.6921296296296297 0.8661458333333333 0.6916666666666667
0 0.9018229166666667 0.25555555555555554 0.9091145833333333 0.26481481481481484 0.91484375 0.29814814814814816 0.9135416666666667 0.3037037037037037 0.9140625 0.3560185185185185 0.9114583333333334 0.36342592592592593 0.9013020833333333 0.3680555555555556 0.8890625 0.36574074074074076 0.8825520833333333 0.3560185185185185 0.88203125 0.34814814814814815 0.8846354166666667 0.3337962962962963 0.88359375 0.29305555555555557 0.8799479166666667 0.287962962962963 0.8794270833333333 0.2824074074074074 0.8864583333333333 0.25833333333333336 0.8927083333333333 0.2550925925925926 0.9015625 0.25555555555555554
0 0.5502604166666667 0.5337962962962963 0.56015625 0.5388888888888889 0.5611979166666666 0.5606481481481481 0.5596354166666667 0.6375 0.5575520833333333 0.6481481481481481 0.55234375 0.6518518518518519 0.5361979166666667 0.6481481481481481 0.5333333333333333 0.638425925925926 0.5361979166666667 0.5370370370370371 0.55 0.5337962962962963
0 0.6236979166666666 0.5407407407407407 0.6299479166666667 0.5439814814814815 0.6330729166666667 0.5537037037037037 0.63671875 0.6412037037037037 0.6333333333333333 0.6546296296296297 0.6291666666666667 0.6587962962962963 0.6200520833333333 0.6611111111111111 0.6127604166666667 0.6592592592592592 0.6088541666666667 0.6486111111111111 0.60546875 0.5587962962962963 0.6059895833333333 0.5504629629629629 0.60859375 0.5439814814814815 0.6234375 0.5407407407407407
0 0.8921875 0.5587962962962963 0.9044270833333333 0.5638888888888889 0.9078125 0.5782407407407407 0.9080729166666667 0.6513888888888889 0.9044270833333333 0.6652777777777777 0.8979166666666667 0.6680555555555555 0.8846354166666667 0.6662037037037037 0.8807291666666667 0.6611111111111111 0.8802083333333334 0.5671296296296297 0.8830729166666667 0.5606481481481481 0.8919270833333334 0.5587962962962963
0 0.6682291666666667 0.12083333333333333 0.6736979166666667 0.12546296296296297 0.6763020833333333 0.13657407407407407 0.6752604166666667 0.22083333333333333 0.6723958333333333 0.22870370370370371 0.6630208333333333 0.23564814814814813 0.65078125 0.23148148148148148 0.6471354166666666 0.22268518518518518 0.6471354166666666 0.20972222222222223 0.65078125 0.1398148148148148 0.6528645833333333 0.12685185185185185 0.6575520833333334 0.12129629629629629 0.66796875 0.12083333333333333
0 0.7799479166666666 0.549537037037037 0.7869791666666667 0.5532407407407407 0.78984375 0.5606481481481481 0.7924479166666667 0.6337962962962963 0.790625 0.6509259259259259 0.7791666666666667 0.6574074074074074 0.7692708333333333 0.6546296296296297 0.765625 0.6425925925925926 0.7653645833333333 0.6023148148148149 0.7627604166666667 0.5685185185185185 0.765625 0.5541666666666667 0.771875 0.55 0.7796875 0.549537037037037
0 0.59296875 0.11990740740740741 0.60078125 0.12638888888888888 0.6020833333333333 0.1574074074074074 0.6010416666666667 0.20092592592592592 0.59921875 0.22175925925925927 0.5893229166666667 0.23194444444444445 0.58046875 0.2300925925925926 0.5739583333333333 0.2175925925925926 0.5755208333333334 0.1300925925925926 0.578125 0.12175925925925926 0.5927083333333333 0.11990740740740741
0 0.8565104166666667 0.5513888888888889 0.8674479166666667 0.5560185185185185 0.8700520833333333 0.5685185185185185 0.8674479166666667 0.6592592592592592 0.8638020833333333 0.6699074074074074 0.8559895833333333 0.675 0.84609375 0.6731481481481482 0.8408854166666667 0.6685185185185185 0.8390625 0.649074074074074 0.84375 0.5648148148148148 0.8486979166666667 0.5523148148148148 0.85625 0.5513888888888889
0 0.5888020833333333 0.24027777777777778 0.59921875 0.2439814814814815 0.6018229166666667 0.25462962962962965 0.6028645833333334 0.3425925925925926 0.60234375 0.3537037037037037 0.59921875 0.3625 0.5869791666666667 0.36712962962962964 0.5815104166666667 0.36666666666666664 0.5760416666666667 0.3592592592592593 0.57421875 0.3490740740740741 0.57421875 0.3287037037037037 0.5770833333333333 0.24722222222222223 0.578125 0.2439814814814815 0.5885416666666666 0.24027777777777778
0 0.9354166666666667 0.549074074074074 0.9403645833333333 0.5518518518518518 0.9455729166666667 0.5606481481481481 0.9486979166666667 0.5921296296296297 0.9486979166666667 0.662962962962963 0.94609375 0.6708333333333333 0.9388020833333334 0.6736111111111112 0.9263020833333333 0.6722222222222223 0.9216145833333333 0.6638888888888889 0.9192708333333334 0.6305555555555555 0.9200520833333333 0.6032407407407407 0.91640625 0.5708333333333333 0.9171875 0.5611111111111111 0.92109375 0.5523148148148148 0.93515625 0.549074074074074
0 0.58515625 0.6884259259259259 0.59609375 0.6958333333333333 0.596875 0.7277777777777777 0.59375 0.8041666666666667 0.5890625 0.8143518518518519 0.5817708333333333 0.8175925925925925 0.5708333333333333 0.812037037037037 0.56796875 0.8041666666666667 0.5674479166666667 0.7930555555555555 0.5697916666666667 0.7722222222222223 0.571875 0.6972222222222222 0.575 0.6902777777777778 0.5848958333333333 0.6884259259259259
0 0.70078125 0.6814814814814815 0.7106770833333333 0.687037037037037 0.7135416666666666 0.6995370370370371 0.7119791666666667 0.7134259259259259 0.71328125 0.7430555555555556 0.71171875 0.7912037037037037 0.7104166666666667 0.7972222222222223 0.7065104166666667 0.8 0.6885416666666667 0.7986111111111112 0.6830729166666667 0.7907407407407407 0.6856770833333333 0.6944444444444444 0.6890625 0.6833333333333333 0.7005208333333334 0.6814814814814815
0 0.7416666666666667 0.6930555555555555 0.7450520833333333 0.6958333333333333 0.7479166666666667 0.7074074074074074 0.7510416666666667 0.7703703703703704 0.7494791666666667 0.7851851851851852 0.7421875 0.7893518518518519 0.7299479166666667 0.7893518518518519 0.7263020833333333 0.7865740740740741 0.7205729166666667 0.7074074074074074 0.7236979166666667 0.6953703703703704 0.7296875 0.6921296296296297 0.74140625 0.6930555555555555
0 0.5442708333333334 0.6759259259259259 0.5510416666666667 0.6782407407407407 0.5544270833333333 0.6851851851851852 0.5559895833333334 0.7699074074074074 0.5544270833333333 0.7828703703703703 0.5515625 0.7898148148148149 0.5434895833333333 0.7949074074074074 0.5328125 0.7898148148148149 0.52890625 0.7805555555555556 0.5278645833333333 0.6986111111111111 0.5291666666666667 0.6861111111111111 0.5322916666666667 0.6787037037037037 0.5440104166666667 0.6759259259259259
0 0.7552083333333334 0.8458333333333333 0.80078125 0.8472222222222222 0.80703125 0.85 0.8104166666666667 0.8569444444444444 0.8109375 0.8847222222222222 0.8080729166666667 0.8935185185185185 0.7666666666666667 0.8962962962962963 0.746875 0.8939814814814815 0.740625 0.8865740740740741 0.7395833333333334 0.8606481481481482 0.7408854166666666 0.8518518518518519 0.7447916666666666 0.8476851851851852 0.7549479166666667 0.8458333333333333
0 0.6645833333333333 0.26435185185185184 0.6723958333333333 0.27037037037037037 0.675 0.2953703703703704 0.6723958333333333 0.34629629629629627 0.6700520833333333 0.350462962962963 0.6643229166666667 0.35185185185185186 0.6510416666666666 0.3509259259259259 0.64765625 0.3449074074074074 0.65 0.27037037037037037 0.6546875 0.26481481481481484 0.6643229166666667 0.26435185185185184
0 0.7434895833333334 0.08055555555555556 0.7486979166666666 0.08425925925925926 0.7510416666666667 0.09212962962962963 0.7518229166666667 0.11990740740740741 0.7481770833333333 0.1865740740740741 0.7450520833333333 0.19722222222222222 0.7380208333333333 0.2023148148148148 0.7278645833333334 0.2013888888888889 0.7208333333333333 0.1962962962962963 0.71953125 0.18009259259259258 0.7223958333333333 0.15601851851851853 0.7231770833333333 0.1125 0.7270833333333333 0.08842592592592592 0.73359375 0.08009259259259259 0.7432291666666667 0.08055555555555556
0 0.7221354166666667 0.37777777777777777 0.7526041666666666 0.3814814814814815 0.7580729166666667 0.3861111111111111 0.7596354166666667 0.39351851851851855 0.75859375 0.4212962962962963 0.7565104166666666 0.42592592592592593 0.7526041666666666 0.4273148148148148 0.7 0.4217592592592593 0.6966145833333334 0.4125 0.6986979166666667 0.38333333333333336 0.7018229166666666 0.37916666666666665 0.7098958333333333 0.3763888888888889 0.721875 0.37777777777777777
0 0.6291666666666667 0.23657407407407408 0.63671875 0.2412037037037037 0.6393229166666666 0.25046296296296294 0.6401041666666667 0.27037037037037037 0.63828125 0.300462962962963 0.640625 0.32314814814814813 0.6375 0.34444444444444444 0.6299479166666667 0.3490740740740741 0.6158854166666666 0.34629629629629627 0.61328125 0.3388888888888889 0.6125 0.32546296296296295 0.6127604166666667 0.24768518518518517 0.61953125 0.2375 0.62890625 0.23657407407407408
0 0.66328125 0.9722222222222222 0.6716145833333333 0.9856481481481482 0.6734375 0.999537037037037 0.64453125 0.999537037037037 0.6463541666666667 0.9810185185185185 0.6502604166666667 0.9736111111111111 0.6630208333333333 0.9722222222222222
0 0.8497395833333333 0.13194444444444445 0.8572916666666667 0.13472222222222222 0.8606770833333334 0.14305555555555555 0.8609375 0.2037037037037037 0.859375 0.22361111111111112 0.8494791666666667 0.23148148148148148 0.83828125 0.23055555555555557 0.8348958333333333 0.22685185185185186 0.83359375 0.22037037037037038 0.8348958333333333 0.13703703703703704 0.8380208333333333 0.13287037037037036 0.8494791666666667 0.13194444444444445
0 0.7385416666666667 0.5365740740740741 0.75078125 0.5430555555555555 0.75234375 0.6027777777777777 0.74921875 0.6365740740740741 0.7450520833333333 0.6412037037037037 0.73828125 0.6425925925925926 0.73046875 0.6407407407407407 0.72734375 0.6365740740740741 0.72578125 0.6023148148148149 0.7270833333333333 0.5430555555555555 0.7299479166666667 0.538425925925926 0.73828125 0.5365740740740741
0 0.7065104166666667 0.5550925925925926 0.7119791666666667 0.5569444444444445 0.7143229166666667 0.5615740740740741 0.7161458333333334 0.6162037037037037 0.71328125 0.6226851851851852 0.7033854166666667 0.6236111111111111 0.6934895833333333 0.6231481481481481 0.6916666666666667 0.6199074074074075 0.6932291666666667 0.5953703703703703 0.6916666666666667 0.5634259259259259 0.6924479166666667 0.5587962962962963 0.6953125 0.5564814814814815 0.70625 0.5550925925925926
0 0.62421875 0.10277777777777777 0.6338541666666667 0.10833333333333334 0.6375 0.12222222222222222 0.63828125 0.15231481481481482 0.6361979166666667 0.18101851851851852 0.6375 0.20324074074074075 0.6341145833333334 0.2125 0.6276041666666666 0.21712962962962962 0.6151041666666667 0.21435185185185185 0.6114583333333333 0.2064814814814815 0.6109375 0.1962962962962963 0.6125 0.11712962962962963 0.6158854166666666 0.10787037037037037 0.6239583333333333 0.10277777777777777
0 0.965625 0.24722222222222223 0.9721354166666667 0.25092592592592594 0.975 0.2564814814814815 0.9778645833333334 0.29074074074074074 0.9763020833333333 0.3486111111111111 0.9736979166666667 0.3560185185185185 0.9651041666666667 0.36064814814814816 0.9518229166666666 0.3560185185185185 0.9455729166666667 0.3453703703703704 0.9453125 0.337037037037037 0.9471354166666667 0.30324074074074076 0.94609375 0.2652777777777778 0.9526041666666667 0.25046296296296294 0.9653645833333333 0.24722222222222223
0 0.8184895833333333 0.6865740740740741 0.8247395833333333 0.6907407407407408 0.8270833333333333 0.6962962962962963 0.82734375 0.7657407407407407 0.82578125 0.7907407407407407 0.81640625 0.7976851851851852 0.8065104166666667 0.7953703703703704 0.80234375 0.7902777777777777 0.8 0.7824074074074074 0.8010416666666667 0.7486111111111111 0.79921875 0.6990740740740741 0.8005208333333333 0.6921296296296297 0.8036458333333333 0.687962962962963 0.8182291666666667 0.6865740740740741
0 0.784375 0.6814814814814815 0.78984375 0.6875 0.79140625 0.6953703703703704 0.7934895833333333 0.7842592592592592 0.7885416666666667 0.8004629629629629 0.78046875 0.8037037037037037 0.7697916666666667 0.8004629629629629 0.7653645833333333 0.7902777777777777 0.7635416666666667 0.7050925925925926 0.7669270833333334 0.6837962962962963 0.775 0.6805555555555556 0.7841145833333333 0.6814814814814815
0 0.6630208333333333 0.6939814814814815 0.6716145833333333 0.6953703703703704 0.6752604166666667 0.7046296296296296 0.6736979166666667 0.7203703703703703 0.6734375 0.788425925925926 0.6692708333333334 0.8037037037037037 0.6630208333333333 0.8083333333333333 0.65 0.8060185185185185 0.6463541666666667 0.7972222222222223 0.6481770833333333 0.7625 0.6473958333333333 0.7189814814814814 0.65 0.6958333333333333 0.6627604166666666 0.6939814814814815
0 0.8174479166666667 0.23703703703703705 0.8223958333333333 0.2412037037037037 0.8247395833333333 0.2518518518518518 0.8265625 0.28703703703703703 0.8252604166666667 0.32037037037037036 0.81640625 0.325 0.80703125 0.324537037037037 0.8020833333333334 0.31851851851851853 0.80234375 0.2763888888888889 0.8 0.25462962962962965 0.803125 0.23981481481481481 0.8171875 0.23703703703703705
0 0.7796875 0.23425925925925925 0.7872395833333333 0.23935185185185184 0.7916666666666666 0.2518518518518518 0.7924479166666667 0.30694444444444446 0.7919270833333333 0.3300925925925926 0.7895833333333333 0.34074074074074073 0.7799479166666666 0.34629629629629627 0.76875 0.3435185185185185 0.7653645833333333 0.33611111111111114 0.7638020833333333 0.25787037037037036 0.76484375 0.2449074074074074 0.7674479166666667 0.23981481481481481 0.7752604166666667 0.2337962962962963 0.7794270833333333 0.23425925925925925
0 0.5971354166666667 0.4134259259259259 0.6125 0.425 0.61796875 0.43425925925925923 0.64453125 0.4597222222222222 0.6466145833333333 0.4708333333333333 0.640625 0.49444444444444446 0.6372395833333333 0.49953703703703706 0.6263020833333334 0.49583333333333335 0.5966145833333333 0.4638888888888889 0.5848958333333333 0.4564814814814815 0.5815104166666667 0.45046296296296295 0.58125 0.43333333333333335 0.5848958333333333 0.4222222222222222 0.5890625 0.4148148148148148 0.596875 0.4134259259259259