0 0.88828125 0.11851851851851852 0.8940104166666667 0.12175925925925926 0.8966145833333333 0.1310185185185185 0.8986979166666667 0.2175925925925926 0.8979166666666667 0.2263888888888889 0.8953125 0.23194444444444445 0.8880208333333334 0.2361111111111111 0.8760416666666667 0.2351851851851852 0.8703125 0.22361111111111112 0.8684895833333334 0.15138888888888888 0.8705729166666667 0.13055555555555556 0.8734375 0.12175925925925926 0.8880208333333334 0.11851851851851852
0 0.5885416666666666 0.23564814814814813 0.5984375 0.23842592592592593 0.5997395833333333 0.2412037037037037 0.60234375 0.337037037037037 0.60078125 0.350462962962963 0.5958333333333333 0.36018518518518516 0.5828125 0.3625 0.578125 0.3592592592592593 0.5734375 0.34629629629629627 0.5752604166666667 0.25416666666666665 0.5776041666666667 0.23981481481481481 0.58828125 0.23564814814814813
0 0.8114583333333333 0.09768518518518518 0.81796875 0.10231481481481482 0.8213541666666667 0.11157407407407408 0.8234375 0.17175925925925925 0.82109375 0.1912037037037037 0.8169270833333333 0.19675925925925927 0.8109375 0.19907407407407407 0.80078125 0.19675925925925927 0.7963541666666667 0.1912037037037037 0.7971354166666667 0.16064814814814815 0.7942708333333334 0.11990740740740741 0.8005208333333333 0.10092592592592593 0.8111979166666666 0.09768518518518518
0 0.621875 0.6777777777777778 0.6299479166666667 0.6810185185185185 0.63359375 0.6902777777777778 0.6359375 0.7546296296296297 0.63359375 0.7962962962962963 0.63046875 0.8046296296296296 0.6234375 0.8078703703703703 0.609375 0.8050925925925926 0.6046875 0.7939814814814815 0.6067708333333334 0.7518518518518519 0.6052083333333333 0.7407407407407407 0.60859375 0.6916666666666667 0.6119791666666666 0.6810185185185185 0.6216145833333333 0.6777777777777778
0 0.7791666666666667 0.5453703703703704 0.7859375 0.55 0.7888020833333333 0.5601851851851852 0.790625 0.6300925925925925 0.7875 0.6486111111111111 0.7760416666666666 0.6527777777777778 0.76875 0.6504629629629629 0.7640625 0.6370370370370371 0.7645833333333333 0.6023148148148149 0.7619791666666667 0.5569444444444445 0.765625 0.5486111111111112 0.77890625 0.5453703703703704
0 0.7403645833333333 0.24861111111111112 0.7455729166666667 0.2513888888888889 0.75078125 0.2625 0.7536458333333333 0.3333333333333333 0.7526041666666666 0.3490740740740741 0.7419270833333333 0.3541666666666667 0.7325520833333333 0.35324074074074074 0.7286458333333333 0.34629629629629627 0.7252604166666666 0.27037037037037037 0.7265625 0.2587962962962963 0.7296875 0.25277777777777777 0.7401041666666667 0.24861111111111112
0 0.8640625 0.4726851851851852 0.89296875 0.47638888888888886 0.90078125 0.4828703703703704 0.903125 0.49027777777777776 0.9013020833333333 0.5157407407407407 0.8989583333333333 0.5203703703703704 0.8940104166666667 0.5226851851851851 0.8473958333333333 0.5189814814814815 0.8419270833333333 0.5157407407407407 0.8377604166666667 0.4986111111111111 0.84140625 0.4773148148148148 0.8479166666666667 0.4726851851851852 0.8638020833333333 0.4726851851851852
0 0.8502604166666666 0.12824074074074074 0.8557291666666667 0.13055555555555556 0.85859375 0.1375 0.8598958333333333 0.19953703703703704 0.8575520833333333 0.22083333333333333 0.85 0.2273148148148148 0.8354166666666667 0.225 0.8325520833333333 0.2125 0.8341145833333333 0.13333333333333333 0.83828125 0.1287037037037037 0.85 0.12824074074074074
0 0.859375 0.6865740740740741 0.8674479166666667 0.6916666666666667 0.8713541666666667 0.7050925925925926 0.8729166666666667 0.7935185185185185 0.8697916666666666 0.8037037037037037 0.8630208333333333 0.8060185185185185 0.8481770833333333 0.8023148148148148 0.8434895833333333 0.7870370370370371 0.8447916666666667 0.7578703703703704 0.8419270833333333 0.7018518518518518 0.8473958333333333 0.6888888888888889 0.8591145833333333 0.6865740740740741
0 0.7375 0.6865740740740741 0.7432291666666667 0.6907407407407408 0.7466145833333333 0.7027777777777777 0.7494791666666667 0.7680555555555556 0.74765625 0.7814814814814814 0.7388020833333333 0.7851851851851852 0.72734375 0.7842592592592592 0.7239583333333334 0.7787037037037037 0.7221354166666667 0.7282407407407407 0.7197916666666667 0.7087962962962963 0.7197916666666667 0.6958333333333333 0.7216145833333333 0.6921296296296297 0.7260416666666667 0.6884259259259259 0.7372395833333333 0.6865740740740741
0 0.6580729166666667 0.9546296296296296 0.6645833333333333 0.9574074074074074 0.6705729166666666 0.9703703703703703 0.67109375 0.999537037037037 0.6434895833333333 0.999537037037037 0.6432291666666666 0.9736111111111111 0.6453125 0.9629629629629629 0.6502604166666667 0.9560185185185185 0.6578125 0.9546296296296296
0 0.016666666666666666 0.4388888888888889 0.0265625 0.4449074074074074 0.02734375 0.46111111111111114 0.021354166666666667 0.4912037037037037 0.021614583333333333 0.5189814814814815 0.01875 0.5365740740740741 0.015625 0.5430555555555555 0.009635416666666667 0.5449074074074074 0 0.5430555555555555 0 0.4648148148148148 0.0018229166666666667 0.46435185185185185 0.006510416666666667 0.44074074074074077 0.01640625 0.4388888888888889
0 0.6265625 0.5365740740740741 0.6299479166666667 0.5393518518518519 0.6322916666666667 0.5518518518518518 0.6354166666666666 0.6337962962962963 0.6341145833333334 0.6439814814814815 0.63046875 0.6518518518518519 0.62109375 0.6555555555555556 0.6119791666666666 0.6541666666666667 0.6091145833333333 0.6504629629629629 0.6067708333333334 0.6407407407407407 0.6044270833333333 0.5541666666666667 0.60546875 0.5430555555555555 0.6083333333333333 0.538425925925926 0.6263020833333334 0.5365740740740741
0 0.8955729166666667 0.5550925925925926 0.90234375 0.5592592592592592 0.9052083333333333 0.5652777777777778 0.90703125 0.6268518518518519 0.9044270833333333 0.6546296296296297 0.9015625 0.6615740740740741 0.89453125 0.6638888888888889 0.88359375 0.6620370370370371 0.8791666666666667 0.6546296296296297 0.878125 0.600462962962963 0.8799479166666667 0.5597222222222222 0.8864583333333333 0.5555555555555556 0.8953125 0.5550925925925926
0 0.7760416666666666 0.22916666666666666 0.7864583333333334 0.23564814814814813 0.7908854166666667 0.2537037037037037 0.7901041666666667 0.3296296296296296 0.7875 0.33935185185185185 0.7822916666666667 0.3416666666666667 0.76796875 0.3388888888888889 0.7638020833333333 0.324537037037037 0.7640625 0.2412037037037037 0.7682291666666666 0.23287037037037037 0.77578125 0.22916666666666666
0 0.6674479166666667 0.11712962962962963 0.67265625 0.12037037037037036 0.6752604166666667 0.13472222222222222 0.6739583333333333 0.21342592592592594 0.6713541666666667 0.22453703703703703 0.6627604166666666 0.23148148148148148 0.6510416666666666 0.22777777777777777 0.646875 0.22037037037037038 0.64609375 0.2064814814814815 0.6505208333333333 0.12638888888888888 0.6567708333333333 0.11712962962962963 0.6671875 0.11712962962962963
0 0.590625 0.11527777777777778 0.59765625 0.11851851851851852 0.6002604166666666 0.12314814814814815 0.5997395833333333 0.19768518518518519 0.59765625 0.2162037037037037 0.5940104166666667 0.22361111111111112 0.5885416666666666 0.22777777777777777 0.5817708333333333 0.2273148148148148 0.5744791666666667 0.21898148148148147 0.57265625 0.19537037037037036 0.5755208333333334 0.12222222222222222 0.58125 0.11574074074074074 0.5903645833333333 0.11527777777777778
0 0.37604166666666666 0.6333333333333333 0.37916666666666665 0.6375 0.3802083333333333 0.6444444444444445 0.37838541666666664 0.7175925925925926 0.37473958333333335 0.7305555555555555 0.36614583333333334 0.7398148148148148 0.35625 0.7282407407407407 0.3533854166666667 0.7189814814814814 0.35572916666666665 0.6453703703703704 0.35859375 0.6342592592592593 0.37578125 0.6333333333333333
0 0.9341145833333333 0.5453703703703704 0.9403645833333333 0.549074074074074 0.9442708333333333 0.5569444444444445 0.9466145833333334 0.5680555555555555 0.94765625 0.5967592592592592 0.9473958333333333 0.6569444444444444 0.94296875 0.6680555555555555 0.9364583333333333 0.6699074074074074 0.9252604166666667 0.6675925925925926 0.9205729166666666 0.6601851851851852 0.9177083333333333 0.6166666666666667 0.9192708333333334 0.6023148148148149 0.9177083333333333 0.5990740740740741 0.9161458333333333 0.575925925925926 0.9161458333333333 0.5592592592592592 0.9184895833333333 0.55 0.9234375 0.5462962962962963 0.9338541666666667 0.5453703703703704
0 0.5825520833333333 0.6833333333333333 0.59296875 0.687962962962963 0.5963541666666666 0.6995370370370371 0.5942708333333333 0.7324074074074074 0.5963541666666666 0.7620370370370371 0.5921875 0.8009259259259259 0.5888020833333333 0.8101851851851852 0.5830729166666667 0.8125 0.57109375 0.8101851851851852 0.5671875 0.8037037037037037 0.5661458333333333 0.7972222222222223 0.5661458333333333 0.7861111111111111 0.5682291666666667 0.7791666666666667 0.5671875 0.7444444444444445 0.5697916666666667 0.6939814814814815 0.5736979166666667 0.6851851851851852 0.5822916666666667 0.6833333333333333
0 0.9005208333333333 0.39814814814814814 0.9453125 0.42083333333333334 0.9471354166666667 0.42962962962962964 0.94609375 0.44675925925925924 0.9434895833333333 0.4564814814814815 0.9390625 0.462037037037037 0.90859375 0.4532407407407407 0.88359375 0.4393518518518518 0.88125 0.4324074074074074 0.88359375 0.4060185185185185 0.8895833333333333 0.3972222222222222 0.9002604166666667 0.39814814814814814
0 0.7002604166666667 0.6768518518518518 0.7065104166666667 0.6796296296296296 0.71015625 0.6851851851851852 0.7119791666666667 0.6986111111111111 0.7109375 0.7907407407407407 0.7036458333333333 0.7958333333333333 0.6854166666666667 0.7939814814814815 0.6815104166666667 0.7833333333333333 0.6848958333333334 0.6865740740740741 0.6888020833333334 0.6777777777777778 0.7 0.6768518518518518
0 0.5442708333333334 0.6708333333333333 0.5536458333333333 0.6787037037037037 0.5552083333333333 0.725925925925926 0.5544270833333333 0.775 0.55078125 0.7847222222222222 0.54453125 0.7893518518518519 0.5356770833333333 0.788425925925926 0.53046875 0.7837962962962963 0.5278645833333333 0.7759259259259259 0.5263020833333333 0.7560185185185185 0.5276041666666667 0.6791666666666667 0.5356770833333333 0.6712962962962963 0.5440104166666667 0.6708333333333333
0 0.703125 0.1175925925925926 0.7075520833333333 0.11990740740740741 0.71015625 0.1259259259259259 0.7114583333333333 0.17407407407407408 0.71015625 0.2074074074074074 0.70625 0.21388888888888888 0.7 0.21574074074074073 0.6893229166666667 0.21435185185185185 0.6856770833333333 0.20694444444444443 0.6864583333333333 0.12638888888888888 0.6908854166666667 0.11898148148148148 0.7028645833333333 0.1175925925925926
0 0.6653645833333334 0.2611111111111111 0.671875 0.26851851851851855 0.6729166666666667 0.287962962962963 0.6716145833333333 0.34074074074074073 0.6703125 0.3458333333333333 0.6653645833333334 0.3486111111111111 0.6502604166666667 0.3472222222222222 0.6473958333333333 0.3449074074074074 0.6463541666666667 0.3384259259259259 0.6479166666666667 0.32083333333333336 0.64765625 0.2689814814814815 0.6526041666666667 0.2611111111111111 0.6651041666666667 0.2611111111111111
0 0.7919270833333333 0.39814814814814814 0.8236979166666667 0.4023148148148148 0.8390625 0.4078703703703704 0.8419270833333333 0.41435185185185186 0.8419270833333333 0.44166666666666665 0.8385416666666666 0.4486111111111111 0.8315104166666667 0.45185185185185184 0.78515625 0.44675925925925924 0.7763020833333333 0.44212962962962965 0.7731770833333333 0.4351851851851852 0.771875 0.425462962962963 0.7723958333333333 0.4134259259259259 0.7752604166666667 0.40370370370370373 0.7796875 0.39861111111111114 0.7916666666666666 0.39814814814814814
0 0.7828125 0.1162037037037037 0.7864583333333334 0.15648148148148147 0.7856770833333333 0.20185185185185187 0.7828125 0.21342592592592594 0.7744791666666667 0.21805555555555556 0.76875 0.21712962962962962 0.7635416666666667 0.2064814814814815 0.7591145833333334 0.20277777777777778 0.7575520833333333 0.12777777777777777 0.7588541666666667 0.11990740740740741 0.7643229166666666 0.11388888888888889 0.7825520833333334 0.1162037037037037
0 0.55 0.5287037037037037 0.5591145833333333 0.5328703703703703 0.5604166666666667 0.55 0.5588541666666667 0.5884259259259259 0.5604166666666667 0.6023148148148149 0.5583333333333333 0.6375 0.55546875 0.6439814814814815 0.55 0.6472222222222223 0.5361979166666667 0.6444444444444445 0.53203125 0.6351851851851852 0.5346354166666667 0.5337962962962963 0.53984375 0.5287037037037037 0.5497395833333333 0.5287037037037037
0 0.8526041666666667 0.24259259259259258 0.859375 0.24814814814814815 0.8627604166666667 0.25787037037037036 0.86484375 0.27546296296296297 0.8661458333333333 0.3300925925925926 0.8627604166666667 0.34675925925925927 0.8513020833333333 0.3486111111111111 0.8424479166666666 0.3472222222222222 0.8390625 0.3384259259259259 0.8346354166666666 0.2574074074074074 0.8375 0.24768518518518517 0.8408854166666667 0.2439814814814815 0.85234375 0.24259259259259258
0 0.62734375 0.2324074074074074 0.6346354166666667 0.2361111111111111 0.6377604166666667 0.2439814814814815 0.6388020833333333 0.32175925925925924 0.63671875 0.33935185185185185 0.6317708333333333 0.3435185185185185 0.6231770833333333 0.3449074074074074 0.6153645833333333 0.3425925925925926 0.6125 0.3347222222222222 0.6109375 0.24768518518518517 0.6127604166666667 0.23796296296296296 0.615625 0.23472222222222222 0.6270833333333333 0.2324074074074074
0 0.96484375 0.11990740740740741 0.971875 0.125 0.9752604166666666 0.13472222222222222 0.9765625 0.20972222222222223 0.9736979166666667 0.22361111111111112 0.9645833333333333 0.23055555555555557 0.95625 0.22870370370370371 0.9486979166666667 0.2175925925925926 0.94609375 0.14907407407407408 0.946875 0.13425925925925927 0.9510416666666667 0.12314814814814815 0.9565104166666667 0.11898148148148148 0.9645833333333333 0.11990740740740741
0 0.74453125 0.5333333333333333 0.7484375 0.5361111111111111 0.7505208333333333 0.5425925925925926 0.7502604166666667 0.624537037037037 0.7473958333333334 0.6337962962962963 0.7385416666666667 0.637962962962963 0.72734375 0.6347222222222222 0.725 0.6287037037037037 0.7255208333333333 0.5430555555555555 0.7265625 0.5361111111111111 0.7291666666666666 0.5337962962962963 0.7442708333333333 0.5333333333333333
0 0.88125 0 0.9471354166666667 0 0.9427083333333334 0.018518518518518517 0.9296875 0.02546296296296296 0.8932291666666666 0.006481481481481481 0.8833333333333333 0.005555555555555556 0.88125 0.000462962962962963
0 0.6244791666666667 0.09861111111111111 0.6296875 0.10046296296296296 0.6348958333333333 0.10787037037037037 0.6380208333333334 0.14351851851851852 0.6359375 0.20324074074074075 0.6317708333333333 0.2101851851851852 0.6247395833333333 0.21342592592592594 0.6161458333333333 0.21203703703703702 0.61171875 0.20694444444444443 0.61015625 0.18518518518518517 0.6111979166666667 0.11296296296296296 0.61640625 0.10231481481481482 0.62421875 0.09861111111111111
0 0.9638020833333333 0.24351851851851852 0.9739583333333334 0.2513888888888889 0.97734375 0.2828703703703704 0.97734375 0.32407407407407407 0.975 0.3453703703703704 0.97109375 0.35324074074074074 0.9645833333333333 0.35694444444444445 0.94921875 0.35185185185185186 0.9453125 0.3449074074074074 0.9442708333333333 0.33611111111111114 0.9463541666666667 0.28888888888888886 0.9442708333333333 0.26851851851851855 0.9458333333333333 0.25833333333333336 0.9489583333333333 0.24953703703703703 0.953125 0.2449074074074074 0.9635416666666666 0.24351851851851852
0 0.86015625 0.5481481481481482 0.8671875 0.5532407407407407 0.8692708333333333 0.5675925925925925 0.8653645833333333 0.6606481481481481 0.86328125 0.6657407407407407 0.8567708333333334 0.6703703703703704 0.8458333333333333 0.6689814814814815 0.8403645833333333 0.6648148148148149 0.83828125 0.6601851851851852 0.8375 0.6449074074074074 0.8432291666666667 0.5569444444444445 0.8484375 0.5481481481481482 0.8598958333333333 0.5481481481481482
0 0.8125 0.5435185185185185 0.8223958333333333 0.55 0.8244791666666667 0.5601851851851852 0.82578125 0.5875 0.8252604166666667 0.6481481481481481 0.8213541666666667 0.6541666666666667 0.815625 0.6560185185185186 0.8033854166666666 0.6546296296296297 0.7989583333333333 0.649537037037037 0.7979166666666667 0.5532407407407407 0.80234375 0.5449074074074074 0.8122395833333333 0.5435185185185185
0 0.7 0.24444444444444444 0.7065104166666667 0.24675925925925926 0.7106770833333333 0.2518518518518518 0.71328125 0.30277777777777776 0.7111979166666667 0.3449074074074074 0.7075520833333333 0.34953703703703703 0.7 0.350462962962963 0.6911458333333333 0.3490740740740741 0.6877604166666667 0.3449074074074074 0.6856770833333333 0.2722222222222222 0.6861979166666666 0.2569444444444444 0.68828125 0.2490740740740741 0.6997395833333333 0.24444444444444444
0 0.6578125 0.6898148148148148 0.6705729166666666 0.6916666666666667 0.67421875 0.6986111111111111 0.6729166666666667 0.7842592592592592 0.6682291666666667 0.799537037037037 0.6622395833333333 0.8037037037037037 0.6481770833333333 0.8 0.6442708333333333 0.7833333333333333 0.6463541666666667 0.7013888888888888 0.6520833333333333 0.6907407407407408 0.6575520833333334 0.6898148148148148
0 0.7096354166666666 0.5523148148148148 0.71328125 0.5574074074074075 0.71484375 0.5736111111111111 0.71484375 0.6129629629629629 0.71328125 0.6185185185185185 0.7104166666666667 0.6194444444444445 0.6921875 0.6185185185185185 0.6901041666666666 0.6134259259259259 0.6916666666666667 0.5986111111111111 0.6911458333333333 0.5546296296296296 0.6971354166666667 0.5513888888888889 0.709375 0.5523148148148148
0 0.7765625 0.6763888888888889 0.7880208333333333 0.6819444444444445 0.790625 0.6986111111111111 0.7919270833333333 0.7305555555555555 0.7916666666666666 0.7819444444444444 0.78671875 0.7962962962962963 0.7807291666666667 0.799074074074074 0.77109375 0.7972222222222223 0.7653645833333333 0.7898148148148149 0.7625 0.7277777777777777 0.7619791666666667 0.6976851851851852 0.7643229166666666 0.6819444444444445 0.7671875 0.6777777777777778 0.7763020833333333 0.6763888888888889
0 0.81875 0.23333333333333334 0.82265625 0.23796296296296296 0.8247395833333333 0.25277777777777777 0.82578125 0.30416666666666664 0.825 0.3148148148148148 0.8171875 0.3212962962962963 0.8067708333333333 0.32083333333333336 0.8010416666666667 0.3143518518518518 0.8015625 0.27546296296296297 0.7997395833333333 0.25324074074074077 0.80078125 0.2412037037037037 0.8036458333333333 0.23425925925925925 0.8184895833333333 0.23333333333333334
0 0.9002604166666667 0.2513888888888889 0.9078125 0.2587962962962963 0.9143229166666667 0.2935185185185185 0.9111979166666667 0.3 0.91328125 0.3236111111111111 0.9119791666666667 0.3560185185185185 0.9083333333333333 0.36203703703703705 0.8997395833333334 0.3648148148148148 0.8869791666666667 0.3625 0.88125 0.35185185185185186 0.8833333333333333 0.31805555555555554 0.8822916666666667 0.2898148148148148 0.8794270833333333 0.2847222222222222 0.8786458333333333 0.2777777777777778 0.8856770833333333 0.2550925925925926 0.8916666666666667 0.2513888888888889 0.9 0.2513888888888889
0 0.81796875 0.6824074074074075 0.82265625 0.6856481481481481 0.8252604166666667 0.6921296296296297 0.8265625 0.7523148148148148 0.8247395833333333 0.7851851851851852 0.815625 0.7935185185185185 0.8033854166666666 0.7898148148148149 0.7997395833333333 0.7824074074074074 0.7984375 0.7615740740740741 0.8015625 0.7476851851851852 0.7981770833333334 0.6949074074074074 0.8028645833333333 0.6837962962962963 0.8177083333333334 0.6824074074074075