0 0.1171875 0.287962962962963 0.05520833333333333 0.04259259259259259
0 0.4296875 0.287962962962963 0.05520833333333333 0.03888888888888889
0 0.1109375 0.337037037037037 0.057291666666666664 0.040740740740740744
0 0.9348958333333334 0.24722222222222223 0.051041666666666666 0.03888888888888889
0 0.5911458333333334 0.23981481481481481 0.06145833333333333 0.04259259259259259
0 0.7041666666666667 0.24166666666666667 0.05416666666666667 0.046296296296296294
0 0.27291666666666664 0.24074074074074073 0.05416666666666667 0.040740740740740744
0 0.9411458333333333 0.6259259259259259 0.053125 0.040740740740740744
0 0.9385416666666667 0.575925925925926 0.05416666666666667 0.040740740740740744
0 0.8765625 0.3425925925925926 0.057291666666666664 0.040740740740740744
0 0.8765625 0.25555555555555554 0.057291666666666664 0.044444444444444446
0 0.7630208333333334 0.39166666666666666 0.06145833333333333 0.04259259259259259
0 0.6666666666666666 0.5509259259259259 0.06458333333333334 0.03888888888888889
0 0.9442708333333333 0.4361111111111111 0.06145833333333333 0.03888888888888889
0 0.878125 0.4305555555555556 0.058333333333333334 0.046296296296296294
0 0.2682291666666667 0.3351851851851852 0.051041666666666666 0.037037037037037035
0 0.9416666666666667 0.3861111111111111 0.06666666666666667 0.03888888888888889
0 0.21666666666666667 0.575925925925926 0.05 0.040740740740740744
0 0.43125 0.7138888888888889 0.0625 0.03888888888888889
0 0.4270833333333333 0.774074074074074 0.058333333333333334 0.040740740740740744
0 0.5989583333333334 0.5805555555555556 0.05416666666666667 0.03888888888888889
0 0.26875 0.287962962962963 0.058333333333333334 0.04259259259259259
0 0.7625 0.18703703703703703 0.07708333333333334 0.05185185185185185
0 0.5997395833333333 0.5310185185185186 0.0546875 0.04351851851851852
0 0.7614583333333333 0.3351851851851852 0.05416666666666667 0.040740740740740744
0 0.59375 0.7805555555555556 0.0625 0.04259259259259259
0 0.7666666666666667 0.7240740740740741 0.05625 0.037037037037037035
0 0.37604166666666666 0.625 0.052083333333333336 0.04259259259259259
0 0.8869791666666667 0.48518518518518516 0.06354166666666666 0.037037037037037035
0 0.5403645833333334 0.11018518518518519 0.05572916666666667 0.06111111111111111
0 0.3723958333333333 0.8231481481481482 0.053125 0.04259259259259259
0 0.43645833333333334 0.6296296296296297 0.05416666666666667 0.04814814814814815
0 0.8859375 0.5314814814814814 0.059375 0.037037037037037035
0 0.10364583333333334 0.8694444444444445 0.059375 0.03888888888888889
0 0.9502604166666667 0.8773148148148148 0.06197916666666667 0.05092592592592592
0 0.7630208333333334 0.5787037037037037 0.057291666666666664 0.04259259259259259
0 0.7614583333333333 0.8712962962962963 0.06458333333333334 0.046296296296296294
0 0.11822916666666666 0.43425925925925923 0.057291666666666664 0.03888888888888889
0 0.8828125 0.575925925925926 0.053125 0.037037037037037035
0 0.4348958333333333 0.5740740740740741 0.053125 0.040740740740740744
0 0.7072916666666667 0.7240740740740741 0.052083333333333336 0.040740740740740744
0 0.275 0.575925925925926 0.05 0.040740740740740744
0 0.88125 0.6277777777777778 0.05625 0.040740740740740744
0 0.403125 0.8796296296296297 0.09166666666666666 0.05185185185185185
0 0.534375 0.825925925925926 0.06041666666666667 0.044444444444444446
0 0.37552083333333336 0.3861111111111111 0.04895833333333333 0.04259259259259259
0 0.05 0.7166666666666667 0.05416666666666667 0.03333333333333333
0 0.43072916666666666 0.4305555555555556 0.05520833333333333 0.03888888888888889
0 0.2682291666666667 0.38657407407407407 0.051041666666666666 0.05462962962962963
0 0.9458333333333333 0.7731481481481481 0.05625 0.03888888888888889
0 0.2140625 0.6222222222222222 0.051041666666666666 0.037037037037037035
0 0.115625 0.38425925925925924 0.052083333333333336 0.03888888888888889
0 0.9411458333333333 0.29444444444444445 0.059375 0.040740740740740744
0 0.1140625 0.48055555555555557 0.04895833333333333 0.03888888888888889
0 0.93125 0.20185185185185187 0.05 0.040740740740740744
0 0.1046875 0.8157407407407408 0.053125 0.03518518518518519
0 0.3815104166666667 0.10324074074074074 0.05677083333333333 0.05648148148148148
0 0.5390625 0.725925925925926 0.06354166666666666 0.044444444444444446
0 0.05 0.525 0.05625 0.03888888888888889
0 0.7661458333333333 0.6342592592592593 0.059375 0.03888888888888889
0 0.5380208333333333 0.3851851851851852 0.057291666666666664 0.040740740740740744
0 0.8755208333333333 0.20555555555555555 0.051041666666666666 0.037037037037037035
0 0.3802083333333333 0.021296296296296296 0.058333333333333334 0.04259259259259259
0 0.7682291666666666 0.6805555555555556 0.06145833333333333 0.03888888888888889
0 0.10520833333333333 0.5407407407407407 0.06875 0.044444444444444446
0 0.5390625 0.43333333333333335 0.05520833333333333 0.040740740740740744
0 0.534375 0.8851851851851852 0.0625 0.040740740740740744
0 0.10989583333333333 0.6731481481481482 0.053125 0.03888888888888889
0 0.26614583333333336 0.4351851851851852 0.04895833333333333 0.037037037037037035
0 0.6979166666666666 0.4722222222222222 0.0625 0.05185185185185185
0 0.7005208333333334 0.29907407407407405 0.051041666666666666 0.03888888888888889
0 0.0546875 0.48333333333333334 0.05520833333333333 0.037037037037037035
0 0.759375 0.24444444444444444 0.05 0.040740740740740744
0 0.22942708333333334 0.10601851851851851 0.06302083333333333 0.04537037037037037
0 0.1046875 0.7712962962962963 0.04895833333333333 0.03518518518518519
0 0.26875 0.8194444444444444 0.058333333333333334 0.03888888888888889
0 0.6036458333333333 0.6305555555555555 0.05520833333333333 0.04259259259259259
0 0.5453125 0.6296296296296297 0.051041666666666666 0.040740740740740744
0 0.7630208333333334 0.8212962962962963 0.051041666666666666 0.03518518518518519
0 0.05625 0.43425925925925923 0.05 0.03888888888888889
0 0.4322916666666667 0.3814814814814815 0.06041666666666667 0.037037037037037035
0 0.7515625 0.49074074074074076 0.046875 0.037037037037037035
0 0.6005208333333333 0.42685185185185187 0.057291666666666664 0.046296296296296294
0 0.27239583333333334 0.6759259259259259 0.053125 0.044444444444444446
0 0.9489583333333333 0.8212962962962963 0.05625 0.03888888888888889
0 0.8869791666666667 0.8203703703703704 0.05520833333333333 0.040740740740740744
0 0.5979166666666667 0.8268518518518518 0.058333333333333334 0.03888888888888889
0 0.5380208333333333 0.48518518518518516 0.06354166666666666 0.040740740740740744
0 0.11197916666666667 0.7203703703703703 0.036458333333333336 0.037037037037037035
0 0.2125 0.7694444444444445 0.05 0.03888888888888889
0 0.8875 0.7722222222222223 0.05 0.037037037037037035
0 0.3765625 0.33425925925925926 0.046875 0.03888888888888889
0 0.7630208333333334 0.7722222222222223 0.057291666666666664 0.044444444444444446
0 0.60625 0.33564814814814814 0.075 0.05277777777777778
0 0.20572916666666666 0.8777777777777778 0.04895833333333333 0.044444444444444446
0 0.2682291666666667 0.48055555555555557 0.05520833333333333 0.03888888888888889
0 0.11875 0.24259259259259258 0.05 0.037037037037037035
0 0.2677083333333333 0.8703703703703703 0.05416666666666667 0.037037037037037035
0 0.4390625 0.18981481481481483 0.057291666666666664 0.04259259259259259
0 0.6994791666666667 0.387037037037037 0.057291666666666664 0.040740740740740744
0 0.7046875 0.6305555555555555 0.05520833333333333 0.03888888888888889
0 0.4348958333333333 0.48148148148148145 0.057291666666666664 0.040740740740740744
0 0.053125 0.6453703703703704 0.05625 0.03888888888888889
0 0.06354166666666666 0.24814814814814815 0.04791666666666667 0.037037037037037035
0 0.05677083333333333 0.29444444444444445 0.057291666666666664 0.040740740740740744
0 0.38229166666666664 0.24814814814814815 0.05 0.037037037037037035
0 0.21822916666666667 0.5287037037037037 0.051041666666666666 0.03888888888888889
0 0.94453125 0.725925925925926 0.06510416666666667 0.04814814814814815
0 0.38125 0.18981481481481483 0.05 0.05740740740740741
0 0.6979166666666666 0.18796296296296297 0.05 0.05
0 0.21197916666666666 0.8203703703703704 0.04479166666666667 0.037037037037037035
0 0.7052083333333333 0.7759259259259259 0.052083333333333336 0.044444444444444446
0 0.0484375 0.7694444444444445 0.053125 0.04259259259259259
0 0.06875 0.19074074074074074 0.05625 0.040740740740740744
0 0.87421875 0.10462962962962963 0.059895833333333336 0.053703703703703705
0 0.04791666666666667 0.5805555555555556 0.058333333333333334 0.03888888888888889