0 0.11197916666666667 0.33611111111111114 0.057291666666666664 0.03888888888888889
0 0.42916666666666664 0.28888888888888886 0.05416666666666667 0.040740740740740744
0 0.11614583333333334 0.287962962962963 0.053125 0.04259259259259259
0 0.9333333333333333 0.24722222222222223 0.052083333333333336 0.03888888888888889
0 0.7041666666666667 0.24074074074074073 0.05416666666666667 0.044444444444444446
0 0.9442708333333333 0.4361111111111111 0.06145833333333333 0.03888888888888889
0 0.9385416666666667 0.575 0.05625 0.04259259259259259
0 0.8765625 0.42962962962962964 0.057291666666666664 0.04814814814814815
0 0.5916666666666667 0.24351851851851852 0.06041666666666667 0.05
0 0.7119791666666667 0.5361111111111111 0.057291666666666664 0.03888888888888889
0 0.2682291666666667 0.337037037037037 0.051041666666666666 0.037037037037037035
0 0.9416666666666667 0.3861111111111111 0.06458333333333334 0.03888888888888889
0 0.8869791666666667 0.48518518518518516 0.06354166666666666 0.037037037037037035
0 0.8755208333333333 0.25555555555555554 0.057291666666666664 0.044444444444444446
0 0.878125 0.3425925925925926 0.05625 0.040740740740740744
0 0.42864583333333334 0.7759259259259259 0.059375 0.040740740740740744
0 0.21666666666666667 0.575 0.05 0.03888888888888889
0 0.7078125 0.725925925925926 0.053125 0.040740740740740744
0 0.8859375 0.5342592592592592 0.059375 0.03888888888888889
0 0.7671875 0.725925925925926 0.05520833333333333 0.03333333333333333
0 0.9453125 0.8722222222222222 0.071875 0.044444444444444446
0 0.27239583333333334 0.2916666666666667 0.053125 0.03888888888888889
0 0.9416666666666667 0.6259259259259259 0.05416666666666667 0.040740740740740744
0 0.7630208333333334 0.39166666666666666 0.06145833333333333 0.04259259259259259
0 0.27291666666666664 0.24351851851851852 0.05416666666666667 0.03888888888888889
0 0.7614583333333333 0.8712962962962963 0.06666666666666667 0.04259259259259259
0 0.7614583333333333 0.337037037037037 0.052083333333333336 0.040740740740740744
0 0.58125 0.5296296296296297 0.09375 0.040740740740740744
0 0.5989583333333334 0.5824074074074074 0.05416666666666667 0.03888888888888889
0 0.8822916666666667 0.5768518518518518 0.05416666666666667 0.03518518518518519
0 0.5390625 0.725 0.06354166666666666 0.04259259259259259
0 0.5942708333333333 0.7805555555555556 0.06145833333333333 0.04259259259259259
0 0.4348958333333333 0.575 0.053125 0.03888888888888889
0 0.7619791666666667 0.18703703703703703 0.07604166666666666 0.05185185185185185
0 0.37552083333333336 0.38796296296296295 0.04895833333333333 0.04259259259259259
0 0.37604166666666666 0.6277777777777778 0.05416666666666667 0.044444444444444446
0 0.43125 0.7157407407407408 0.0625 0.03888888888888889
0 0.275 0.575 0.05 0.04259259259259259
0 0.11822916666666666 0.4351851851851852 0.057291666666666664 0.037037037037037035
0 0.3723958333333333 0.8222222222222222 0.053125 0.040740740740740744
0 0.9484375 0.7731481481481481 0.05520833333333333 0.03888888888888889
0 0.5395833333333333 0.3851851851851852 0.05625 0.040740740740740744
0 0.11302083333333333 0.387037037037037 0.05520833333333333 0.040740740740740744
0 0.7630208333333334 0.5796296296296296 0.057291666666666664 0.040740740740740744
0 0.1109375 0.674074074074074 0.053125 0.040740740740740744
0 0.9411458333333333 0.2962962962962963 0.059375 0.040740740740740744
0 0.10520833333333333 0.5407407407407407 0.06875 0.04814814814814815
0 0.43645833333333334 0.6324074074074074 0.05416666666666667 0.046296296296296294
0 0.10572916666666667 0.7703703703703704 0.04895833333333333 0.037037037037037035
0 0.10364583333333334 0.8703703703703703 0.059375 0.040740740740740744
0 0.05625 0.43425925925925923 0.05 0.03888888888888889
0 0.6 0.4305555555555556 0.06041666666666667 0.046296296296296294
0 0.534375 0.825925925925926 0.06041666666666667 0.044444444444444446
0 0.26614583333333336 0.3824074074074074 0.05520833333333333 0.03888888888888889
0 0.9494791666666667 0.8203703703703704 0.057291666666666664 0.040740740740740744
0 0.8614583333333333 0.046296296296296294 0.05 0.05185185185185185
0 0.21614583333333334 0.6240740740740741 0.051041666666666666 0.040740740740740744
0 0.7630208333333334 0.8203703703703704 0.051041666666666666 0.037037037037037035
0 0.11666666666666667 0.4824074074074074 0.04375 0.03888888888888889
0 0.7005208333333334 0.30092592592592593 0.04895833333333333 0.04259259259259259
0 0.43072916666666666 0.43148148148148147 0.05520833333333333 0.037037037037037035
0 0.8755208333333333 0.20462962962962963 0.051041666666666666 0.03888888888888889
0 0.7682291666666666 0.6814814814814815 0.06145833333333333 0.037037037037037035
0 0.0546875 0.48333333333333334 0.05520833333333333 0.037037037037037035
0 0.7666666666666667 0.6342592592592593 0.06041666666666667 0.03888888888888889
0 0.5348958333333333 0.8870370370370371 0.06145833333333333 0.044444444444444446
0 0.60625 0.3388888888888889 0.07291666666666667 0.06296296296296296
0 0.26458333333333334 0.4351851851851852 0.04791666666666667 0.037037037037037035
0 0.4317708333333333 0.38425925925925924 0.057291666666666664 0.03888888888888889
0 0.2682291666666667 0.8203703703703704 0.057291666666666664 0.037037037037037035
0 0.11979166666666667 0.24444444444444444 0.04791666666666667 0.037037037037037035
0 0.8875 0.7722222222222223 0.05 0.037037037037037035
0 0.40572916666666664 0.8833333333333333 0.09895833333333333 0.05185185185185185
0 0.06614583333333333 0.2490740740740741 0.04895833333333333 0.03888888888888889
0 0.050520833333333334 0.7175925925925926 0.051041666666666666 0.03148148148148148
0 0.2125 0.7694444444444445 0.05 0.03888888888888889
0 0.8807291666666667 0.6296296296296297 0.05520833333333333 0.040740740740740744
0 0.27291666666666664 0.675 0.052083333333333336 0.04259259259259259
0 0.7578125 0.24537037037037038 0.051041666666666666 0.03888888888888889
0 0.8869791666666667 0.8203703703703704 0.05520833333333333 0.040740740740740744
0 0.22890625 0.11203703703703703 0.059895833333333336 0.06111111111111111
0 0.93125 0.20555555555555555 0.05416666666666667 0.040740740740740744
0 0.540625 0.4351851851851852 0.05416666666666667 0.040740740740740744
0 0.7515625 0.4925925925925926 0.046875 0.037037037037037035
0 0.7635416666666667 0.774074074074074 0.058333333333333334 0.040740740740740744
0 0.11197916666666667 0.7222222222222222 0.03229166666666667 0.037037037037037035
0 0.378125 0.337037037037037 0.04583333333333333 0.040740740740740744
0 0.5375 0.48703703703703705 0.0625 0.040740740740740744
0 0.053125 0.6472222222222223 0.05416666666666667 0.03888888888888889
0 0.10625 0.8194444444444444 0.05 0.03888888888888889
0 0.7041666666666667 0.6324074074074074 0.05416666666666667 0.03888888888888889
0 0.2677083333333333 0.8722222222222222 0.05625 0.040740740740740744
0 0.6979166666666666 0.47314814814814815 0.06458333333333334 0.053703703703703705
0 0.6010416666666667 0.6361111111111111 0.06875 0.040740740740740744
0 0.5979166666666667 0.8305555555555556 0.058333333333333334 0.03888888888888889
0 0.21302083333333333 0.8768518518518519 0.06354166666666666 0.04259259259259259
0 0.38229166666666664 0.19537037037037036 0.04791666666666667 0.04259259259259259
0 0.5453125 0.025925925925925925 0.059375 0.04814814814814815
0 0.2677083333333333 0.4824074074074074 0.05416666666666667 0.03888888888888889
0 0.434375 0.48518518518518516 0.05625 0.040740740740740744
0 0.9458333333333333 0.725 0.0625 0.046296296296296294
0 0.1296875 0.022222222222222223 0.05520833333333333 0.044444444444444446
0 0.21770833333333334 0.33611111111111114 0.04583333333333333 0.03888888888888889
0 0.7 0.387037037037037 0.05625 0.040740740740740744
0 0.05677083333333333 0.29444444444444445 0.05520833333333333 0.040740740740740744
0 0.384375 0.24722222222222223 0.05 0.03888888888888889
0 0.0484375 0.7712962962962963 0.051041666666666666 0.04259259259259259
0 0.21666666666666667 0.387037037037037 0.05 0.040740740740740744
0 0.04791666666666667 0.5824074074074074 0.058333333333333334 0.03888888888888889
0 0.6552083333333333 0.6416666666666667 0.027083333333333334 0.07962962962962963
0 0.21927083333333333 0.5305555555555556 0.05520833333333333 0.03888888888888889
0 0.43776041666666665 0.10740740740740741 0.0546875 0.05925925925925926