0 0.88671875 0.12361111111111112 0.89375 0.12685185185185185 0.8955729166666667 0.13333333333333333 0.8986979166666667 0.2 0.8958333333333334 0.23472222222222222 0.89375 0.23842592592592593 0.88515625 0.2412037037037037 0.8760416666666667 0.24027777777777778 0.8705729166666667 0.22870370370370371 0.86875 0.1574074074074074 0.871875 0.1300925925925926 0.8763020833333334 0.125 0.8864583333333333 0.12361111111111112
0 0.8125 0.10324074074074074 0.8184895833333333 0.11018518518518519 0.82109375 0.11944444444444445 0.8236979166666667 0.16574074074074074 0.82109375 0.19583333333333333 0.81796875 0.2013888888888889 0.8111979166666666 0.20462962962962963 0.8013020833333333 0.20324074074074075 0.79609375 0.19583333333333333 0.796875 0.1587962962962963 0.7940104166666667 0.12638888888888888 0.796875 0.11342592592592593 0.80078125 0.10555555555555556 0.8122395833333333 0.10324074074074074
0 0.6268229166666667 0.6837962962962963 0.63046875 0.6856481481481481 0.6341145833333334 0.6944444444444444 0.6364583333333333 0.7555555555555555 0.6333333333333333 0.8032407407407407 0.6299479166666667 0.8106481481481481 0.6223958333333334 0.812962962962963 0.6109375 0.8111111111111111 0.6059895833333333 0.8032407407407407 0.6049479166666667 0.7902777777777777 0.60625 0.7768518518518519 0.6041666666666666 0.7541666666666667 0.6091145833333333 0.6912037037037037 0.6143229166666667 0.6847222222222222 0.6265625 0.6837962962962963
0 0.74140625 0.25416666666666665 0.74921875 0.2625 0.7515625 0.274537037037037 0.7536458333333333 0.34629629629629627 0.7513020833333334 0.35509259259259257 0.7411458333333333 0.3587962962962963 0.7315104166666667 0.35648148148148145 0.728125 0.3486111111111111 0.7268229166666667 0.29305555555555557 0.7247395833333333 0.2796296296296296 0.7247395833333333 0.2722222222222222 0.7294270833333333 0.25833333333333336 0.7338541666666667 0.25462962962962965 0.7411458333333333 0.25416666666666665
0 0.40546875 0.14027777777777778 0.41822916666666665 0.14814814814814814 0.42083333333333334 0.16157407407407406 0.4078125 0.22453703703703703 0.4002604166666667 0.23796296296296296 0.3875 0.2324074074074074 0.38385416666666666 0.22314814814814815 0.38359375 0.2152777777777778 0.39739583333333334 0.14722222222222223 0.4002604166666667 0.1412037037037037 0.40520833333333334 0.14027777777777778
0 0.9690104166666667 0 0.9841145833333333 0 0.9963541666666667 0.02638888888888889 0.9979166666666667 0.03518518518518519 0.9997395833333333 0.03564814814814815 0.9997395833333333 0.10787037037037037 0.9908854166666666 0.10648148148148148 0.9841145833333333 0.09814814814814815 0.96796875 0.044444444444444446 0.9588541666666667 0.025925925925925925 0.959375 0.015277777777777777 0.9690104166666667 0.000462962962962963
0 0.8494791666666667 0.13333333333333333 0.85625 0.13657407407407407 0.859375 0.14351851851851852 0.86015625 0.19953703703703704 0.85703125 0.22592592592592592 0.85234375 0.23194444444444445 0.8458333333333333 0.23333333333333334 0.83515625 0.23055555555555557 0.8325520833333333 0.22361111111111112 0.8328125 0.1425925925925926 0.8338541666666667 0.1375 0.8375 0.1337962962962963 0.84921875 0.13333333333333333
0 0.81328125 0.549074074074074 0.82109375 0.5527777777777778 0.8229166666666666 0.5578703703703703 0.8252604166666667 0.5805555555555556 0.8260416666666667 0.6236111111111111 0.825 0.6546296296296297 0.8213541666666667 0.6592592592592592 0.8143229166666667 0.6615740740740741 0.8041666666666667 0.6601851851851852 0.79921875 0.6546296296296297 0.7994791666666666 0.6185185185185185 0.7971354166666667 0.575925925925926 0.8002604166666667 0.5509259259259259 0.8130208333333333 0.549074074074074
0 0.8651041666666667 0.6930555555555555 0.86953125 0.700462962962963 0.8716145833333333 0.7134259259259259 0.8729166666666667 0.7972222222222223 0.8708333333333333 0.8078703703703703 0.8627604166666667 0.812037037037037 0.8486979166666667 0.8087962962962963 0.84453125 0.7981481481481482 0.8442708333333333 0.7393518518518518 0.8416666666666667 0.7087962962962963 0.8447916666666667 0.6981481481481482 0.8486979166666667 0.6935185185185185 0.86484375 0.6930555555555555
0 0.90546875 0.40324074074074073 0.9463541666666667 0.42407407407407405 0.953125 0.4300925925925926 0.9549479166666667 0.43842592592592594 0.9536458333333333 0.4550925925925926 0.9481770833333333 0.4699074074074074 0.9440104166666666 0.47175925925925927 0.9177083333333333 0.46111111111111114 0.8908854166666667 0.4449074074074074 0.8888020833333333 0.43194444444444446 0.8932291666666666 0.40925925925925927 0.896875 0.4041666666666667 0.9052083333333333 0.40324074074074073
0 0.6619791666666667 0.9458333333333333 0.6682291666666667 0.9546296296296296 0.67109375 0.9657407407407408 0.671875 0.999537037037037 0.6440104166666667 0.999537037037037 0.64296875 0.9953703703703703 0.64296875 0.9634259259259259 0.64453125 0.9532407407407407 0.6510416666666666 0.9453703703703704 0.66171875 0.9458333333333333
0 0.55078125 0.5347222222222222 0.5572916666666666 0.5370370370370371 0.5596354166666667 0.5425925925925926 0.5591145833333333 0.6305555555555555 0.5567708333333333 0.6472222222222223 0.5510416666666667 0.6523148148148148 0.5361979166666667 0.649537037037037 0.5328125 0.6449074074074074 0.5317708333333333 0.6370370370370371 0.53515625 0.5388888888888889 0.5393229166666667 0.5347222222222222 0.5505208333333333 0.5347222222222222
0 0.625 0.5421296296296296 0.6302083333333334 0.5467592592592593 0.63203125 0.5555555555555556 0.63515625 0.6421296296296296 0.63203125 0.6550925925925926 0.6223958333333334 0.6601851851851852 0.61171875 0.6587962962962963 0.6075520833333333 0.65 0.6044270833333333 0.5555555555555556 0.6057291666666667 0.5476851851851852 0.6088541666666667 0.5435185185185185 0.6247395833333333 0.5421296296296296
0 0.6658854166666667 0.12222222222222222 0.671875 0.125 0.6752604166666667 0.13703703703703704 0.67578125 0.2111111111111111 0.6739583333333333 0.2263888888888889 0.6627604166666666 0.23657407407407408 0.6541666666666667 0.23564814814814813 0.6486979166666667 0.2310185185185185 0.64609375 0.22314814814814815 0.64609375 0.20925925925925926 0.65078125 0.1310185185185185 0.65546875 0.12314814814814815 0.665625 0.12222222222222222
0 0.77890625 0.55 0.7848958333333333 0.5537037037037037 0.7880208333333333 0.5606481481481481 0.7908854166666667 0.6129629629629629 0.78984375 0.649074074074074 0.7877604166666666 0.6541666666666667 0.7802083333333333 0.6583333333333333 0.7713541666666667 0.6578703703703703 0.7653645833333333 0.65 0.7614583333333333 0.5861111111111111 0.76328125 0.5574074074074075 0.76875 0.5518518518518518 0.7786458333333334 0.55
0 0.8526041666666667 0.5527777777777778 0.86640625 0.5574074074074075 0.8690104166666667 0.5675925925925925 0.86640625 0.6569444444444444 0.8630208333333333 0.6694444444444444 0.8565104166666667 0.6759259259259259 0.84140625 0.6717592592592593 0.8390625 0.6680555555555555 0.8377604166666667 0.6587962962962963 0.8411458333333334 0.5740740740740741 0.8453125 0.5574074074074075 0.85234375 0.5527777777777778
0 0.5963541666666666 0.12222222222222222 0.5997395833333333 0.12731481481481483 0.6005208333333333 0.13935185185185187 0.5994791666666667 0.21805555555555556 0.5953125 0.22777777777777777 0.5888020833333333 0.23287037037037037 0.5794270833333334 0.2310185185185185 0.57265625 0.21898148148148147 0.5744791666666667 0.13055555555555556 0.5770833333333333 0.12314814814814815 0.58125 0.12083333333333333 0.59609375 0.12222222222222222
0 0.8919270833333334 0.5597222222222222 0.9018229166666667 0.562962962962963 0.9052083333333333 0.5680555555555555 0.9078125 0.6277777777777778 0.9078125 0.6476851851851851 0.9049479166666666 0.6625 0.9010416666666666 0.6685185185185185 0.89453125 0.6699074074074074 0.88359375 0.6685185185185185 0.8809895833333333 0.6648148148148149 0.8786458333333333 0.6236111111111111 0.8791666666666667 0.5662037037037037 0.88359375 0.5611111111111111 0.8916666666666667 0.5597222222222222
0 0.5846354166666666 0.6893518518518519 0.59453125 0.6962962962962963 0.59765625 0.7143518518518519 0.5953125 0.7601851851851852 0.5963541666666666 0.7768518518518519 0.5934895833333333 0.8 0.590625 0.8115740740740741 0.584375 0.8180555555555555 0.5739583333333333 0.8171296296296297 0.5669270833333333 0.8097222222222222 0.5658854166666667 0.7893518518518519 0.5674479166666667 0.774537037037037 0.565625 0.7652777777777777 0.5703125 0.6967592592592593 0.57421875 0.6902777777777778 0.584375 0.6893518518518519
0 0.7065104166666667 0.5560185185185185 0.71171875 0.5587962962962963 0.7135416666666666 0.5657407407407408 0.71484375 0.6194444444444445 0.7130208333333333 0.6236111111111111 0.703125 0.625 0.6927083333333334 0.624537037037037 0.690625 0.6212962962962963 0.6916666666666667 0.5851851851851851 0.6901041666666666 0.5643518518518519 0.69375 0.5574074074074075 0.70625 0.5560185185185185
0 0.7005208333333334 0.6824074074074075 0.70859375 0.6875 0.7122395833333334 0.700462962962963 0.7104166666666667 0.7962962962962963 0.7044270833333334 0.8009259259259259 0.6888020833333334 0.8 0.6838541666666667 0.7967592592592593 0.6815104166666667 0.7902777777777777 0.6848958333333334 0.6921296296296297 0.6890625 0.6833333333333333 0.7002604166666667 0.6824074074074075
0 0.7385416666666667 0.6930555555555555 0.74296875 0.6953703703703704 0.7463541666666667 0.7064814814814815 0.7497395833333333 0.7759259259259259 0.7479166666666667 0.7870370370370371 0.7403645833333333 0.7902777777777777 0.72734375 0.7902777777777777 0.72421875 0.7861111111111111 0.71953125 0.7097222222222223 0.7203125 0.6995370370370371 0.7231770833333333 0.6958333333333333 0.73828125 0.6930555555555555
0 0.5434895833333333 0.6763888888888889 0.54921875 0.6782407407407407 0.5536458333333333 0.6851851851851852 0.5552083333333333 0.7291666666666666 0.5544270833333333 0.7800925925925926 0.5505208333333333 0.7902777777777777 0.5453125 0.7944444444444444 0.5359375 0.7939814814814815 0.5291666666666667 0.7875 0.5265625 0.7555555555555555 0.52734375 0.6851851851851852 0.5333333333333333 0.6773148148148148 0.5432291666666667 0.6763888888888889
0 0.628125 0.2375 0.6364583333333333 0.24444444444444444 0.6388020833333333 0.26481481481481484 0.6380208333333334 0.3398148148148148 0.63671875 0.3453703703703704 0.6296875 0.35 0.6145833333333334 0.3476851851851852 0.6122395833333333 0.3421296296296296 0.6114583333333333 0.3282407407407407 0.6119791666666666 0.24722222222222223 0.6158854166666666 0.24027777777777778 0.6278645833333333 0.2375
0 0.89765625 0.2564814814814815 0.9028645833333333 0.25833333333333336 0.9078125 0.2657407407407407 0.9138020833333333 0.2962962962962963 0.91171875 0.3138888888888889 0.9122395833333333 0.3597222222222222 0.9080729166666667 0.36666666666666664 0.8997395833333334 0.36944444444444446 0.8869791666666667 0.36712962962962964 0.8809895833333333 0.35555555555555557 0.8807291666666667 0.3486111111111111 0.8833333333333333 0.3388888888888889 0.8830729166666667 0.3199074074074074 0.8817708333333333 0.29305555555555557 0.8783854166666667 0.2875 0.8802083333333334 0.27361111111111114 0.884375 0.2611111111111111 0.8888020833333333 0.2574074074074074 0.8973958333333333 0.2564814814814815
0 0.7770833333333333 0.11851851851851852 0.7825520833333334 0.12175925925925926 0.7838541666666666 0.1259259259259259 0.78671875 0.17685185185185184 0.7861979166666667 0.20185185185185187 0.7822916666666667 0.2175925925925926 0.7723958333333333 0.22361111111111112 0.7645833333333333 0.21898148148148147 0.7627604166666667 0.21203703703703702 0.7580729166666667 0.20833333333333334 0.7567708333333333 0.13703703703703704 0.7588541666666667 0.12546296296296297 0.76171875 0.12037037037037036 0.7768229166666667 0.11851851851851852
0 0.9619791666666667 0.12407407407407407 0.9708333333333333 0.1287037037037037 0.975 0.13935185185185187 0.97578125 0.2199074074074074 0.9734375 0.22916666666666666 0.9666666666666667 0.2351851851851852 0.9528645833333333 0.23148148148148148 0.9486979166666667 0.225 0.9471354166666667 0.2175925925925926 0.9481770833333333 0.19814814814814816 0.94609375 0.18981481481481483 0.94609375 0.1425925925925926 0.9520833333333333 0.12685185185185185 0.96171875 0.12407407407407407
0 0.9330729166666667 0.55 0.940625 0.5537037037037037 0.94609375 0.5726851851851852 0.94765625 0.6611111111111111 0.9442708333333333 0.6717592592592593 0.9390625 0.674537037037037 0.9276041666666667 0.6736111111111112 0.9216145833333333 0.6680555555555555 0.9169270833333333 0.6166666666666667 0.9184895833333333 0.6055555555555555 0.9166666666666666 0.5921296296296297 0.91640625 0.5606481481481481 0.9213541666666667 0.5518518518518518 0.9328125 0.55
0 0.8567708333333334 0.25046296296296294 0.8627604166666667 0.2652777777777778 0.8661458333333333 0.337037037037037 0.8630208333333333 0.35185185185185186 0.85078125 0.3541666666666667 0.84296875 0.35324074074074074 0.83984375 0.3476851851851852 0.834375 0.26342592592592595 0.8348958333333333 0.25833333333333336 0.8416666666666667 0.24953703703703703 0.85234375 0.24768518518518517 0.8565104166666667 0.25046296296296294
0 0.78125 0.23657407407407408 0.7864583333333334 0.2412037037037037 0.7901041666666667 0.2523148148148148 0.790625 0.3282407407407407 0.7875 0.3435185185185185 0.7796875 0.3472222222222222 0.7690104166666667 0.3453703703703704 0.7645833333333333 0.33796296296296297 0.7625 0.26851851851851855 0.7630208333333334 0.2513888888888889 0.765625 0.24166666666666667 0.7723958333333333 0.23564814814814813 0.7809895833333333 0.23657407407407408
0 0.7393229166666667 0.5375 0.7497395833333333 0.5430555555555555 0.7510416666666667 0.5726851851851852 0.7494791666666667 0.6342592592592593 0.7455729166666667 0.6407407407407407 0.7395833333333334 0.6435185185185185 0.73125 0.6425925925925926 0.7260416666666667 0.6375 0.7260416666666667 0.6106481481481482 0.7244791666666667 0.6023148148148149 0.7260416666666667 0.5435185185185185 0.72890625 0.5393518518518519 0.7390625 0.5375
0 0.625 0.10416666666666667 0.6296875 0.10555555555555556 0.6348958333333333 0.11203703703703703 0.6380208333333334 0.15046296296296297 0.6369791666666667 0.20324074074074075 0.6341145833333334 0.21203703703703702 0.6265625 0.2175925925925926 0.615625 0.21666666666666667 0.6119791666666666 0.2125 0.61015625 0.2037037037037037 0.6111979166666667 0.11851851851851852 0.615625 0.10787037037037037 0.6247395833333333 0.10416666666666667
0 0.9638020833333333 0.2490740740740741 0.97109375 0.25277777777777777 0.97421875 0.2587962962962963 0.9765625 0.28564814814814815 0.9747395833333333 0.35138888888888886 0.9713541666666666 0.3597222222222222 0.9640625 0.362962962962963 0.95703125 0.36203703703703705 0.9494791666666667 0.35648148148148145 0.9440104166666666 0.3435185185185185 0.9458333333333333 0.2967592592592593 0.94453125 0.26944444444444443 0.9473958333333333 0.2587962962962963 0.9520833333333333 0.25092592592592594 0.9635416666666666 0.2490740740740741
0 0.66484375 0.2652777777777778 0.6713541666666667 0.2726851851851852 0.6731770833333334 0.29212962962962963 0.6713541666666667 0.3458333333333333 0.6697916666666667 0.350462962962963 0.6651041666666667 0.35324074074074074 0.6510416666666666 0.3527777777777778 0.6466145833333333 0.34629629629629627 0.6473958333333333 0.27546296296296297 0.6505208333333333 0.2671296296296296 0.6645833333333333 0.2652777777777778
0 0.6997395833333333 0.25046296296296294 0.7067708333333333 0.25277777777777777 0.7109375 0.2587962962962963 0.7122395833333334 0.2967592592592593 0.7111979166666667 0.3476851851851852 0.7067708333333333 0.3537037037037037 0.7002604166666667 0.35555555555555557 0.6921875 0.3541666666666667 0.6875 0.34814814814814815 0.6854166666666667 0.28935185185185186 0.6877604166666667 0.25462962962962965 0.6921875 0.25092592592592594 0.6994791666666667 0.25046296296296294
0 0.6630208333333333 0.6939814814814815 0.6721354166666667 0.6976851851851852 0.67421875 0.7134259259259259 0.6723958333333333 0.7898148148148149 0.6684895833333333 0.8032407407407407 0.6619791666666667 0.8087962962962963 0.65078125 0.8078703703703703 0.6473958333333333 0.8037037037037037 0.6447916666666667 0.7810185185185186 0.6463541666666667 0.712037037037037 0.6484375 0.6986111111111111 0.6515625 0.6935185185185185 0.6627604166666666 0.6939814814814815
0 0.69609375 0.42407407407407405 0.70625 0.43194444444444446 0.73984375 0.4810185185185185 0.7416666666666667 0.49444444444444446 0.7356770833333334 0.5115740740740741 0.7309895833333333 0.5175925925925926 0.721875 0.5152777777777777 0.7057291666666666 0.4949074074074074 0.6830729166666667 0.45925925925925926 0.68203125 0.44907407407407407 0.6848958333333334 0.4388888888888889 0.6901041666666666 0.4287037037037037 0.6958333333333333 0.42453703703703705
0 0.78046875 0.6819444444444445 0.78671875 0.6851851851851852 0.7903645833333334 0.6986111111111111 0.7921875 0.7787037037037037 0.7901041666666667 0.7944444444444444 0.78671875 0.8009259259259259 0.7807291666666667 0.8041666666666667 0.76875 0.8009259259259259 0.7640625 0.7898148148148149 0.7625 0.7087962962962963 0.7653645833333333 0.6842592592592592 0.7802083333333333 0.6819444444444445
0 0.703125 0.12361111111111112 0.7083333333333334 0.1259259259259259 0.7104166666666667 0.13287037037037036 0.7106770833333333 0.20833333333333334 0.7083333333333334 0.21712962962962962 0.6971354166666667 0.2212962962962963 0.6885416666666667 0.21851851851851853 0.6854166666666667 0.20972222222222223 0.6861979166666666 0.13194444444444445 0.6895833333333333 0.12546296296296297 0.7028645833333333 0.12361111111111112
0 0.8166666666666667 0.23796296296296296 0.8216145833333334 0.24212962962962964 0.8236979166666667 0.25416666666666665 0.8255208333333334 0.31342592592592594 0.8231770833333333 0.3236111111111111 0.8140625 0.3263888888888889 0.80625 0.32592592592592595 0.8013020833333333 0.32037037037037036 0.8018229166666667 0.2875 0.7989583333333333 0.25416666666666665 0.8002604166666667 0.24444444444444444 0.8033854166666666 0.23981481481481481 0.81640625 0.23796296296296296
0 0.7888020833333333 0.40324074074074073 0.8255208333333334 0.4078703703703704 0.8401041666666667 0.4134259259259259 0.8424479166666666 0.4203703703703704 0.8421875 0.4462962962962963 0.8390625 0.4532407407407407 0.8322916666666667 0.4564814814814815 0.7828125 0.4513888888888889 0.77578125 0.44583333333333336 0.7723958333333333 0.43425925925925923 0.7723958333333333 0.4203703703703704 0.7744791666666667 0.4115740740740741 0.7794270833333333 0.4046296296296296 0.7885416666666667 0.40324074074074073
0 0.59375 0.24212962962962964 0.5984375 0.24444444444444444 0.6 0.24861111111111112 0.6013020833333333 0.2722222222222222 0.6091145833333333 0.2759259259259259 0.6015625 0.2986111111111111 0.6013020833333333 0.35555555555555557 0.5971354166666667 0.36342592592592593 0.5916666666666667 0.3675925925925926 0.58046875 0.36712962962962964 0.5744791666666667 0.3587962962962963 0.5723958333333333 0.324537037037037 0.5638020833333334 0.3111111111111111 0.5630208333333333 0.30324074074074076 0.5640625 0.29814814814814816 0.5713541666666667 0.30277777777777776 0.57421875 0.2967592592592593 0.57421875 0.262037037037037 0.5765625 0.24583333333333332 0.5846354166666666 0.24166666666666667 0.5934895833333333 0.24212962962962964
0 0.8143229166666667 0.687037037037037 0.8208333333333333 0.6893518518518519 0.825 0.6944444444444444 0.8263020833333333 0.712037037037037 0.8255208333333334 0.7875 0.8221354166666667 0.7949074074074074 0.8151041666666666 0.7981481481481482 0.8018229166666667 0.7935185185185185 0.7981770833333334 0.7805555555555556 0.8010416666666667 0.7481481481481481 0.7979166666666667 0.6986111111111111 0.8033854166666666 0.6884259259259259 0.8140625 0.687037037037037