0 0.8895833333333333 0.13148148148148148 0.8950520833333333 0.1412037037037037 0.896875 0.22916666666666666 0.8958333333333334 0.24166666666666667 0.8869791666666667 0.24814814814814815 0.875 0.24675925925925926 0.8697916666666666 0.23703703703703705 0.8692708333333333 0.18564814814814815 0.86640625 0.15787037037037038 0.8697916666666666 0.13935185185185187 0.8729166666666667 0.13333333333333333 0.8893229166666666 0.13148148148148148
0 0.5447916666666667 0.6828703703703703 0.5515625 0.687962962962963 0.5536458333333333 0.6939814814814815 0.5552083333333333 0.7652777777777777 0.5533854166666666 0.7907407407407407 0.55078125 0.7972222222222223 0.5434895833333333 0.8023148148148148 0.53359375 0.8004629629629629 0.5278645833333333 0.7902777777777777 0.52890625 0.7342592592592593 0.5247395833333334 0.7083333333333334 0.5294270833333333 0.6893518518518519 0.5359375 0.6837962962962963 0.54453125 0.6828703703703703
0 0.7700520833333333 0.12546296296296297 0.7794270833333333 0.12731481481481483 0.7828125 0.13240740740740742 0.7859375 0.17407407407407408 0.7838541666666666 0.22037037037037038 0.7825520833333334 0.22407407407407406 0.7729166666666667 0.2310185185185185 0.7653645833333333 0.2273148148148148 0.76328125 0.2199074074074074 0.75859375 0.21712962962962962 0.7580729166666667 0.2125 0.75703125 0.1375 0.7604166666666666 0.1287037037037037 0.7697916666666667 0.12546296296296297
0 0.6286458333333333 0.687037037037037 0.6325520833333333 0.6930555555555555 0.6341145833333334 0.7060185185185185 0.63515625 0.7773148148148148 0.6325520833333333 0.8101851851851852 0.6296875 0.8180555555555555 0.6236979166666666 0.8203703703703704 0.6098958333333333 0.8185185185185185 0.6049479166666667 0.8097222222222222 0.60625 0.7615740740740741 0.6046875 0.7513888888888889 0.6075520833333333 0.7412037037037037 0.6075520833333333 0.7078703703703704 0.61015625 0.6925925925925925 0.6161458333333333 0.6851851851851852 0.6283854166666667 0.687037037037037
0 0.7015625 0.1300925925925926 0.70703125 0.13240740740740742 0.7091145833333333 0.13657407407407407 0.7106770833333333 0.20277777777777778 0.7091145833333333 0.22037037037037038 0.6997395833333333 0.22824074074074074 0.6893229166666667 0.2273148148148148 0.6854166666666667 0.22037037037037038 0.6854166666666667 0.1398148148148148 0.6888020833333334 0.13194444444444445 0.7013020833333333 0.1300925925925926
0 0.9604166666666667 0.1310185185185185 0.9700520833333334 0.13703703703703704 0.9744791666666667 0.15324074074074073 0.9744791666666667 0.22962962962962963 0.9708333333333333 0.2375 0.96328125 0.24259259259259258 0.953125 0.2388888888888889 0.9479166666666666 0.2300925925925926 0.9442708333333333 0.1597222222222222 0.9447916666666667 0.15 0.9484375 0.13703703703703704 0.95234375 0.13240740740740742 0.96015625 0.1310185185185185
0 0.8106770833333333 0.11018518518518519 0.8158854166666667 0.11388888888888889 0.8200520833333333 0.12361111111111112 0.82265625 0.1574074074074074 0.82265625 0.18703703703703703 0.8205729166666667 0.2023148148148148 0.8174479166666667 0.20879629629629629 0.8106770833333333 0.21157407407407408 0.8002604166666667 0.20972222222222223 0.7953125 0.2037037037037037 0.7955729166666666 0.16111111111111112 0.79375 0.13935185185185187 0.79453125 0.12638888888888888 0.7986979166666667 0.11481481481481481 0.80390625 0.11018518518518519 0.8104166666666667 0.11018518518518519
0 0.8572916666666667 0.6981481481481482 0.8661458333333333 0.7018518518518518 0.8708333333333333 0.7175925925925926 0.8723958333333334 0.8060185185185185 0.8697916666666666 0.8152777777777778 0.8638020833333333 0.8180555555555555 0.84765625 0.8148148148148148 0.8453125 0.8106481481481481 0.8421875 0.7935185185185185 0.84375 0.7675925925925926 0.84140625 0.7111111111111111 0.8479166666666667 0.6995370370370371 0.85703125 0.6981481481481482
0 0.013020833333333334 0.5009259259259259 0.017708333333333333 0.5050925925925925 0.017447916666666667 0.5393518518518519 0.010677083333333334 0.5944444444444444 0.0018229166666666667 0.6037037037037037 0 0.6037037037037037 0 0.5013888888888889 0.012760416666666666 0.5009259259259259
0 0.5473958333333333 0.5416666666666666 0.5575520833333333 0.5444444444444444 0.559375 0.5481481481481482 0.5578125 0.649074074074074 0.55390625 0.6578703703703703 0.5481770833333334 0.6601851851851852 0.5348958333333333 0.6564814814814814 0.5328125 0.6537037037037037 0.5315104166666667 0.6439814814814815 0.5346354166666667 0.5708333333333333 0.5338541666666666 0.5462962962962963 0.5369791666666667 0.5425925925925926 0.5471354166666667 0.5416666666666666
0 0.62421875 0.549074074074074 0.6299479166666667 0.5532407407407407 0.6322916666666667 0.5680555555555555 0.6348958333333333 0.649074074074074 0.63359375 0.6574074074074074 0.6299479166666667 0.6648148148148149 0.6223958333333334 0.6675925925925926 0.6109375 0.6662037037037037 0.6065104166666667 0.6546296296296297 0.6036458333333333 0.5685185185185185 0.6059895833333333 0.5527777777777778 0.6109375 0.549537037037037 0.6239583333333333 0.549074074074074
0 0.8609375 0.5615740740740741 0.8658854166666666 0.5652777777777778 0.86796875 0.5717592592592593 0.8671875 0.6439814814814815 0.8638020833333333 0.674537037037037 0.8575520833333333 0.6824074074074075 0.8450520833333334 0.6810185185185185 0.8385416666666666 0.674537037037037 0.8372395833333334 0.6675925925925926 0.8380208333333333 0.6287037037037037 0.8419270833333333 0.5703703703703704 0.8473958333333333 0.5601851851851852 0.8606770833333334 0.5615740740740741
0 0.7403645833333333 0.2611111111111111 0.7486979166666666 0.26990740740740743 0.7513020833333334 0.2935185185185185 0.7528645833333333 0.3578703703703704 0.7515625 0.362962962962963 0.7442708333333333 0.36666666666666664 0.7302083333333333 0.362962962962963 0.7268229166666667 0.3472222222222222 0.725 0.27546296296296297 0.7294270833333333 0.26481481481481484 0.7401041666666667 0.2611111111111111
0 0.66484375 0.12962962962962962 0.6713541666666667 0.13287037037037036 0.67421875 0.1439814814814815 0.6734375 0.2273148148148148 0.67109375 0.2375 0.6614583333333334 0.24444444444444444 0.6505208333333333 0.24027777777777778 0.6463541666666667 0.23148148148148148 0.6450520833333333 0.22037037037037038 0.6505208333333333 0.13657407407407407 0.6546875 0.1300925925925926 0.6645833333333333 0.12962962962962962
0 0.74296875 0.5453703703703704 0.7481770833333333 0.5486111111111112 0.75 0.5537037037037037 0.7497395833333333 0.6342592592592593 0.7458333333333333 0.6476851851851851 0.7377604166666667 0.6509259259259259 0.7270833333333333 0.6476851851851851 0.72421875 0.6402777777777777 0.7247395833333333 0.5555555555555556 0.7260416666666667 0.549074074074074 0.7294270833333333 0.5458333333333333 0.7427083333333333 0.5453703703703704
0 0.9356770833333333 0.5578703703703703 0.9408854166666667 0.562962962962963 0.9450520833333333 0.5777777777777777 0.9471354166666667 0.6013888888888889 0.9473958333333333 0.6560185185185186 0.94453125 0.6763888888888889 0.93515625 0.6819444444444445 0.925 0.6800925925925926 0.92109375 0.6754629629629629 0.9190104166666667 0.6680555555555555 0.9153645833333334 0.5745370370370371 0.9158854166666667 0.5671296296296297 0.9197916666666667 0.5601851851851852 0.9354166666666667 0.5578703703703703
0 0.58359375 0.6962962962962963 0.590625 0.6990740740740741 0.5955729166666667 0.7060185185185185 0.5963541666666666 0.7236111111111111 0.5919270833333333 0.8143518518518519 0.5890625 0.8217592592592593 0.5807291666666666 0.825462962962963 0.5713541666666667 0.8240740740740741 0.56640625 0.8143518518518519 0.5674479166666667 0.7791666666666667 0.5653645833333333 0.7569444444444444 0.5708333333333333 0.7013888888888888 0.5755208333333334 0.6962962962962963 0.5833333333333334 0.6962962962962963
0 0.70625 0.5638888888888889 0.7109375 0.5662037037037037 0.7135416666666666 0.5740740740740741 0.7143229166666667 0.6236111111111111 0.7135416666666666 0.6300925925925925 0.7109375 0.6314814814814815 0.6924479166666667 0.6314814814814815 0.6895833333333333 0.6263888888888889 0.6911458333333333 0.6111111111111112 0.6903645833333333 0.5685185185185185 0.6963541666666667 0.5638888888888889 0.7059895833333333 0.5638888888888889
0 0.69921875 0.6893518518518519 0.7075520833333333 0.6935185185185185 0.7111979166666667 0.7087962962962963 0.7119791666666667 0.7550925925925925 0.7104166666666667 0.8041666666666667 0.7075520833333333 0.8078703703703703 0.7018229166666666 0.8087962962962963 0.6864583333333333 0.8069444444444445 0.6828125 0.8032407407407407 0.68125 0.7967592592592593 0.6848958333333334 0.6972222222222222 0.6895833333333333 0.6898148148148148 0.6989583333333333 0.6893518518518519
0 0.7390625 0.7 0.7434895833333334 0.7037037037037037 0.7463541666666667 0.7162037037037037 0.74921875 0.7814814814814814 0.746875 0.7944444444444444 0.7393229166666667 0.7976851851851852 0.7270833333333333 0.7972222222222223 0.7236979166666667 0.7930555555555555 0.7203125 0.7564814814814815 0.72109375 0.7430555555555556 0.7190104166666667 0.7101851851851851 0.7197916666666667 0.7055555555555556 0.72421875 0.7013888888888888 0.7388020833333333 0.7
0 0.22578125 0.034722222222222224 0.23776041666666667 0.038425925925925926 0.24010416666666667 0.043055555555555555 0.24036458333333333 0.05 0.22994791666666667 0.11435185185185186 0.22447916666666667 0.13333333333333333 0.22057291666666667 0.1361111111111111 0.20651041666666667 0.12962962962962962 0.20364583333333333 0.12453703703703704 0.20338541666666668 0.1175925925925926 0.21614583333333334 0.04675925925925926 0.2203125 0.03611111111111111 0.22552083333333334 0.034722222222222224
0 0.8502604166666666 0.14074074074074075 0.8559895833333333 0.1439814814814815 0.8575520833333333 0.15 0.8580729166666666 0.2199074074074074 0.85625 0.23333333333333334 0.8473958333333333 0.23935185185185184 0.83515625 0.23796296296296296 0.8317708333333333 0.23055555555555557 0.83203125 0.15324074074074073 0.83515625 0.1425925925925926 0.85 0.14074074074074075
0 0.6598958333333333 0.2726851851851852 0.6705729166666666 0.2791666666666667 0.67265625 0.2962962962962963 0.6705729166666666 0.35555555555555557 0.6684895833333333 0.3592592592592593 0.6614583333333334 0.36064814814814816 0.6484375 0.3592592592592593 0.6455729166666667 0.3527777777777778 0.6473958333333333 0.2810185185185185 0.65078125 0.274537037037037 0.6596354166666667 0.2726851851851852
0 0.8526041666666667 0.2550925925925926 0.85703125 0.2587962962962963 0.8614583333333333 0.27175925925925926 0.8651041666666667 0.3300925925925926 0.8651041666666667 0.3449074074074074 0.8627604166666667 0.3578703703703704 0.8541666666666666 0.3611111111111111 0.8419270833333333 0.36018518518518516 0.8385416666666666 0.35509259259259257 0.8338541666666667 0.28379629629629627 0.834375 0.2652777777777778 0.8380208333333333 0.25787037037037036 0.85234375 0.2550925925925926
0 0.5893229166666667 0.262037037037037 0.59921875 0.26851851851851855 0.6005208333333333 0.31851851851851853 0.59765625 0.37592592592592594 0.5940104166666667 0.3837962962962963 0.5888020833333333 0.3875 0.5791666666666667 0.387037037037037 0.5734375 0.38333333333333336 0.5703125 0.3768518518518518 0.5692708333333333 0.36527777777777776 0.5752604166666667 0.26944444444444443 0.5783854166666667 0.2638888888888889 0.5890625 0.262037037037037
0 0.7002604166666667 0.2574074074074074 0.70625 0.25972222222222224 0.71015625 0.2652777777777778 0.7114583333333333 0.3055555555555556 0.7106770833333333 0.35648148148148145 0.7072916666666667 0.362962962962963 0.7013020833333333 0.36435185185185187 0.6924479166666667 0.36342592592592593 0.68671875 0.35694444444444445 0.6848958333333334 0.2902777777777778 0.6856770833333333 0.26481481481481484 0.6895833333333333 0.25925925925925924 0.7 0.2574074074074074
0 0.63046875 0.24583333333333332 0.6359375 0.2518518518518518 0.6380208333333334 0.26342592592592595 0.6385416666666667 0.3384259259259259 0.63515625 0.35324074074074074 0.6276041666666666 0.3574074074074074 0.615625 0.3560185185185185 0.61171875 0.3458333333333333 0.6109375 0.25925925925925924 0.6125 0.25046296296296294 0.6151041666666667 0.24722222222222223 0.6302083333333334 0.24583333333333332
0 0.8932291666666666 0.5666666666666667 0.9020833333333333 0.5708333333333333 0.9046875 0.5763888888888888 0.9057291666666667 0.5879629629629629 0.9059895833333333 0.6583333333333333 0.9044270833333333 0.6662037037037037 0.8979166666666667 0.6754629629629629 0.88359375 0.674074074074074 0.8799479166666667 0.6685185185185185 0.8770833333333333 0.624537037037037 0.8783854166666667 0.5736111111111111 0.8833333333333333 0.5675925925925925 0.89296875 0.5666666666666667
0 0.6611979166666667 0.9796296296296296 0.6684895833333333 0.9884259259259259 0.67109375 0.999537037037037 0.6421875 0.999537037037037 0.6434895833333333 0.9902777777777778 0.6471354166666666 0.9833333333333333 0.6609375 0.9796296296296296
0 0.7216145833333333 0.3851851851851852 0.7489583333333333 0.38935185185185184 0.7536458333333333 0.3925925925925926 0.75546875 0.4013888888888889 0.7549479166666667 0.42777777777777776 0.7518229166666667 0.43425925925925923 0.7479166666666667 0.4356481481481482 0.7018229166666666 0.4324074074074074 0.69453125 0.42824074074074076 0.6927083333333334 0.40370370370370373 0.6958333333333333 0.38981481481481484 0.703125 0.3851851851851852 0.7213541666666666 0.3851851851851852
0 0.62421875 0.11157407407407408 0.6299479166666667 0.11388888888888889 0.6346354166666667 0.12268518518518519 0.6369791666666667 0.16018518518518518 0.63515625 0.21435185185185185 0.63203125 0.2212962962962963 0.6252604166666667 0.225 0.6161458333333333 0.22453703703703703 0.6114583333333333 0.22037037037037038 0.60859375 0.1925925925925926 0.6106770833333334 0.12361111111111112 0.6145833333333334 0.11574074074074074 0.6239583333333333 0.11157407407407408
0 0.9627604166666667 0.25601851851851853 0.9708333333333333 0.2611111111111111 0.97421875 0.26944444444444443 0.9760416666666667 0.2935185185185185 0.97578125 0.3384259259259259 0.9736979166666667 0.36064814814814816 0.9692708333333333 0.36666666666666664 0.9611979166666667 0.36898148148148147 0.9494791666666667 0.36527777777777776 0.9434895833333333 0.35185185185185186 0.9455729166666667 0.3060185185185185 0.9434895833333333 0.2763888888888889 0.9458333333333333 0.26481481481481484 0.94921875 0.25925925925925924 0.9625 0.25601851851851853
0 0.7846354166666667 0.6898148148148148 0.7875 0.6921296296296297 0.78984375 0.7041666666666667 0.7924479166666667 0.7875 0.7885416666666667 0.8050925925925926 0.7796875 0.8115740740740741 0.76640625 0.8069444444444445 0.7630208333333334 0.7962962962962963 0.7619791666666667 0.7097222222222223 0.7653645833333333 0.6902777777777778 0.784375 0.6898148148148148
0 0.7763020833333333 0.5569444444444445 0.7869791666666667 0.5643518518518519 0.790625 0.6282407407407408 0.7895833333333333 0.6541666666666667 0.78671875 0.6615740740740741 0.7794270833333333 0.6648148148148149 0.76953125 0.6638888888888889 0.7653645833333333 0.6578703703703703 0.76328125 0.649074074074074 0.7619791666666667 0.6231481481481481 0.7635416666666667 0.6092592592592593 0.7609375 0.5782407407407407 0.76171875 0.5671296296296297 0.765625 0.5601851851851852 0.7760416666666666 0.5569444444444445
0 0.6231770833333333 0.425 0.6299479166666667 0.4287037037037037 0.6578125 0.49074074074074076 0.6638020833333333 0.5083333333333333 0.6614583333333334 0.5222222222222223 0.6510416666666666 0.5365740740740741 0.64375 0.5337962962962963 0.61171875 0.46296296296296297 0.6088541666666667 0.4537037037037037 0.609375 0.4425925925925926 0.6229166666666667 0.425462962962963
0 0.9947916666666666 0 0.9997395833333333 0 0.9997395833333333 0.07268518518518519 0.9981770833333333 0.07268518518518519 0.9971354166666667 0.06620370370370371 0.9981770833333333 0.052314814814814814 0.9955729166666667 0.03425925925925926 0.9947916666666666 0.000462962962962963
0 0.5888020833333333 0.12777777777777777 0.596875 0.13194444444444445 0.5994791666666667 0.1375 0.6002604166666666 0.17407407407407408 0.5989583333333334 0.22268518518518518 0.5950520833333334 0.23472222222222222 0.58828125 0.24027777777777778 0.578125 0.23842592592592593 0.5747395833333333 0.23472222222222222 0.571875 0.22453703703703703 0.57109375 0.21157407407407408 0.5744791666666667 0.1361111111111111 0.57734375 0.1300925925925926 0.5885416666666666 0.12777777777777777
0 0.6557291666666667 0.7018518518518518 0.6682291666666667 0.7027777777777777 0.6731770833333334 0.7097222222222223 0.6716145833333333 0.7953703703703704 0.6690104166666667 0.8083333333333333 0.66171875 0.8162037037037037 0.6473958333333333 0.8125 0.6442708333333333 0.7967592592592593 0.64609375 0.7157407407407408 0.6497395833333334 0.7032407407407407 0.65546875 0.7018518518518518
0 0.7411458333333333 0.09861111111111111 0.7471354166666667 0.10462962962962963 0.7494791666666667 0.11435185185185186 0.7481770833333333 0.19953703703703704 0.746875 0.20972222222222223 0.74375 0.2162037037037037 0.7317708333333334 0.22083333333333333 0.7234375 0.21805555555555556 0.7192708333333333 0.20972222222222223 0.721875 0.16944444444444445 0.72109375 0.12222222222222222 0.72265625 0.10925925925925926 0.7265625 0.10185185185185185 0.7307291666666667 0.09861111111111111 0.7408854166666666 0.09861111111111111
0 0.8151041666666666 0.5564814814814815 0.8208333333333333 0.5601851851851852 0.8229166666666666 0.5662037037037037 0.82578125 0.6152777777777778 0.8247395833333333 0.6611111111111111 0.8213541666666667 0.6662037037037037 0.8151041666666666 0.6680555555555555 0.8033854166666666 0.6671296296296296 0.7984375 0.6611111111111111 0.7989583333333333 0.6157407407407407 0.7966145833333333 0.5833333333333334 0.796875 0.5685185185185185 0.8002604166666667 0.5583333333333333 0.81484375 0.5564814814814815
0 0.8153645833333333 0.2449074074074074 0.8203125 0.24814814814814815 0.8221354166666667 0.25277777777777777 0.8247395833333333 0.29444444444444445 0.8239583333333333 0.3277777777777778 0.8213541666666667 0.33240740740740743 0.8153645833333333 0.33425925925925926 0.80390625 0.3333333333333333 0.8002604166666667 0.3277777777777778 0.79921875 0.2601851851851852 0.8020833333333334 0.24722222222222223 0.8151041666666666 0.2449074074074074
0 0.7794270833333333 0.24305555555555555 0.78671875 0.25 0.78984375 0.262037037037037 0.7901041666666667 0.34074074074074073 0.78671875 0.35185185185185186 0.7825520833333334 0.3537037037037037 0.76953125 0.35324074074074074 0.7651041666666667 0.3486111111111111 0.76328125 0.337037037037037 0.7638020833333333 0.3138888888888889 0.7614583333333333 0.2796296296296296 0.7640625 0.25 0.7708333333333334 0.24305555555555555 0.7791666666666667 0.24305555555555555
0 0.9015625 0.26481481481481484 0.9078125 0.275 0.909375 0.2935185185185185 0.9130208333333333 0.3055555555555556 0.91015625 0.31342592592592594 0.9122395833333333 0.34305555555555556 0.9114583333333334 0.36574074074074076 0.90859375 0.3726851851851852 0.9013020833333333 0.3768518518518518 0.8869791666666667 0.375 0.8802083333333334 0.3638888888888889 0.8799479166666667 0.3523148148148148 0.8825520833333333 0.34305555555555556 0.88203125 0.3055555555555556 0.8776041666666666 0.2935185185185185 0.8778645833333333 0.28703703703703703 0.88359375 0.2689814814814815 0.8919270833333334 0.26342592592592595 0.9013020833333333 0.26481481481481484
0 0.5645833333333333 0.8550925925925926 0.5674479166666667 0.8597222222222223 0.5700520833333333 0.8796296296296297 0.56953125 0.8944444444444445 0.5677083333333334 0.899537037037037 0.5604166666666667 0.9041666666666667 0.5169270833333334 0.9157407407407407 0.5072916666666667 0.9148148148148149 0.5033854166666667 0.9069444444444444 0.5010416666666667 0.8865740740740741 0.5015625 0.8777777777777778 0.5046875 0.8708333333333333 0.5356770833333333 0.8601851851851852 0.5643229166666667 0.8550925925925926
0 0.8140625 0.6935185185185185 0.8216145833333334 0.6972222222222222 0.8244791666666667 0.7037037037037037 0.8263020833333333 0.7435185185185185 0.82421875 0.7962962962962963 0.82109375 0.8023148148148148 0.8153645833333333 0.8055555555555556 0.8057291666666667 0.8041666666666667 0.7997395833333333 0.7962962962962963 0.79921875 0.7337962962962963 0.7973958333333333 0.7125 0.7973958333333333 0.7060185185185185 0.8015625 0.6962962962962963 0.8138020833333334 0.6935185185185185