0 0.884375 0.12546296296296297 0.89375 0.12916666666666668 0.8955729166666667 0.13564814814814816 0.8984375 0.2037037037037037 0.89765625 0.22777777777777777 0.8955729166666667 0.23796296296296296 0.88359375 0.24259259259259258 0.8731770833333333 0.2388888888888889 0.86953125 0.22685185185185186 0.8684895833333334 0.15601851851851853 0.86953125 0.1388888888888889 0.871875 0.13055555555555556 0.8841145833333334 0.12546296296296297
0 0.8125 0.1050925925925926 0.8190104166666666 0.11342592592592593 0.8205729166666667 0.11990740740740741 0.8234375 0.16342592592592592 0.8197916666666667 0.19907407407407407 0.8182291666666667 0.20277777777777778 0.8119791666666667 0.20601851851851852 0.8002604166666667 0.20416666666666666 0.7950520833333333 0.19583333333333333 0.796875 0.1824074074074074 0.7966145833333333 0.16064814814814815 0.79375 0.12824074074074074 0.8002604166666667 0.10787037037037037 0.8122395833333333 0.1050925925925926
0 0.6239583333333333 0.6851851851851852 0.6307291666666667 0.6888888888888889 0.6328125 0.6958333333333333 0.6354166666666666 0.7657407407407407 0.6330729166666667 0.8037037037037037 0.6296875 0.8134259259259259 0.62265625 0.8152777777777778 0.6078125 0.8115740740740741 0.6049479166666667 0.8055555555555556 0.6046875 0.7842592592592592 0.60703125 0.7550925925925925 0.6067708333333334 0.711574074074074 0.6088541666666667 0.6935185185185185 0.6127604166666667 0.6875 0.6236979166666666 0.6851851851851852
0 0.7434895833333334 0.2569444444444444 0.7486979166666666 0.2625 0.7515625 0.2777777777777778 0.7533854166666667 0.3472222222222222 0.7513020833333334 0.35833333333333334 0.7377604166666667 0.36157407407407405 0.7307291666666667 0.35833333333333334 0.72734375 0.35138888888888886 0.7247395833333333 0.2722222222222222 0.7309895833333333 0.25787037037037036 0.7432291666666667 0.2569444444444444
0 0.03723958333333333 0.29398148148148145 0.043229166666666666 0.2953703703703704 0.048177083333333336 0.300462962962963 0.05 0.30648148148148147 0.04895833333333333 0.3226851851851852 0.04140625 0.3592592592592593 0.04010416666666667 0.38657407407407407 0.034895833333333334 0.39814814814814814 0.026041666666666668 0.40185185185185185 0.01796875 0.3976851851851852 0.013802083333333333 0.3902777777777778 0.015104166666666667 0.35185185185185186 0.02578125 0.29768518518518516 0.029166666666666667 0.29444444444444445 0.03697916666666667 0.29398148148148145
0 0.7052083333333333 0.2537037037037037 0.7109375 0.26342592592592595 0.7109375 0.35 0.7067708333333333 0.35648148148148145 0.7005208333333334 0.3578703703703704 0.6890625 0.35462962962962963 0.6869791666666667 0.34953703703703703 0.6856770833333333 0.26342592592592595 0.68984375 0.2537037037037037 0.7049479166666667 0.2537037037037037
0 0.9658854166666667 0.12731481481481483 0.9708333333333333 0.13194444444444445 0.9744791666666667 0.14027777777777778 0.97578125 0.21064814814814814 0.97421875 0.22870370370370371 0.9651041666666667 0.23657407407407408 0.95390625 0.23425925925925925 0.94765625 0.22407407407407406 0.946875 0.1648148148148148 0.9450520833333333 0.1527777777777778 0.94609375 0.14074074074074075 0.95078125 0.12962962962962962 0.95703125 0.12546296296296297 0.965625 0.12731481481481483
0 0.8559895833333333 0.1375 0.85859375 0.14444444444444443 0.859375 0.1638888888888889 0.8583333333333333 0.2199074074074074 0.85390625 0.23194444444444445 0.8466145833333333 0.23472222222222222 0.8348958333333333 0.23194444444444445 0.8322916666666667 0.2263888888888889 0.8325520833333333 0.1439814814814815 0.8346354166666666 0.13703703703703704 0.8377604166666667 0.13564814814814816 0.8557291666666667 0.1375
0 0.81796875 0.5523148148148148 0.8221354166666667 0.5569444444444445 0.8244791666666667 0.5675925925925925 0.8255208333333334 0.6518518518518519 0.8221354166666667 0.6601851851851852 0.81484375 0.663425925925926 0.803125 0.6625 0.7984375 0.6541666666666667 0.7986979166666667 0.5967592592592592 0.796875 0.5726851851851852 0.8002604166666667 0.5527777777777778 0.8177083333333334 0.5523148148148148
0 0.6822916666666666 0.3875 0.6861979166666666 0.38981481481481484 0.6895833333333333 0.3972222222222222 0.70390625 0.4685185185185185 0.703125 0.48703703703703705 0.7 0.49212962962962964 0.690625 0.4981481481481482 0.6828125 0.4962962962962963 0.6786458333333333 0.48842592592592593 0.6638020833333333 0.4125 0.6651041666666667 0.3972222222222222 0.6721354166666667 0.3902777777777778 0.68203125 0.3875
0 0.8580729166666666 0.6930555555555555 0.8674479166666667 0.6981481481481482 0.8697916666666666 0.7027777777777777 0.8716145833333333 0.7157407407407408 0.8731770833333333 0.8032407407407407 0.8703125 0.8111111111111111 0.8643229166666667 0.8138888888888889 0.8484375 0.8111111111111111 0.84375 0.7967592592592593 0.8442708333333333 0.7388888888888889 0.8416666666666667 0.7240740740740741 0.8419270833333333 0.7078703703703704 0.84765625 0.6958333333333333 0.8578125 0.6930555555555555
0 0.5903645833333333 0.2439814814814815 0.5989583333333334 0.24861111111111112 0.6020833333333333 0.2824074074074074 0.60078125 0.3560185185185185 0.5966145833333333 0.36527777777777776 0.5916666666666667 0.36898148148148147 0.57734375 0.3662037037037037 0.5739583333333333 0.36018518518518516 0.5723958333333333 0.3490740740740741 0.5744791666666667 0.25324074074074077 0.578125 0.24583333333333332 0.5901041666666667 0.2439814814814815
0 0.6265625 0.5444444444444444 0.6299479166666667 0.5486111111111112 0.63203125 0.5601851851851852 0.6346354166666667 0.6467592592592593 0.6309895833333333 0.6583333333333333 0.6236979166666666 0.6625 0.6125 0.6615740740740741 0.6072916666666667 0.6532407407407408 0.6041666666666666 0.5569444444444445 0.6057291666666667 0.549074074074074 0.6091145833333333 0.5449074074074074 0.6263020833333334 0.5444444444444444
0 0.8919270833333334 0.562037037037037 0.9041666666666667 0.5671296296296297 0.9067708333333333 0.5851851851851851 0.90703125 0.6574074074074074 0.9028645833333333 0.6685185185185185 0.8950520833333333 0.6717592592592593 0.8830729166666667 0.6703703703703704 0.8794270833333333 0.6611111111111111 0.8791666666666667 0.5675925925925925 0.8817708333333333 0.5638888888888889 0.8916666666666667 0.562037037037037
0 0.66640625 0.12407407407407407 0.671875 0.12685185185185185 0.67421875 0.1361111111111111 0.6752604166666667 0.21666666666666667 0.6729166666666667 0.22962962962962963 0.6611979166666667 0.2388888888888889 0.6546875 0.23796296296296296 0.6473958333333333 0.2310185185185185 0.6458333333333334 0.20925925925925926 0.65078125 0.13055555555555556 0.65546875 0.12453703703703704 0.6661458333333333 0.12407407407407407
0 0.77890625 0.5523148148148148 0.7859375 0.5569444444444445 0.7877604166666666 0.5634259259259259 0.7903645833333334 0.6208333333333333 0.78984375 0.6504629629629629 0.78828125 0.6550925925925926 0.7794270833333333 0.6601851851851852 0.76953125 0.6587962962962963 0.76484375 0.6504629629629629 0.76171875 0.5851851851851851 0.7635416666666667 0.5587962962962963 0.7700520833333333 0.5532407407407407 0.7786458333333334 0.5523148148148148
0 0.5921875 0.12268518518518519 0.5979166666666667 0.1259259259259259 0.6002604166666666 0.13703703703703704 0.59921875 0.21666666666666667 0.5953125 0.22824074074074074 0.5869791666666667 0.23472222222222222 0.5770833333333333 0.2310185185185185 0.571875 0.22037037037037038 0.57421875 0.13287037037037036 0.578125 0.12361111111111112 0.5919270833333333 0.12268518518518519
0 0.8591145833333333 0.5555555555555556 0.86640625 0.5587962962962963 0.8684895833333334 0.5662037037037037 0.8677083333333333 0.637962962962963 0.865625 0.6652777777777777 0.8609375 0.6759259259259259 0.8559895833333333 0.6782407407407407 0.84140625 0.6736111111111112 0.83828125 0.6680555555555555 0.8375 0.6541666666666667 0.8419270833333333 0.5703703703703704 0.8479166666666667 0.5555555555555556 0.8588541666666667 0.5555555555555556
0 0.6997395833333333 0.6842592592592592 0.7072916666666667 0.687962962962963 0.7106770833333333 0.6949074074074074 0.7119791666666667 0.7046296296296296 0.7106770833333333 0.7902777777777777 0.7091145833333333 0.8 0.703125 0.8037037037037037 0.6854166666666667 0.8009259259259259 0.68125 0.7898148148148149 0.6838541666666667 0.7518518518518519 0.6846354166666667 0.6930555555555555 0.6893229166666667 0.6851851851851852 0.6994791666666667 0.6842592592592592
0 0.7377604166666667 0.6949074074074074 0.7427083333333333 0.6976851851851852 0.7455729166666667 0.7050925925925926 0.74921875 0.7689814814814815 0.7489583333333333 0.7870370370370371 0.74609375 0.7912037037037037 0.7388020833333333 0.7930555555555555 0.7270833333333333 0.7921296296296296 0.7239583333333334 0.7870370370370371 0.7190104166666667 0.7277777777777777 0.7192708333333333 0.7074074074074074 0.72109375 0.6995370370370371 0.7375 0.6949074074074074
0 0.3697916666666667 0.6851851851851852 0.38177083333333334 0.6962962962962963 0.38333333333333336 0.7111111111111111 0.378125 0.7902777777777777 0.37578125 0.8032407407407407 0.3697916666666667 0.8087962962962963 0.35546875 0.8050925925925926 0.35234375 0.799537037037037 0.35130208333333335 0.7916666666666666 0.35182291666666665 0.7643518518518518 0.3572916666666667 0.7055555555555556 0.36276041666666664 0.6888888888888889 0.36614583333333334 0.6842592592592592 0.36953125 0.6851851851851852
0 0.99375 0.1574074074074074 0.99296875 0.1300925925925926 0.996875 0.12175925925925926 0.9997395833333333 0.12083333333333333 0.9997395833333333 0.21944444444444444 0.99609375 0.21712962962962962 0.9958333333333333 0.16805555555555557 0.9940104166666667 0.15787037037037038
0 0.70078125 0.125 0.7080729166666667 0.12777777777777777 0.7106770833333333 0.13796296296296295 0.7104166666666667 0.2064814814814815 0.7080729166666667 0.21851851851851853 0.6963541666666667 0.22314814814814815 0.6880208333333333 0.22037037037037038 0.68515625 0.21296296296296297 0.6856770833333333 0.1361111111111111 0.6888020833333334 0.12731481481481483 0.7005208333333334 0.125
0 0.6651041666666667 0.2675925925925926 0.6692708333333334 0.27037037037037037 0.671875 0.2791666666666667 0.6708333333333333 0.34444444444444444 0.6684895833333333 0.3527777777777778 0.6544270833333333 0.35462962962962963 0.64765625 0.3523148148148148 0.64609375 0.3453703703703704 0.6473958333333333 0.2759259259259259 0.6510416666666666 0.26805555555555555 0.66484375 0.2675925925925926
0 0.7760416666666666 0.12037037037037036 0.78359375 0.12731481481481483 0.7859375 0.20046296296296295 0.7828125 0.21805555555555556 0.7713541666666667 0.22453703703703703 0.7643229166666666 0.22314814814814815 0.7622395833333333 0.21342592592592594 0.7580729166666667 0.2101851851851852 0.7583333333333333 0.1648148148148148 0.7565104166666666 0.13703703703703704 0.75859375 0.12685185185185185 0.76171875 0.12175925925925926 0.77578125 0.12037037037037036
0 0.5473958333333333 0.5361111111111111 0.55703125 0.5393518518518519 0.559375 0.5458333333333333 0.5591145833333333 0.5902777777777778 0.5575520833333333 0.6013888888888889 0.5591145833333333 0.6162037037037037 0.5583333333333333 0.6361111111111111 0.5557291666666667 0.6504629629629629 0.5505208333333333 0.6546296296296297 0.5359375 0.6523148148148148 0.5328125 0.6486111111111111 0.5315104166666667 0.6416666666666667 0.5341145833333333 0.5425925925925926 0.5361979166666667 0.5375 0.5471354166666667 0.5361111111111111
0 0.7911458333333333 0.4050925925925926 0.83203125 0.4111111111111111 0.8403645833333333 0.4148148148148148 0.8427083333333333 0.42685185185185187 0.8419270833333333 0.449537037037037 0.83828125 0.45601851851851855 0.83203125 0.4587962962962963 0.7825520833333334 0.4527777777777778 0.7760416666666666 0.44814814814814813 0.7723958333333333 0.4361111111111111 0.7723958333333333 0.4217592592592593 0.7744791666666667 0.41388888888888886 0.7791666666666667 0.4064814814814815 0.7908854166666667 0.4050925925925926
0 0.6283854166666667 0.23981481481481481 0.6346354166666667 0.24351851851851852 0.6380208333333334 0.25416666666666665 0.6372395833333333 0.3013888888888889 0.6390625 0.3263888888888889 0.6372395833333333 0.3449074074074074 0.6268229166666667 0.3523148148148148 0.61640625 0.3509259259259259 0.6119791666666666 0.3439814814814815 0.6109375 0.2611111111111111 0.6138020833333333 0.24444444444444444 0.6200520833333333 0.23981481481481481 0.628125 0.23981481481481481
0 0.9333333333333333 0.5518518518518518 0.9401041666666666 0.5550925925925926 0.94375 0.562037037037037 0.9473958333333333 0.5953703703703703 0.9479166666666666 0.662962962962963 0.9447916666666667 0.6726851851851852 0.9380208333333333 0.6763888888888889 0.9260416666666667 0.675 0.9208333333333333 0.6680555555555555 0.9171875 0.625 0.9182291666666667 0.6046296296296296 0.9161458333333333 0.562962962962963 0.921875 0.5537037037037037 0.9330729166666667 0.5518518518518518
0 0.8536458333333333 0.25 0.8596354166666667 0.2569444444444444 0.86171875 0.26481481481481484 0.8661458333333333 0.3398148148148148 0.8635416666666667 0.3523148148148148 0.8502604166666666 0.3560185185185185 0.8419270833333333 0.35462962962962963 0.83828125 0.3449074074074074 0.834375 0.26435185185185184 0.8388020833333333 0.25277777777777777 0.8533854166666667 0.25
0 0.7794270833333333 0.23703703703703705 0.7859375 0.24259259259259258 0.78984375 0.25462962962962965 0.7903645833333334 0.3282407407407407 0.7872395833333333 0.3449074074074074 0.7776041666666667 0.3486111111111111 0.7684895833333333 0.34629629629629627 0.7638020833333333 0.3375 0.7619791666666667 0.2625 0.7653645833333333 0.24305555555555555 0.771875 0.23703703703703705 0.7791666666666667 0.23703703703703705
0 0.7388020833333333 0.5388888888888889 0.7484375 0.5430555555555555 0.7505208333333333 0.5560185185185185 0.7489583333333333 0.6365740740740741 0.7450520833333333 0.6430555555555556 0.7395833333333334 0.6453703703703704 0.7278645833333334 0.6425925925925926 0.7244791666666667 0.6328703703703704 0.7255208333333333 0.5462962962962963 0.72890625 0.5412037037037037 0.7385416666666667 0.5388888888888889
0 0.6278645833333333 0.10694444444444444 0.63359375 0.11203703703703703 0.6354166666666666 0.11898148148148148 0.6377604166666667 0.14814814814814814 0.6375 0.1824074074074074 0.6346354166666667 0.21157407407407408 0.6302083333333334 0.2175925925925926 0.6244791666666667 0.2199074074074074 0.6153645833333333 0.21805555555555556 0.61015625 0.20787037037037037 0.6106770833333334 0.11990740740740741 0.6125 0.1125 0.6161458333333333 0.10833333333333334 0.6276041666666666 0.10694444444444444
0 0.96640625 0.2513888888888889 0.9705729166666667 0.25462962962962965 0.975 0.26481481481481484 0.9765625 0.29074074074074074 0.9760416666666667 0.33611111111111114 0.97421875 0.3560185185185185 0.9635416666666666 0.3638888888888889 0.95234375 0.3611111111111111 0.94453125 0.3486111111111111 0.9455729166666667 0.2935185185185185 0.9440104166666666 0.275 0.9502604166666667 0.25416666666666665 0.9567708333333333 0.25046296296296294 0.9661458333333334 0.2513888888888889
0 0.6638020833333333 0.6967592592592593 0.6729166666666667 0.7027777777777777 0.67421875 0.7449074074074075 0.671875 0.7930555555555555 0.6692708333333334 0.8037037037037037 0.6622395833333333 0.8115740740740741 0.65078125 0.8101851851851852 0.64609375 0.8037037037037037 0.6453125 0.7527777777777778 0.6473958333333333 0.7078703703703704 0.6533854166666667 0.6962962962962963 0.6635416666666667 0.6967592592592593
0 0.7041666666666667 0.5578703703703703 0.7114583333333333 0.5606481481481481 0.71328125 0.5666666666666667 0.7143229166666667 0.6208333333333333 0.7135416666666666 0.625 0.7109375 0.6263888888888889 0.69296875 0.6259259259259259 0.6901041666666666 0.6199074074074075 0.69140625 0.600462962962963 0.6903645833333333 0.5638888888888889 0.6927083333333334 0.5597222222222222 0.70390625 0.5578703703703703
0 0.7796875 0.6837962962962963 0.7861979166666667 0.6865740740740741 0.7893229166666667 0.6981481481481482 0.7921875 0.7791666666666667 0.7901041666666667 0.7967592592592593 0.7864583333333334 0.8037037037037037 0.7796875 0.8069444444444445 0.7690104166666667 0.8037037037037037 0.76484375 0.7972222222222223 0.7619791666666667 0.7148148148148148 0.7645833333333333 0.6875 0.7794270833333333 0.6837962962962963
0 0.5432291666666667 0.6787037037037037 0.5505208333333333 0.6819444444444445 0.5536458333333333 0.6884259259259259 0.5549479166666667 0.7546296296296297 0.5533854166666666 0.7861111111111111 0.5497395833333333 0.7935185185185185 0.5434895833333333 0.7967592592592593 0.5333333333333333 0.7953703703703704 0.52890625 0.7912037037037037 0.52578125 0.7564814814814815 0.5268229166666667 0.6884259259259259 0.53125 0.6810185185185185 0.54296875 0.6787037037037037
0 0.8174479166666667 0.24027777777777778 0.8216145833333334 0.2449074074074074 0.8244791666666667 0.2652777777777778 0.8252604166666667 0.3148148148148148 0.8229166666666666 0.325 0.81484375 0.3282407407407407 0.80390625 0.32685185185185184 0.8005208333333333 0.32083333333333336 0.8018229166666667 0.29583333333333334 0.7986979166666667 0.2550925925925926 0.8002604166666667 0.2462962962962963 0.80390625 0.24074074074074073 0.8171875 0.24027777777777778
0 0.8989583333333333 0.25833333333333336 0.90390625 0.26157407407407407 0.9078125 0.26851851851851855 0.9135416666666667 0.300462962962963 0.91171875 0.30694444444444446 0.91328125 0.3472222222222222 0.9122395833333333 0.36157407407407405 0.9080729166666667 0.3685185185185185 0.8986979166666667 0.3712962962962963 0.8893229166666666 0.3699074074074074 0.8809895833333333 0.35833333333333334 0.88046875 0.3509259259259259 0.8833333333333333 0.3351851851851852 0.8828125 0.30694444444444446 0.878125 0.28703703703703703 0.8833333333333333 0.2638888888888889 0.8903645833333333 0.25833333333333336 0.8986979166666667 0.25833333333333336
0 0.9669270833333333 0.425462962962963 0.9802083333333333 0.44166666666666665 0.9997395833333333 0.47314814814814815 0.9997395833333333 0.5194444444444445 0.9955729166666667 0.5226851851851851 0.990625 0.5226851851851851 0.9838541666666667 0.5152777777777777 0.96328125 0.48518518518518516 0.94765625 0.45740740740740743 0.9481770833333333 0.44583333333333336 0.9567708333333333 0.4287037037037037 0.9611979166666667 0.425 0.9666666666666667 0.425462962962963
0 0.8145833333333333 0.6893518518518519 0.82421875 0.6953703703703704 0.82578125 0.7060185185185185 0.8255208333333334 0.7893518518518519 0.82109375 0.7981481481481482 0.81640625 0.8004629629629629 0.8059895833333334 0.7986111111111112 0.8005208333333333 0.7930555555555555 0.7984375 0.7828703703703703 0.7979166666666667 0.7620370370370371 0.7984375 0.6976851851851852 0.803125 0.6912037037037037 0.8143229166666667 0.6893518518518519
0 0.5875 0.6921296296296297 0.5927083333333333 0.6953703703703704 0.5955729166666667 0.7050925925925926 0.5924479166666666 0.7527777777777778 0.5932291666666667 0.7972222222222223 0.5901041666666667 0.8162037037037037 0.5807291666666666 0.8203703703703704 0.57109375 0.8194444444444444 0.5666666666666667 0.8111111111111111 0.5661458333333333 0.7578703703703704 0.5705729166666667 0.6962962962962963 0.5770833333333333 0.6912037037037037 0.5872395833333334 0.6921296296296297