0 0.8893229166666666 0.11990740740740741 0.8958333333333334 0.12685185185185185 0.8986979166666667 0.21712962962962962 0.8966145833333333 0.23055555555555557 0.8875 0.23796296296296296 0.8752604166666667 0.2361111111111111 0.8700520833333333 0.22407407407407406 0.8682291666666667 0.14722222222222223 0.8736979166666666 0.12268518518518519 0.8890625 0.11990740740740741
0 0.8111979166666666 0.09861111111111111 0.8190104166666666 0.10555555555555556 0.8216145833333334 0.1162037037037037 0.82265625 0.13333333333333333 0.8231770833333333 0.1699074074074074 0.8213541666666667 0.18935185185185185 0.8177083333333334 0.19768518518518519 0.8143229166666667 0.2 0.80390625 0.19953703703703704 0.7973958333333333 0.19490740740740742 0.7955729166666666 0.18888888888888888 0.7971354166666667 0.1597222222222222 0.7947916666666667 0.1162037037037037 0.8002604166666667 0.10231481481481482 0.8109375 0.09861111111111111
0 0.6260416666666667 0.6800925925925926 0.6307291666666667 0.6833333333333333 0.6338541666666667 0.6916666666666667 0.6354166666666666 0.7625 0.63359375 0.7967592592592593 0.6299479166666667 0.8055555555555556 0.6236979166666666 0.8087962962962963 0.6111979166666667 0.8074074074074075 0.60546875 0.8 0.6044270833333333 0.7865740740740741 0.6059895833333333 0.7712962962962963 0.6044270833333333 0.7550925925925925 0.6067708333333334 0.7347222222222223 0.6072916666666667 0.7 0.6098958333333333 0.6861111111111111 0.6166666666666667 0.6796296296296296 0.62578125 0.6800925925925926
0 0.74453125 0.2518518518518518 0.7494791666666667 0.26064814814814813 0.7515625 0.27546296296296297 0.7536458333333333 0.33935185185185185 0.7518229166666667 0.3509259259259259 0.7424479166666667 0.35509259259259257 0.7338541666666667 0.35462962962962963 0.7286458333333333 0.3486111111111111 0.725 0.26805555555555555 0.7270833333333333 0.25833333333333336 0.7309895833333333 0.2523148148148148 0.73671875 0.25 0.7442708333333333 0.2518518518518518
0 0.05572916666666667 0.18564814814814815 0.06484375 0.1925925925925926 0.06614583333333333 0.21064814814814814 0.057291666666666664 0.2587962962962963 0.05546875 0.2828703703703704 0.046875 0.2916666666666667 0.04010416666666667 0.2898148148148148 0.03333333333333333 0.2828703703703704 0.03125 0.2708333333333333 0.043229166666666666 0.1925925925925926 0.04895833333333333 0.18472222222222223 0.05546875 0.18564814814814815
0 0.83359375 0.47175925925925927 0.85234375 0.47314814814814815 0.8703125 0.47962962962962963 0.8731770833333333 0.48518518518518516 0.8739583333333333 0.5069444444444444 0.87109375 0.5189814814814815 0.8666666666666667 0.5222222222222223 0.8276041666666667 0.5189814814814815 0.8151041666666666 0.5162037037037037 0.8114583333333333 0.5125 0.80859375 0.49537037037037035 0.8109375 0.4773148148148148 0.81875 0.47129629629629627 0.8333333333333334 0.47175925925925927
0 0.8997395833333334 0 0.9666666666666667 0 0.9669270833333333 0.002777777777777778 0.96015625 0.03287037037037037 0.9552083333333333 0.03657407407407407 0.9434895833333333 0.03657407407407407 0.9111979166666667 0.010185185185185186 0.9036458333333334 0.009259259259259259 0.9 0.004629629629629629 0.8997395833333334 0.000462962962962963
0 0.8520833333333333 0.1300925925925926 0.8572916666666667 0.13425925925925927 0.8588541666666667 0.1439814814814815 0.8583333333333333 0.18194444444444444 0.8598958333333333 0.20277777777777778 0.85703125 0.22361111111111112 0.8486979166666667 0.22916666666666666 0.8354166666666667 0.2273148148148148 0.8325520833333333 0.21944444444444444 0.8328125 0.14212962962962963 0.83515625 0.13194444444444445 0.8518229166666667 0.1300925925925926
0 0.96171875 0.24444444444444444 0.96796875 0.2462962962962963 0.97421875 0.2550925925925926 0.97734375 0.2824074074074074 0.9770833333333333 0.32546296296296295 0.975 0.34629629629629627 0.97109375 0.35555555555555557 0.9635416666666666 0.3587962962962963 0.9494791666666667 0.3537037037037037 0.9458333333333333 0.34814814814814815 0.9442708333333333 0.34074074074074073 0.9458333333333333 0.30694444444444446 0.9442708333333333 0.2675925925925926 0.9458333333333333 0.25833333333333336 0.9513020833333333 0.24768518518518517 0.9614583333333333 0.24444444444444444
0 0.7098958333333333 0.5541666666666667 0.71328125 0.5601851851851852 0.7143229166666667 0.5768518518518518 0.7143229166666667 0.6166666666666667 0.7111979166666667 0.6203703703703703 0.6924479166666667 0.6203703703703703 0.6901041666666666 0.6138888888888889 0.69140625 0.5972222222222222 0.690625 0.5569444444444445 0.69765625 0.5527777777777778 0.7096354166666666 0.5541666666666667
0 0.8596354166666667 0.6875 0.8682291666666667 0.6944444444444444 0.8713541666666667 0.7101851851851851 0.87265625 0.7930555555555555 0.8697916666666666 0.8050925925925926 0.8640625 0.8078703703703703 0.84765625 0.8037037037037037 0.84296875 0.7875 0.8442708333333333 0.7666666666666667 0.8419270833333333 0.7018518518518518 0.8489583333333334 0.6888888888888889 0.859375 0.6875
0 0.8502604166666666 0.24351851851851852 0.8578125 0.24768518518518517 0.8627604166666667 0.2611111111111111 0.8661458333333333 0.31851851851851853 0.86328125 0.3472222222222222 0.85390625 0.35 0.8450520833333334 0.35 0.8401041666666667 0.3439814814814815 0.834375 0.27175925925925926 0.8346354166666666 0.2564814814814815 0.8369791666666667 0.25 0.8421875 0.2439814814814815 0.85 0.24351851851851852
0 0.90234375 0.25416666666666665 0.9080729166666667 0.2625 0.9106770833333333 0.2828703703703704 0.9138020833333333 0.29305555555555557 0.9114583333333334 0.30277777777777776 0.9130208333333333 0.35 0.909375 0.3625 0.8989583333333333 0.3662037037037037 0.8869791666666667 0.3638888888888889 0.8815104166666666 0.3537037037037037 0.8828125 0.30462962962962964 0.88203125 0.2898148148148148 0.8791666666666667 0.2861111111111111 0.8783854166666667 0.2791666666666667 0.8815104166666666 0.2657407407407407 0.8864583333333333 0.2550925925925926 0.9020833333333333 0.25416666666666665
0 0.6627604166666666 0.9527777777777777 0.6700520833333333 0.9666666666666667 0.67109375 0.999537037037037 0.64375 0.999537037037037 0.6427083333333333 0.9958333333333333 0.64296875 0.9666666666666667 0.6455729166666667 0.9569444444444445 0.6536458333333334 0.9513888888888888 0.6625 0.9527777777777777
0 0.628125 0.5393518518518519 0.63203125 0.5532407407407407 0.63515625 0.6337962962962963 0.63203125 0.6509259259259259 0.6234375 0.6564814814814814 0.6114583333333333 0.6550925925925926 0.6075520833333333 0.6476851851851851 0.6057291666666667 0.6319444444444444 0.6041666666666666 0.5569444444444445 0.6057291666666667 0.5430555555555555 0.60859375 0.5393518518518519 0.6278645833333333 0.5393518518518519
0 0.7794270833333333 0.2310185185185185 0.7875 0.2388888888888889 0.790625 0.2518518518518518 0.7908854166666667 0.30925925925925923 0.7903645833333334 0.32916666666666666 0.78828125 0.3384259259259259 0.7794270833333333 0.3435185185185185 0.7692708333333333 0.3416666666666667 0.7643229166666666 0.3333333333333333 0.7625 0.2740740740740741 0.7630208333333334 0.24861111111111112 0.76484375 0.23935185185185184 0.7723958333333333 0.2310185185185185 0.7791666666666667 0.2310185185185185
0 0.6669270833333333 0.11805555555555555 0.6731770833333334 0.12314814814814815 0.6752604166666667 0.13564814814814816 0.6752604166666667 0.20277777777777778 0.6723958333333333 0.2222222222222222 0.66171875 0.23287037037037037 0.6541666666666667 0.23148148148148148 0.6473958333333333 0.22268518518518518 0.64609375 0.20046296296296295 0.6505208333333333 0.12731481481481483 0.65546875 0.11898148148148148 0.6666666666666666 0.11805555555555555
0 0.5885416666666666 0.1162037037037037 0.596875 0.11944444444444445 0.6005208333333333 0.12731481481481483 0.5997395833333333 0.20046296296296295 0.5989583333333334 0.21388888888888888 0.5966145833333333 0.22037037037037038 0.5916666666666667 0.22685185185185186 0.5856770833333333 0.22870370370370371 0.5794270833333334 0.22685185185185186 0.5744791666666667 0.2212962962962963 0.5723958333333333 0.19907407407407407 0.5747395833333333 0.12546296296296297 0.5776041666666667 0.11898148148148148 0.58828125 0.1162037037037037
0 0.59609375 0.2388888888888889 0.5989583333333334 0.2412037037037037 0.6002604166666666 0.24953703703703703 0.6020833333333333 0.3388888888888889 0.59921875 0.35555555555555557 0.5927083333333333 0.36342592592592593 0.58125 0.36342592592592593 0.5744791666666667 0.35324074074074074 0.5729166666666666 0.3439814814814815 0.57265625 0.30185185185185187 0.57421875 0.2574074074074074 0.5763020833333333 0.24305555555555555 0.5848958333333333 0.2375 0.5958333333333333 0.2388888888888889
0 0.9354166666666667 0.5472222222222223 0.9434895833333333 0.5569444444444445 0.9471354166666667 0.586574074074074 0.9473958333333333 0.6569444444444444 0.9434895833333333 0.6689814814814815 0.9375 0.6717592592592593 0.9260416666666667 0.6699074074074074 0.92109375 0.6625 0.9166666666666666 0.6111111111111112 0.915625 0.5731481481481482 0.9158854166666667 0.562037037037037 0.9184895833333333 0.5518518518518518 0.925 0.5472222222222223 0.93515625 0.5472222222222223
0 0.5841145833333333 0.6851851851851852 0.5927083333333333 0.6898148148148148 0.5955729166666667 0.6962962962962963 0.59609375 0.7101851851851851 0.5934895833333333 0.7342592592592593 0.5958333333333333 0.7620370370370371 0.5908854166666667 0.8064814814814815 0.58203125 0.8138888888888889 0.5713541666666667 0.812037037037037 0.56640625 0.8037037037037037 0.5658854166666667 0.7856481481481481 0.5677083333333334 0.7791666666666667 0.56640625 0.7439814814814815 0.57109375 0.6893518518518519 0.575 0.6856481481481481 0.5838541666666667 0.6851851851851852
0 0.8940104166666667 0.3976851851851852 0.91875 0.4064814814814815 0.9458333333333333 0.42268518518518516 0.94765625 0.43657407407407406 0.94296875 0.4601851851851852 0.9393229166666667 0.4638888888888889 0.9294270833333333 0.4625 0.9057291666666667 0.4532407407407407 0.88359375 0.44027777777777777 0.8815104166666666 0.4324074074074074 0.88359375 0.4097222222222222 0.8872395833333333 0.4009259259259259 0.89375 0.39814814814814814
0 0.70390625 0.6796296296296296 0.7091145833333333 0.6847222222222222 0.7111979166666667 0.6921296296296297 0.7122395833333334 0.7375 0.7104166666666667 0.7907407407407407 0.7046875 0.7972222222222223 0.68515625 0.7958333333333333 0.68125 0.787962962962963 0.68515625 0.6856481481481481 0.6919270833333333 0.6777777777777778 0.7036458333333333 0.6796296296296296
0 0.7380208333333333 0.6884259259259259 0.7432291666666667 0.6921296296296297 0.7458333333333333 0.6990740740740741 0.74921875 0.7703703703703704 0.7479166666666667 0.7824074074074074 0.740625 0.7865740740740741 0.72734375 0.7861111111111111 0.7236979166666667 0.7796296296296297 0.71953125 0.7106481481481481 0.7197916666666667 0.6972222222222222 0.721875 0.6925925925925925 0.7377604166666667 0.6884259259259259
0 0.5473958333333333 0.6736111111111112 0.5515625 0.6768518518518518 0.5536458333333333 0.6828703703703703 0.5546875 0.7703703703703704 0.5518229166666667 0.7842592592592592 0.54375 0.7907407407407407 0.5328125 0.788425925925926 0.528125 0.7796296296296297 0.5260416666666666 0.7490740740740741 0.5260416666666666 0.6981481481481482 0.5270833333333333 0.6824074074074075 0.5296875 0.6759259259259259 0.5395833333333333 0.6717592592592593 0.5471354166666667 0.6736111111111112
0 0.7018229166666666 0.11898148148148148 0.7078125 0.12175925925925926 0.7098958333333333 0.12824074074074074 0.7109375 0.18703703703703703 0.709375 0.20972222222222223 0.7067708333333333 0.21481481481481482 0.7010416666666667 0.21712962962962962 0.68828125 0.21481481481481482 0.6854166666666667 0.2074074074074074 0.6854166666666667 0.19166666666666668 0.68671875 0.12638888888888888 0.6893229166666667 0.12129629629629629 0.7015625 0.11898148148148148
0 0.6614583333333334 0.2611111111111111 0.67109375 0.26805555555555555 0.6729166666666667 0.2865740740740741 0.6713541666666667 0.34305555555555556 0.6697916666666667 0.3472222222222222 0.6651041666666667 0.34953703703703703 0.6505208333333333 0.3486111111111111 0.6471354166666666 0.3458333333333333 0.6463541666666667 0.3402777777777778 0.6473958333333333 0.2712962962962963 0.6513020833333333 0.26296296296296295 0.6611979166666667 0.2611111111111111
0 0.7971354166666667 0.3990740740740741 0.8315104166666667 0.4060185185185185 0.8401041666666667 0.41064814814814815 0.8421875 0.4199074074074074 0.8419270833333333 0.44305555555555554 0.8385416666666666 0.45 0.8330729166666667 0.4527777777777778 0.784375 0.4476851851851852 0.7760416666666666 0.44305555555555554 0.7723958333333333 0.4356481481481482 0.7716145833333333 0.4287037037037037 0.7723958333333333 0.4134259259259259 0.7755208333333333 0.4041666666666667 0.78203125 0.3990740740740741 0.796875 0.3990740740740741
0 0.7815104166666667 0.11666666666666667 0.7833333333333333 0.11944444444444445 0.7856770833333333 0.14537037037037037 0.7859375 0.19953703703703704 0.78203125 0.21435185185185185 0.77421875 0.21944444444444444 0.76640625 0.21666666666666667 0.7591145833333334 0.2023148148148148 0.7572916666666667 0.1300925925925926 0.7588541666666667 0.12129629629629629 0.7619791666666667 0.11666666666666667 0.78125 0.11666666666666667
0 0.5450520833333333 0.5300925925925926 0.5572916666666666 0.5333333333333333 0.559375 0.5398148148148149 0.5575520833333333 0.5893518518518519 0.5583333333333333 0.6370370370370371 0.55546875 0.6449074074074074 0.54921875 0.6486111111111111 0.5359375 0.6458333333333334 0.5317708333333333 0.6365740740740741 0.5341145833333333 0.5967592592592592 0.5346354166666667 0.5356481481481481 0.5361979166666667 0.5319444444444444 0.5447916666666667 0.5300925925925926
0 0.63125 0.23472222222222222 0.63671875 0.2412037037037037 0.6385416666666667 0.25046296296296294 0.6375 0.2851851851851852 0.6388020833333333 0.3212962962962963 0.6372395833333333 0.3384259259259259 0.6341145833333334 0.3435185185185185 0.6278645833333333 0.3458333333333333 0.6171875 0.3449074074074074 0.6125 0.33796296296296297 0.6109375 0.24768518518518517 0.6125 0.24027777777777778 0.6161458333333333 0.23564814814814813 0.6309895833333333 0.23472222222222222
0 0.8958333333333334 0.5564814814814815 0.9020833333333333 0.5601851851851852 0.90546875 0.5675925925925925 0.9075520833333334 0.6231481481481481 0.90703125 0.6435185185185185 0.9044270833333333 0.6578703703703703 0.9010416666666666 0.6638888888888889 0.8953125 0.6657407407407407 0.8859375 0.6643518518518519 0.8796875 0.6583333333333333 0.87734375 0.6106481481481482 0.8791666666666667 0.5601851851851852 0.8856770833333333 0.5564814814814815 0.8955729166666667 0.5564814814814815
0 0.36276041666666664 0.49444444444444446 0.36822916666666666 0.4912037037037037 0.3770833333333333 0.49166666666666664 0.38255208333333335 0.49444444444444446 0.384375 0.5 0.38177083333333334 0.5777777777777777 0.37734375 0.5893518518518519 0.36692708333333335 0.5916666666666667 0.3625 0.5898148148148148 0.359375 0.5837962962962963 0.3578125 0.5712962962962963 0.35911458333333335 0.5171296296296296 0.36276041666666664 0.4949074074074074
0 0.9604166666666667 0.12037037037037036 0.9705729166666667 0.125 0.9752604166666666 0.1375 0.97578125 0.21712962962962962 0.9705729166666667 0.22870370370370371 0.9653645833333333 0.23194444444444445 0.9526041666666667 0.2273148148148148 0.94921875 0.22037037037037038 0.9479166666666666 0.20462962962962963 0.9463541666666667 0.13796296296296295 0.9489583333333333 0.12824074074074074 0.9528645833333333 0.12268518518518519 0.96015625 0.12037037037037036
0 0.7385416666666667 0.5337962962962963 0.7494791666666667 0.5398148148148149 0.7505208333333333 0.5726851851851852 0.75 0.6259259259259259 0.7481770833333333 0.6337962962962963 0.7390625 0.6393518518518518 0.7296875 0.637962962962963 0.7255208333333333 0.6328703703703704 0.7255208333333333 0.6074074074074074 0.7239583333333334 0.5995370370370371 0.72578125 0.5393518518518519 0.728125 0.5356481481481481 0.73828125 0.5337962962962963
0 0.6260416666666667 0.10046296296296296 0.6302083333333334 0.10231481481481482 0.6348958333333333 0.10972222222222222 0.6377604166666667 0.1425925925925926 0.63671875 0.2 0.6338541666666667 0.20879629629629629 0.6265625 0.21435185185185185 0.61640625 0.21342592592592594 0.6127604166666667 0.2101851851851852 0.6106770833333334 0.20324074074074075 0.61015625 0.1875 0.6119791666666666 0.14027777777777778 0.6111979166666667 0.1125 0.6174479166666667 0.10231481481481482 0.62578125 0.10046296296296296
0 0.8559895833333333 0.549074074074074 0.8658854166666666 0.5532407407407407 0.86875 0.5648148148148148 0.8677083333333333 0.6282407407407408 0.8653645833333333 0.6611111111111111 0.86171875 0.6685185185185185 0.8559895833333333 0.6726851851851852 0.8411458333333334 0.6680555555555555 0.8372395833333334 0.6541666666666667 0.8424479166666666 0.5606481481481481 0.8479166666666667 0.55 0.8557291666666667 0.549074074074074
0 0.7770833333333333 0.5462962962962963 0.7869791666666667 0.5532407407407407 0.78984375 0.5740740740740741 0.78984375 0.6421296296296296 0.7875 0.6509259259259259 0.7807291666666667 0.6541666666666667 0.7690104166666667 0.6527777777777778 0.765625 0.6472222222222223 0.7625 0.6097222222222223 0.7619791666666667 0.5569444444444445 0.765625 0.549537037037037 0.7768229166666667 0.5462962962962963
0 0.6994791666666667 0.2462962962962963 0.7067708333333333 0.24861111111111112 0.7106770833333333 0.25416666666666665 0.7122395833333334 0.30277777777777776 0.7111979166666667 0.3458333333333333 0.709375 0.3490740740740741 0.7005208333333334 0.35138888888888886 0.6916666666666667 0.350462962962963 0.6872395833333333 0.3453703703703704 0.6854166666666667 0.26944444444444443 0.6859375 0.2574074074074074 0.6885416666666667 0.24953703703703703 0.69921875 0.2462962962962963
0 0.65703125 0.6907407407407408 0.6713541666666667 0.6935185185185185 0.6739583333333333 0.7032407407407407 0.6747395833333333 0.7347222222222223 0.6729166666666667 0.7842592592592592 0.6690104166666667 0.7967592592592593 0.6614583333333334 0.8050925925925926 0.64765625 0.8009259259259259 0.6447916666666667 0.7930555555555555 0.64375 0.7805555555555556 0.6463541666666667 0.700925925925926 0.6502604166666667 0.6902777777777778 0.6567708333333333 0.6907407407407408
0 0.7807291666666667 0.6782407407407407 0.7869791666666667 0.6814814814814815 0.7895833333333333 0.6925925925925925 0.7919270833333333 0.7680555555555556 0.7903645833333334 0.7902777777777777 0.78203125 0.8004629629629629 0.77265625 0.799537037037037 0.7651041666666667 0.7930555555555555 0.7627604166666667 0.7550925925925925 0.7622395833333333 0.6986111111111111 0.7638020833333333 0.6851851851851852 0.7684895833333333 0.6782407407407407 0.78046875 0.6782407407407407
0 0.81328125 0.5453703703703704 0.81796875 0.5467592592592593 0.82265625 0.5537037037037037 0.8255208333333334 0.5847222222222223 0.825 0.649537037037037 0.8208333333333333 0.6555555555555556 0.8140625 0.6574074074074074 0.803125 0.6560185185185186 0.7989583333333333 0.6504629629629629 0.7989583333333333 0.5981481481481481 0.7971354166666667 0.5708333333333333 0.79765625 0.5541666666666667 0.8002604166666667 0.5472222222222223 0.8130208333333333 0.5453703703703704
0 0.81796875 0.23472222222222222 0.8213541666666667 0.2375 0.82265625 0.24305555555555555 0.8252604166666667 0.27175925925925926 0.8255208333333334 0.3 0.82421875 0.3175925925925926 0.815625 0.3226851851851852 0.8052083333333333 0.3212962962962963 0.80078125 0.3143518518518518 0.8010416666666667 0.2791666666666667 0.7989583333333333 0.25416666666666665 0.8 0.24212962962962964 0.8036458333333333 0.23564814814814813 0.8177083333333334 0.23472222222222222
0 0.8161458333333333 0.6833333333333333 0.82109375 0.6856481481481481 0.825 0.6944444444444444 0.8260416666666667 0.7564814814814815 0.8247395833333333 0.7861111111111111 0.8213541666666667 0.7921296296296296 0.8158854166666667 0.7944444444444444 0.80234375 0.7907407407407407 0.7997395833333333 0.7856481481481481 0.79765625 0.762962962962963 0.7986979166666667 0.6925925925925925 0.8036458333333333 0.6847222222222222 0.8158854166666667 0.6833333333333333