0 0.8916666666666667 0.12175925925925926 0.8958333333333334 0.12685185185185185 0.8981770833333333 0.15324074074074073 0.8986979166666667 0.22083333333333333 0.89453125 0.23564814814814813 0.88828125 0.2388888888888889 0.87578125 0.2375 0.8713541666666667 0.22777777777777777 0.8690104166666667 0.14907407407407408 0.8705729166666667 0.13287037037037036 0.8747395833333333 0.12314814814814815 0.89140625 0.12175925925925926
0 0.8106770833333333 0.09953703703703703 0.8184895833333333 0.10462962962962963 0.8213541666666667 0.1125 0.8236979166666667 0.16435185185185186 0.8216145833333334 0.1935185185185185 0.8174479166666667 0.19953703703703704 0.8119791666666667 0.2013888888888889 0.8020833333333334 0.2 0.79609375 0.1925925925925926 0.7973958333333333 0.17685185185185184 0.79609375 0.11481481481481481 0.8005208333333333 0.10324074074074074 0.8104166666666667 0.09953703703703703
0 0.6270833333333333 0.6810185185185185 0.6315104166666666 0.6847222222222222 0.6341145833333334 0.6921296296296297 0.6364583333333333 0.7652777777777777 0.6325520833333333 0.8027777777777778 0.6307291666666667 0.8078703703703703 0.625 0.8106481481481481 0.6111979166666667 0.8083333333333333 0.6057291666666667 0.8009259259259259 0.6044270833333333 0.7907407407407407 0.60625 0.7722222222222223 0.6041666666666666 0.7449074074074075 0.6080729166666666 0.6962962962962963 0.6106770833333334 0.6856481481481481 0.615625 0.6810185185185185 0.6268229166666667 0.6810185185185185
0 0.784375 0.2351851851851852 0.78828125 0.24074074074074073 0.790625 0.25092592592592594 0.7908854166666667 0.3287037037037037 0.7869791666666667 0.3416666666666667 0.7807291666666667 0.3439814814814815 0.7692708333333333 0.3425925925925926 0.76484375 0.3351851851851852 0.7630208333333334 0.26481481481481484 0.7635416666666667 0.24861111111111112 0.7677083333333333 0.23657407407407408 0.7755208333333333 0.23148148148148148 0.7841145833333333 0.2351851851851852
0 0.7072916666666667 0.25 0.7109375 0.2550925925925926 0.7122395833333334 0.262037037037037 0.7119791666666667 0.3416666666666667 0.71015625 0.3490740740740741 0.7028645833333333 0.35185185185185186 0.6924479166666667 0.35138888888888886 0.6872395833333333 0.3453703703703704 0.6864583333333333 0.2587962962962963 0.6880208333333333 0.2513888888888889 0.6924479166666667 0.24768518518518517 0.70703125 0.25
0 0.9078125 0 0.971875 0 0.97578125 0.011111111111111112 0.971875 0.03518518518518519 0.9677083333333333 0.043055555555555555 0.9510416666666667 0.04351851851851852 0.9208333333333333 0.013888888888888888 0.9111979166666667 0.008796296296296297 0.9078125 0.000462962962962963
0 0.84921875 0.1300925925925926 0.8567708333333334 0.13333333333333333 0.859375 0.14166666666666666 0.8604166666666667 0.2023148148148148 0.8575520833333333 0.22361111111111112 0.8484375 0.2300925925925926 0.8348958333333333 0.2273148148148148 0.8325520833333333 0.20601851851851852 0.8338541666666667 0.13657407407407407 0.8388020833333333 0.1310185185185185 0.8489583333333334 0.1300925925925926
0 0.8145833333333333 0.5462962962962963 0.82109375 0.549537037037037 0.82265625 0.5532407407407407 0.82578125 0.586574074074074 0.82578125 0.6476851851851851 0.8231770833333333 0.6550925925925926 0.81640625 0.6583333333333333 0.8036458333333333 0.6569444444444444 0.79921875 0.6509259259259259 0.7986979166666667 0.5532407407407407 0.803125 0.5467592592592593 0.8143229166666667 0.5462962962962963
0 0.8598958333333333 0.6884259259259259 0.8669270833333333 0.6921296296296297 0.8708333333333333 0.7027777777777777 0.8731770833333333 0.7550925925925925 0.8723958333333334 0.8 0.8700520833333333 0.8060185185185185 0.8630208333333333 0.8092592592592592 0.84765625 0.8046296296296296 0.8432291666666667 0.787962962962963 0.8447916666666667 0.7662037037037037 0.8419270833333333 0.7037037037037037 0.8489583333333334 0.6902777777777778 0.8596354166666667 0.6884259259259259
0 0.6611979166666667 0.9495370370370371 0.6653645833333334 0.9532407407407407 0.6705729166666666 0.9666666666666667 0.67109375 0.999537037037037 0.64375 0.999537037037037 0.6440104166666667 0.9606481481481481 0.64921875 0.9513888888888888 0.6609375 0.9495370370370371
0 0.6247395833333333 0.5388888888888889 0.6299479166666667 0.5425925925925926 0.63203125 0.5509259259259259 0.6356770833333333 0.6342592592592593 0.63359375 0.649537037037037 0.6302083333333334 0.6550925925925926 0.62421875 0.6569444444444444 0.6127604166666667 0.6560185185185186 0.6078125 0.6472222222222223 0.6044270833333333 0.5578703703703703 0.60546875 0.5467592592592593 0.6083333333333333 0.5412037037037037 0.6244791666666667 0.5388888888888889
0 0.7421875 0.25092592592592594 0.7489583333333333 0.2587962962962963 0.7515625 0.27175925925925926 0.7536458333333333 0.34629629629629627 0.7510416666666667 0.35324074074074074 0.7416666666666667 0.35648148148148145 0.7338541666666667 0.35555555555555557 0.7286458333333333 0.3486111111111111 0.7252604166666666 0.27037037037037037 0.73046875 0.25416666666666665 0.7419270833333333 0.25092592592592594
0 0.6669270833333333 0.11898148148148148 0.6731770833333334 0.12314814814814815 0.6760416666666667 0.13703703703703704 0.6752604166666667 0.21435185185185185 0.671875 0.225 0.66171875 0.2337962962962963 0.6494791666666667 0.22777777777777777 0.6466145833333333 0.22037037037037038 0.6463541666666667 0.20277777777777778 0.6513020833333333 0.12731481481481483 0.6567708333333333 0.11944444444444445 0.6666666666666666 0.11898148148148148
0 0.78046875 0.5481481481481482 0.7864583333333334 0.5523148148148148 0.78828125 0.5578703703703703 0.7908854166666667 0.6083333333333333 0.78984375 0.6472222222222223 0.7872395833333333 0.6527777777777778 0.7822916666666667 0.6550925925925926 0.7708333333333334 0.6546296296296297 0.765625 0.6467592592592593 0.7619791666666667 0.5699074074074074 0.7619791666666667 0.5597222222222222 0.7645833333333333 0.5523148148148148 0.771875 0.5476851851851852 0.7802083333333333 0.5481481481481482
0 0.5921875 0.2388888888888889 0.5981770833333333 0.24305555555555555 0.6005208333333333 0.2513888888888889 0.6020833333333333 0.3453703703703704 0.59765625 0.3625 0.5817708333333333 0.3648148148148148 0.57421875 0.3523148148148148 0.5731770833333333 0.3212962962962963 0.56953125 0.3106481481481482 0.5674479166666667 0.29398148148148145 0.5713541666666667 0.29074074074074074 0.5739583333333333 0.2828703703703704 0.5744791666666667 0.25601851851851853 0.5765625 0.24351851851851852 0.58125 0.23935185185185184 0.5919270833333333 0.2388888888888889
0 0.9375 0.549074074074074 0.94140625 0.5527777777777778 0.9450520833333333 0.562037037037037 0.94765625 0.587037037037037 0.9479166666666666 0.6583333333333333 0.9450520833333333 0.6694444444444444 0.9388020833333334 0.6726851851851852 0.92734375 0.6712962962962963 0.92109375 0.6620370370370371 0.9177083333333333 0.6152777777777778 0.91875 0.6037037037037037 0.9166666666666666 0.5675925925925925 0.9174479166666667 0.5569444444444445 0.92109375 0.5504629629629629 0.92734375 0.5476851851851852 0.9372395833333333 0.549074074074074
0 0.5830729166666667 0.6861111111111111 0.5947916666666667 0.6925925925925925 0.59765625 0.7138888888888889 0.59609375 0.7703703703703704 0.59296875 0.8 0.5890625 0.8111111111111111 0.5825520833333333 0.8148148148148148 0.5703125 0.8111111111111111 0.5669270833333333 0.8046296296296296 0.56640625 0.7912037037037037 0.5703125 0.6925925925925925 0.5744791666666667 0.687037037037037 0.5828125 0.6861111111111111
0 0.89765625 0.3990740740740741 0.9463541666666667 0.42314814814814816 0.9486979166666667 0.4310185185185185 0.946875 0.45185185185185184 0.9427083333333334 0.4634259259259259 0.9401041666666666 0.4648148148148148 0.9096354166666667 0.45601851851851855 0.88359375 0.4398148148148148 0.88359375 0.41712962962962963 0.88671875 0.4046296296296296 0.8903645833333333 0.4 0.8973958333333333 0.3990740740740741
0 0.6989583333333333 0.6791666666666667 0.7083333333333334 0.6837962962962963 0.7122395833333334 0.6990740740740741 0.7130208333333333 0.7574074074074074 0.7109375 0.7893518518518519 0.7083333333333334 0.7967592592592593 0.70546875 0.7981481481481482 0.68671875 0.7972222222222223 0.6817708333333333 0.7902777777777777 0.68515625 0.6888888888888889 0.6888020833333334 0.6805555555555556 0.6986979166666667 0.6791666666666667
0 0.7403645833333333 0.6907407407407408 0.74609375 0.6990740740740741 0.7494791666666667 0.7703703703703704 0.7481770833333333 0.7837962962962963 0.740625 0.7875 0.7283854166666667 0.7870370370370371 0.7247395833333333 0.7828703703703703 0.7197916666666667 0.7083333333333334 0.7203125 0.6981481481481482 0.7236979166666667 0.6921296296296297 0.7401041666666667 0.6907407407407408
0 0.5440104166666667 0.6731481481481482 0.5502604166666667 0.6754629629629629 0.5536458333333333 0.6810185185185185 0.55546875 0.7296296296296296 0.5541666666666667 0.7796296296296297 0.55078125 0.787962962962963 0.5447916666666667 0.7916666666666666 0.5346354166666667 0.7902777777777777 0.5291666666666667 0.7837962962962963 0.5260416666666666 0.7412037037037037 0.5276041666666667 0.6819444444444445 0.53203125 0.675 0.54375 0.6731481481481482
0 0.9653645833333333 0.12222222222222222 0.9708333333333333 0.1259259259259259 0.9752604166666666 0.1361111111111111 0.9765625 0.21157407407407408 0.97421875 0.22453703703703703 0.9700520833333334 0.23055555555555557 0.96484375 0.23287037037037037 0.95625 0.2310185185185185 0.9489583333333333 0.2199074074074074 0.94609375 0.14166666666666666 0.9473958333333333 0.1337962962962963 0.9526041666666667 0.12453703703703704 0.9580729166666667 0.12129629629629629 0.9651041666666667 0.12222222222222222
0 0.7015625 0.11990740740740741 0.7067708333333333 0.12129629629629629 0.71015625 0.12638888888888888 0.71171875 0.15324074074074073 0.7106770833333333 0.20879629629629629 0.70703125 0.21574074074074073 0.7015625 0.21805555555555556 0.6890625 0.2162037037037037 0.6859375 0.20787037037037037 0.68671875 0.1300925925925926 0.6911458333333333 0.12175925925925926 0.7013020833333333 0.11990740740740741
0 0.6635416666666667 0.26296296296296295 0.671875 0.26944444444444443 0.6736979166666667 0.28425925925925927 0.6731770833333334 0.31296296296296294 0.67109375 0.3453703703703704 0.6682291666666667 0.34953703703703703 0.6598958333333333 0.350462962962963 0.6505208333333333 0.34953703703703703 0.6471354166666666 0.3453703703703704 0.6481770833333333 0.3037037037037037 0.646875 0.28935185185185186 0.64765625 0.27314814814814814 0.65078125 0.26481481481481484 0.66328125 0.26296296296296295
0 0.7924479166666667 0.4 0.8309895833333333 0.4064814814814815 0.8403645833333333 0.4111111111111111 0.8427083333333333 0.41944444444444445 0.8419270833333333 0.44583333333333336 0.83828125 0.45185185185185184 0.83125 0.45416666666666666 0.7841145833333333 0.44814814814814813 0.77578125 0.44305555555555554 0.7721354166666666 0.4263888888888889 0.7723958333333333 0.41712962962962963 0.77578125 0.4050925925925926 0.7807291666666667 0.40046296296296297 0.7921875 0.4
0 0.77890625 0.11574074074074074 0.7825520833333334 0.11805555555555555 0.7841145833333333 0.12314814814814815 0.7864583333333334 0.19953703703703704 0.7828125 0.21481481481481482 0.7763020833333333 0.2199074074074074 0.7674479166666667 0.2175925925925926 0.7638020833333333 0.20925925925925926 0.7598958333333333 0.20601851851851852 0.7572916666666667 0.13240740740740742 0.75859375 0.12407407407407407 0.7625 0.1175925925925926 0.7786458333333334 0.11574074074074074
0 0.5479166666666667 0.5310185185185186 0.5565104166666667 0.5333333333333333 0.559375 0.5375 0.56015625 0.5949074074074074 0.5598958333333334 0.6268518518518519 0.5580729166666667 0.6407407407407407 0.5549479166666667 0.6467592592592593 0.5481770833333334 0.649537037037037 0.5364583333333334 0.6467592592592593 0.5328125 0.6412037037037037 0.53203125 0.6351851851851852 0.53515625 0.5361111111111111 0.5390625 0.5319444444444444 0.54765625 0.5310185185185186
0 0.8497395833333333 0.2439814814814815 0.8557291666666667 0.2462962962962963 0.86015625 0.2523148148148148 0.8630208333333333 0.26157407407407407 0.86484375 0.2791666666666667 0.865625 0.3388888888888889 0.8630208333333333 0.3490740740740741 0.8541666666666666 0.3509259259259259 0.8455729166666667 0.3509259259259259 0.8403645833333333 0.3453703703703704 0.8346354166666666 0.26990740740740743 0.8348958333333333 0.25787037037037036 0.8380208333333333 0.25 0.8427083333333333 0.24537037037037038 0.8494791666666667 0.2439814814814815
0 0.8083333333333333 0.4699074074074074 0.8354166666666667 0.4726851851851852 0.8494791666666667 0.47638888888888886 0.8544270833333333 0.48055555555555557 0.8572916666666667 0.4930555555555556 0.85625 0.512962962962963 0.85234375 0.5203703703703704 0.8455729166666667 0.5222222222222223 0.7966145833333333 0.5138888888888888 0.7932291666666667 0.5050925925925925 0.7932291666666667 0.48009259259259257 0.79921875 0.4703703703703704 0.8080729166666667 0.4699074074074074
0 0.6317708333333333 0.23564814814814813 0.6372395833333333 0.24166666666666667 0.6388020833333333 0.25046296296296294 0.6377604166666667 0.300462962962963 0.6393229166666666 0.324537037037037 0.63671875 0.3416666666666667 0.6270833333333333 0.34675925925925927 0.6169270833333333 0.3453703703703704 0.6127604166666667 0.3384259259259259 0.6114583333333333 0.24768518518518517 0.6161458333333333 0.23703703703703705 0.6231770833333333 0.23425925925925925 0.6315104166666666 0.23564814814814813
0 0.8955729166666667 0.5569444444444445 0.9028645833333333 0.5606481481481481 0.9057291666666667 0.5671296296296297 0.9078125 0.6319444444444444 0.90703125 0.6509259259259259 0.9049479166666666 0.6583333333333333 0.90078125 0.6657407407407407 0.89453125 0.6666666666666666 0.8828125 0.663425925925926 0.8802083333333334 0.6578703703703703 0.878125 0.6055555555555555 0.8799479166666667 0.5611111111111111 0.8872395833333333 0.5569444444444445 0.8953125 0.5569444444444445
0 0.37994791666666666 0.42777777777777776 0.38723958333333336 0.4324074074074074 0.38828125 0.4527777777777778 0.384375 0.5138888888888888 0.38177083333333334 0.5222222222222223 0.3770833333333333 0.5273148148148148 0.36614583333333334 0.5259259259259259 0.36276041666666664 0.5199074074074074 0.36041666666666666 0.48703703703703705 0.3625 0.45 0.36614583333333334 0.4305555555555556 0.3692708333333333 0.4273148148148148 0.3796875 0.42777777777777776
0 0.7427083333333333 0.5356481481481481 0.7489583333333333 0.5393518518518519 0.7502604166666667 0.5430555555555555 0.75 0.6277777777777778 0.7471354166666667 0.6370370370370371 0.7388020833333333 0.6402777777777777 0.7291666666666666 0.637962962962963 0.7252604166666666 0.6300925925925925 0.7260416666666667 0.5421296296296296 0.7294270833333333 0.5361111111111111 0.7424479166666667 0.5356481481481481
0 0.6276041666666666 0.10185185185185185 0.6348958333333333 0.10925925925925926 0.6369791666666667 0.11898148148148148 0.6380208333333334 0.17175925925925925 0.6359375 0.20601851851851852 0.6299479166666667 0.21435185185185185 0.6244791666666667 0.2152777777777778 0.615625 0.21342592592592594 0.6111979166666667 0.2050925925925926 0.6104166666666667 0.17777777777777778 0.6125 0.13472222222222222 0.6111979166666667 0.12129629629629629 0.6119791666666666 0.1125 0.615625 0.10555555555555556 0.62734375 0.10185185185185185
0 0.9609375 0.24583333333333332 0.9669270833333333 0.24675925925925926 0.9739583333333334 0.25555555555555554 0.9770833333333333 0.2861111111111111 0.9770833333333333 0.3282407407407407 0.975 0.3490740740740741 0.9716145833333333 0.35648148148148145 0.96484375 0.3597222222222222 0.9520833333333333 0.3560185185185185 0.94609375 0.3486111111111111 0.94453125 0.3421296296296296 0.94609375 0.29814814814814816 0.9450520833333333 0.2662037037037037 0.95 0.25092592592592594 0.9606770833333333 0.24583333333333332
0 0.85234375 0.549537037037037 0.865625 0.5537037037037037 0.86875 0.5611111111111111 0.8684895833333334 0.6134259259259259 0.86484375 0.6643518518518519 0.859375 0.6722222222222223 0.85234375 0.6731481481481482 0.8411458333333334 0.6685185185185185 0.83828125 0.6597222222222222 0.8419270833333333 0.5712962962962963 0.8453125 0.5550925925925926 0.8520833333333333 0.55
0 0.58828125 0.11712962962962963 0.5958333333333333 0.11944444444444445 0.6002604166666666 0.12731481481481483 0.6002604166666666 0.2 0.59921875 0.21712962962962962 0.59609375 0.22361111111111112 0.5893229166666667 0.22962962962962963 0.58046875 0.22870370370370371 0.5744791666666667 0.2222222222222222 0.57265625 0.2111111111111111 0.5752604166666667 0.12638888888888888 0.5783854166666667 0.11944444444444445 0.5880208333333333 0.1175925925925926
0 0.6583333333333333 0.6916666666666667 0.6684895833333333 0.6925925925925925 0.6731770833333334 0.6962962962962963 0.675 0.7226851851851852 0.67265625 0.7870370370370371 0.6684895833333333 0.8 0.6619791666666667 0.8060185185185185 0.6505208333333333 0.8041666666666667 0.646875 0.8 0.6450520833333333 0.7930555555555555 0.646875 0.7037037037037037 0.6505208333333333 0.6916666666666667 0.6580729166666667 0.6916666666666667
0 0.0796875 0.06018518518518518 0.08828125 0.06759259259259259 0.08880208333333334 0.08333333333333333 0.08229166666666667 0.1162037037037037 0.08020833333333334 0.14722222222222223 0.07447916666666667 0.16111111111111112 0.06901041666666667 0.16435185185185186 0.05755208333333333 0.15787037037037038 0.054427083333333334 0.15092592592592594 0.054427083333333334 0.14166666666666666 0.05963541666666667 0.1 0.06796875 0.06666666666666667 0.07265625 0.06018518518518518 0.07942708333333333 0.06018518518518518
0 0.7088541666666667 0.5541666666666667 0.71328125 0.5583333333333333 0.7143229166666667 0.5671296296296297 0.7143229166666667 0.6194444444444445 0.6971354166666667 0.6217592592592592 0.6919270833333333 0.6208333333333333 0.6903645833333333 0.6152777777777778 0.6919270833333333 0.600462962962963 0.6911458333333333 0.5574074074074075 0.69609375 0.5541666666666667 0.70859375 0.5541666666666667
0 0.7828125 0.6791666666666667 0.7877604166666666 0.6828703703703703 0.7908854166666667 0.6953703703703704 0.7921875 0.7828703703703703 0.7901041666666667 0.7925925925925926 0.7825520833333334 0.8013888888888889 0.76875 0.7981481481481482 0.76484375 0.7898148148148149 0.7627604166666667 0.7013888888888888 0.765625 0.6810185185185185 0.7708333333333334 0.6782407407407407 0.7825520833333334 0.6791666666666667
0 0.8143229166666667 0.23472222222222222 0.821875 0.23935185185185184 0.8255208333333334 0.26851851851851855 0.825 0.3175925925925926 0.8151041666666666 0.3236111111111111 0.8072916666666666 0.32314814814814813 0.8015625 0.31712962962962965 0.8015625 0.28055555555555556 0.79921875 0.2550925925925926 0.8 0.24444444444444444 0.8033854166666666 0.2375 0.8140625 0.23472222222222222
0 0.9013020833333333 0.25416666666666665 0.9080729166666667 0.2625 0.9104166666666667 0.2814814814814815 0.9138020833333333 0.29305555555555557 0.9122395833333333 0.30185185185185187 0.9127604166666666 0.35648148148148145 0.9098958333333333 0.362962962962963 0.9020833333333333 0.36666666666666664 0.8869791666666667 0.36435185185185187 0.88203125 0.35555555555555557 0.8830729166666667 0.2986111111111111 0.87890625 0.28425925925925927 0.8799479166666667 0.2726851851851852 0.88515625 0.25787037037037036 0.88984375 0.25416666666666665 0.9010416666666666 0.25416666666666665
0 0.8106770833333333 0.6837962962962963 0.82109375 0.6861111111111111 0.82578125 0.6958333333333333 0.8270833333333333 0.7550925925925925 0.8247395833333333 0.7893518518518519 0.8190104166666666 0.7944444444444444 0.8106770833333333 0.7953703703703704 0.8026041666666667 0.7912037037037037 0.7997395833333333 0.7851851851851852 0.7989583333333333 0.7601851851851852 0.80078125 0.7481481481481481 0.7984375 0.6953703703703704 0.8033854166666666 0.6856481481481481 0.8104166666666667 0.6842592592592592