0 0.11770833333333333 0.287962962962963 0.052083333333333336 0.04259259259259259
0 0.1109375 0.337037037037037 0.057291666666666664 0.040740740740740744
0 0.7052083333333333 0.23981481481481481 0.052083333333333336 0.04259259259259259
0 0.7635416666666667 0.38981481481481484 0.06458333333333334 0.04259259259259259
0 0.9390625 0.575925925925926 0.05520833333333333 0.040740740740740744
0 0.5932291666666667 0.23796296296296296 0.057291666666666664 0.04259259259259259
0 0.27395833333333336 0.24166666666666667 0.052083333333333336 0.03888888888888889
0 0.878125 0.2537037037037037 0.05625 0.040740740740740744
0 0.8786458333333333 0.34074074074074073 0.059375 0.040740740740740744
0 0.37604166666666666 0.625 0.05416666666666667 0.04259259259259259
0 0.7635416666666667 0.18518518518518517 0.07916666666666666 0.05185185185185185
0 0.5986979166666667 0.5314814814814814 0.0609375 0.044444444444444446
0 0.43072916666666666 0.287962962962963 0.051041666666666666 0.03888888888888889
0 0.9390625 0.6240740740740741 0.059375 0.040740740740740744
0 0.1046875 0.8675925925925926 0.059375 0.04259259259259259
0 0.27291666666666664 0.28888888888888886 0.05416666666666667 0.040740740740740744
0 0.9359375 0.24722222222222223 0.051041666666666666 0.03888888888888889
0 0.42864583333333334 0.774074074074074 0.059375 0.040740740740740744
0 0.8786458333333333 0.4287037037037037 0.057291666666666664 0.04259259259259259
0 0.8755208333333333 0.20555555555555555 0.05520833333333333 0.040740740740740744
0 0.8875 0.48148148148148145 0.06875 0.037037037037037035
0 0.26875 0.3351851851851852 0.05 0.037037037037037035
0 0.6927083333333334 0.5574074074074075 0.06458333333333334 0.040740740740740744
0 0.21822916666666667 0.575925925925926 0.04895833333333333 0.040740740740740744
0 0.76875 0.6805555555555556 0.0625 0.03518518518518519
0 0.9442708333333333 0.43703703703703706 0.06145833333333333 0.037037037037037035
0 0.3765625 0.3861111111111111 0.04895833333333333 0.04259259259259259
0 0.6 0.8287037037037037 0.05625 0.03888888888888889
0 0.06197916666666667 0.03518518518518519 0.05520833333333333 0.040740740740740744
0 0.5270833333333333 0.9546296296296296 0.05416666666666667 0.04259259259259259
0 0.95 0.8712962962962963 0.06458333333333334 0.04259259259259259
0 0.9427083333333334 0.387037037037037 0.06458333333333334 0.040740740740740744
0 0.43072916666666666 0.7166666666666667 0.06770833333333333 0.040740740740740744
0 0.5994791666666667 0.5796296296296296 0.051041666666666666 0.040740740740740744
0 0.7078125 0.7240740740740741 0.053125 0.040740740740740744
0 0.5942708333333333 0.7805555555555556 0.06145833333333333 0.04259259259259259
0 0.050520833333333334 0.7166666666666667 0.051041666666666666 0.03333333333333333
0 0.7640625 0.5768518518518518 0.059375 0.04259259259259259
0 0.540625 0.7240740740740741 0.0625 0.040740740740740744
0 0.7677083333333333 0.7222222222222222 0.05625 0.037037037037037035
0 0.26875 0.37962962962962965 0.05 0.040740740740740744
0 0.7614583333333333 0.8694444444444445 0.06666666666666667 0.04259259259259259
0 0.9328125 0.2 0.04895833333333333 0.040740740740740744
0 0.10625 0.8175925925925925 0.05625 0.03148148148148148
0 0.5354166666666667 0.8240740740740741 0.06041666666666667 0.040740740740740744
0 0.275 0.5740740740740741 0.05 0.040740740740740744
0 0.05572916666666667 0.4824074074074074 0.05520833333333333 0.03518518518518519
0 0.11927083333333334 0.43425925925925923 0.057291666666666664 0.03888888888888889
0 0.2734375 0.6759259259259259 0.053125 0.040740740740740744
0 0.050520833333333334 0.525 0.057291666666666664 0.03888888888888889
0 0.8859375 0.5324074074074074 0.059375 0.03888888888888889
0 0.11666666666666667 0.48055555555555557 0.05 0.03888888888888889
0 0.7010416666666667 0.29907407407407405 0.052083333333333336 0.03888888888888889
0 0.4041666666666667 0.8796296296296297 0.09166666666666666 0.05185185185185185
0 0.4317708333333333 0.4305555555555556 0.05520833333333333 0.03888888888888889
0 0.3846354166666667 0.1087962962962963 0.06302083333333333 0.062037037037037036
0 0.540625 0.43148148148148147 0.05416666666666667 0.040740740740740744
0 0.94375 0.29074074074074074 0.05625 0.037037037037037035
0 0.2296875 0.10925925925925926 0.059375 0.05185185185185185
0 0.7598958333333333 0.3351851851851852 0.05520833333333333 0.040740740740740744
0 0.11145833333333334 0.6722222222222223 0.05416666666666667 0.037037037037037035
0 0.26979166666666665 0.8175925925925925 0.058333333333333334 0.03518518518518519
0 0.7869791666666667 0.030555555555555555 0.057291666666666664 0.05
0 0.6041666666666666 0.6296296296296297 0.05625 0.040740740740740744
0 0.3734375 0.8231481481481482 0.051041666666666666 0.04259259259259259
0 0.7671875 0.6314814814814815 0.059375 0.040740740740740744
0 0.5348958333333333 0.8851851851851852 0.06354166666666666 0.044444444444444446
0 0.8822916666666667 0.575925925925926 0.052083333333333336 0.037037037037037035
0 0.21666666666666667 0.6222222222222222 0.052083333333333336 0.037037037037037035
0 0.9494791666666667 0.7731481481481481 0.05520833333333333 0.03888888888888889
0 0.4359375 0.5740740740740741 0.053125 0.040740740740740744
0 0.11875 0.38425925925925924 0.04375 0.03888888888888889
0 0.26666666666666666 0.4351851851851852 0.04791666666666667 0.037037037037037035
0 0.7609375 0.24351851851851852 0.051041666666666666 0.03888888888888889
0 0.434375 0.3824074074074074 0.058333333333333334 0.03888888888888889
0 0.10677083333333333 0.5462962962962963 0.06770833333333333 0.046296296296296294
0 0.5390625 0.3851851851851852 0.057291666666666664 0.040740740740740744
0 0.0546875 0.6453703703703704 0.05520833333333333 0.03888888888888889
0 0.37916666666666665 0.33425925925925926 0.04791666666666667 0.03888888888888889
0 0.6354166666666666 0.02962962962962963 0.058333333333333334 0.04814814814814815
0 0.5473958333333333 0.6296296296296297 0.051041666666666666 0.040740740740740744
0 0.7635416666666667 0.8212962962962963 0.052083333333333336 0.03518518518518519
0 0.7546875 0.487962962962963 0.04895833333333333 0.04259259259259259
0 0.21666666666666667 0.8194444444444444 0.03958333333333333 0.03888888888888889
0 0.21354166666666666 0.7675925925925926 0.05 0.03518518518518519
0 0.87421875 0.10416666666666667 0.058854166666666666 0.05277777777777778
0 0.6 0.42777777777777776 0.05625 0.044444444444444446
0 0.057291666666666664 0.4351851851851852 0.05 0.037037037037037035
0 0.69765625 0.18888888888888888 0.049479166666666664 0.04814814814814815
0 0.10520833333333333 0.7694444444444445 0.05 0.03888888888888889
0 0.6994791666666667 0.4722222222222222 0.057291666666666664 0.04814814814814815
0 0.10989583333333333 0.7194444444444444 0.042708333333333334 0.03888888888888889
0 0.6046875 0.337037037037037 0.07708333333333334 0.05740740740740741
0 0.20625 0.8777777777777778 0.05 0.044444444444444446
0 0.8885416666666667 0.8203703703703704 0.05416666666666667 0.040740740740740744
0 0.2682291666666667 0.47962962962962963 0.05520833333333333 0.040740740740740744
0 0.11979166666666667 0.24259259259259258 0.04791666666666667 0.037037037037037035
0 0.8880208333333334 0.7722222222222223 0.051041666666666666 0.037037037037037035
0 0.9505208333333334 0.8212962962962963 0.057291666666666664 0.03888888888888889
0 0.3848958333333333 0.24814814814814815 0.04895833333333333 0.037037037037037035
0 0.43802083333333336 0.6324074074074074 0.053125 0.053703703703703705
0 0.26875 0.8712962962962963 0.05625 0.03888888888888889
0 0.5395833333333333 0.48518518518518516 0.06458333333333334 0.040740740740740744
0 0.049479166666666664 0.5805555555555556 0.057291666666666664 0.03888888888888889
0 0.06614583333333333 0.24814814814814815 0.046875 0.037037037037037035
0 0.0578125 0.29444444444444445 0.05520833333333333 0.040740740740740744
0 0.05 0.7694444444444445 0.05416666666666667 0.04259259259259259
0 0.7052083333333333 0.6296296296296297 0.05416666666666667 0.040740740740740744
0 0.21822916666666667 0.33425925925925926 0.04479166666666667 0.03888888888888889
0 0.38177083333333334 0.1925925925925926 0.051041666666666666 0.04814814814814815
0 0.94453125 0.7236111111111111 0.0671875 0.04722222222222222
0 0.7640625 0.7731481481481481 0.059375 0.04259259259259259
0 0.4395833333333333 0.18981481481481483 0.05625 0.04259259259259259
0 0.4359375 0.48148148148148145 0.059375 0.040740740740740744
0 0.8822916666666667 0.6277777777777778 0.058333333333333334 0.040740740740740744
0 0.7057291666666666 0.774074074074074 0.051041666666666666 0.04814814814814815
0 0.21927083333333333 0.5287037037037037 0.051041666666666666 0.03888888888888889
0 0.7005208333333334 0.3851851851851852 0.05520833333333333 0.040740740740740744
0 0.21770833333333334 0.3851851851851852 0.05 0.040740740740740744
0 0.06875 0.19074074074074074 0.05625 0.040740740740740744