0 0.8885416666666667 0.12129629629629629 0.89375 0.12361111111111112 0.8963541666666667 0.1300925925925926 0.8981770833333333 0.1550925925925926 0.8986979166666667 0.22037037037037038 0.8947916666666667 0.23564814814814813 0.8861979166666667 0.2388888888888889 0.8760416666666667 0.23796296296296296 0.8713541666666667 0.22824074074074074 0.8703125 0.20879629629629629 0.8716145833333333 0.1935185185185185 0.86875 0.16435185185185186 0.8697916666666666 0.13935185185185187 0.8729166666666667 0.1259259259259259 0.87734375 0.12222222222222222 0.88828125 0.12129629629629629
0 0.8145833333333333 0.10138888888888889 0.8190104166666666 0.10694444444444444 0.821875 0.11666666666666667 0.8239583333333333 0.16620370370370371 0.8216145833333334 0.19537037037037036 0.81171875 0.20185185185185187 0.8002604166666667 0.19907407407407407 0.79609375 0.19212962962962962 0.7979166666666667 0.17037037037037037 0.7953125 0.12546296296296297 0.7966145833333333 0.11296296296296296 0.8005208333333333 0.1037037037037037 0.80703125 0.1 0.8143229166666667 0.10138888888888889
0 0.6276041666666666 0.6828703703703703 0.63359375 0.6925925925925925 0.6359375 0.7199074074074074 0.6341145833333334 0.7444444444444445 0.63515625 0.7833333333333333 0.6322916666666667 0.8069444444444445 0.6223958333333334 0.8125 0.6114583333333333 0.8106481481481481 0.60546875 0.8013888888888889 0.6046875 0.7888888888888889 0.60703125 0.7722222222222223 0.6075520833333333 0.7481481481481481 0.6065104166666667 0.7300925925925926 0.6078125 0.700462962962963 0.6109375 0.687037037037037 0.6192708333333333 0.6819444444444445 0.62734375 0.6828703703703703
0 0.7033854166666667 0.2490740740740741 0.71015625 0.25416666666666665 0.7119791666666667 0.26157407407407407 0.7125 0.325 0.7111979166666667 0.34814814814814815 0.703125 0.3527777777777778 0.69296875 0.3523148148148148 0.6872395833333333 0.3453703703703704 0.6856770833333333 0.2722222222222222 0.6864583333333333 0.25833333333333336 0.6890625 0.25092592592592594 0.703125 0.2490740740740741
0 0.9682291666666667 0.12407407407407407 0.9736979166666667 0.1300925925925926 0.97578125 0.1388888888888889 0.9768229166666667 0.20972222222222223 0.9752604166666666 0.22361111111111112 0.9703125 0.2310185185185185 0.9651041666666667 0.2337962962962963 0.95625 0.23148148148148148 0.9486979166666667 0.2199074074074074 0.9463541666666667 0.14305555555555555 0.9479166666666666 0.13333333333333333 0.9528645833333333 0.12453703703703704 0.9598958333333333 0.12129629629629629 0.96796875 0.12407407407407407
0 0.8145833333333333 0.5476851851851852 0.8208333333333333 0.55 0.8239583333333333 0.5574074074074075 0.8265625 0.5958333333333333 0.8260416666666667 0.6513888888888889 0.82265625 0.6578703703703703 0.8171875 0.6597222222222222 0.8033854166666666 0.6583333333333333 0.79921875 0.6513888888888889 0.79921875 0.5537037037037037 0.8033854166666666 0.5481481481481482 0.8143229166666667 0.5476851851851852
0 0.8669270833333333 0.6921296296296297 0.8697916666666666 0.6962962962962963 0.87265625 0.7134259259259259 0.8739583333333333 0.7870370370370371 0.8731770833333333 0.8032407407407407 0.8708333333333333 0.8078703703703703 0.8651041666666667 0.8106481481481481 0.8515625 0.8087962962962963 0.846875 0.8037037037037037 0.8447916666666667 0.7962962962962963 0.8447916666666667 0.7342592592592593 0.8427083333333333 0.7087962962962963 0.8447916666666667 0.6981481481481482 0.84921875 0.6916666666666667 0.8565104166666667 0.6898148148148148 0.8666666666666667 0.6921296296296297
0 0.8494791666666667 0.2449074074074074 0.8565104166666667 0.24814814814814815 0.8630208333333333 0.2611111111111111 0.8661458333333333 0.3060185185185185 0.8666666666666667 0.33287037037037037 0.86484375 0.34629629629629627 0.8627604166666667 0.35 0.8533854166666667 0.35185185185185186 0.8447916666666667 0.35138888888888886 0.8401041666666667 0.3449074074074074 0.8348958333333333 0.2708333333333333 0.8348958333333333 0.25833333333333336 0.8377604166666667 0.2513888888888889 0.8416666666666667 0.24675925925925926 0.84921875 0.2449074074074074
0 0.6255208333333333 0.5407407407407407 0.6299479166666667 0.5444444444444444 0.6322916666666667 0.5537037037037037 0.6354166666666666 0.6407407407407407 0.6309895833333333 0.6560185185185186 0.6247395833333333 0.6587962962962963 0.6125 0.6578703703703703 0.6083333333333333 0.6513888888888889 0.6059895833333333 0.6310185185185185 0.6044270833333333 0.5550925925925926 0.6057291666666667 0.5462962962962963 0.609375 0.5416666666666666 0.6252604166666667 0.5407407407407407
0 0.6802083333333333 0.4351851851851852 0.690625 0.44166666666666665 0.69296875 0.4546296296296296 0.68828125 0.5328703703703703 0.68515625 0.5435185185185185 0.6796875 0.5476851851851852 0.6645833333333333 0.5430555555555555 0.6614583333333334 0.5351851851851852 0.6611979166666667 0.524537037037037 0.6677083333333333 0.4462962962962963 0.671875 0.43657407407407406 0.6799479166666667 0.4351851851851852
0 0.7458333333333333 0.25416666666666665 0.74921875 0.26064814814814813 0.7515625 0.2722222222222222 0.75390625 0.3453703703703704 0.7515625 0.3537037037037037 0.74140625 0.3574074074074074 0.7328125 0.3560185185185185 0.7278645833333334 0.3458333333333333 0.725 0.2722222222222222 0.7270833333333333 0.2611111111111111 0.73203125 0.2537037037037037 0.74140625 0.2513888888888889 0.7455729166666667 0.25416666666666665
0 0.66875 0.12037037037037036 0.67265625 0.12361111111111112 0.6752604166666667 0.13564814814814816 0.6744791666666666 0.21388888888888888 0.6723958333333333 0.22453703703703703 0.66171875 0.23425925925925925 0.6513020833333333 0.2310185185185185 0.6463541666666667 0.22083333333333333 0.64921875 0.1439814814814815 0.65078125 0.1287037037037037 0.65390625 0.12175925925925926 0.6684895833333333 0.12037037037037036
0 0.77890625 0.5486111111111112 0.7869791666666667 0.5537037037037037 0.7888020833333333 0.5606481481481481 0.7916666666666666 0.6347222222222222 0.78984375 0.6509259259259259 0.78671875 0.6546296296296297 0.7768229166666667 0.6574074074074074 0.7692708333333333 0.6550925925925926 0.7653645833333333 0.6453703703703704 0.76171875 0.5638888888888889 0.7653645833333333 0.5527777777777778 0.7786458333333334 0.5486111111111112
0 0.5921875 0.11851851851851852 0.5981770833333333 0.12222222222222222 0.6 0.12685185185185185 0.6002604166666666 0.20092592592592592 0.5986979166666667 0.21944444444444444 0.5934895833333333 0.22777777777777777 0.58828125 0.2310185185185185 0.5778645833333333 0.22777777777777777 0.5744791666666667 0.22361111111111112 0.5723958333333333 0.2152777777777778 0.57421875 0.13564814814814816 0.5747395833333333 0.12638888888888888 0.5770833333333333 0.12083333333333333 0.5919270833333333 0.11851851851851852
0 0.9325520833333333 0.5486111111111112 0.9395833333333333 0.5509259259259259 0.9453125 0.5606481481481481 0.9484375 0.5907407407407408 0.9486979166666667 0.6620370370370371 0.94609375 0.6699074074074074 0.9364583333333333 0.674074074074074 0.9263020833333333 0.6717592592592593 0.9216145833333333 0.6643518518518519 0.9169270833333333 0.5828703703703704 0.9182291666666667 0.5560185185185185 0.9231770833333334 0.55 0.9322916666666666 0.5486111111111112
0 0.5841145833333333 0.6884259259259259 0.5921875 0.6916666666666667 0.5950520833333334 0.6958333333333333 0.5973958333333333 0.7134259259259259 0.5955729166666667 0.7300925925925926 0.5963541666666666 0.7708333333333334 0.59296875 0.8041666666666667 0.5893229166666667 0.8143518518518519 0.58515625 0.8175925925925925 0.5739583333333333 0.8162037037037037 0.5671875 0.8083333333333333 0.565625 0.7652777777777777 0.5703125 0.6953703703703704 0.5744791666666667 0.6893518518518519 0.5838541666666667 0.6884259259259259
0 0.7026041666666667 0.6814814814814815 0.7098958333333333 0.6875 0.7127604166666667 0.6986111111111111 0.7125 0.7657407407407407 0.7106770833333333 0.7935185185185185 0.7091145833333333 0.7976851851851852 0.7033854166666667 0.8004629629629629 0.6875 0.7986111111111112 0.6817708333333333 0.7902777777777777 0.6856770833333333 0.6893518518518519 0.6903645833333333 0.6819444444444445 0.70234375 0.6814814814814815
0 0.7419270833333333 0.6935185185185185 0.7450520833333333 0.6972222222222222 0.746875 0.7055555555555556 0.75078125 0.7759259259259259 0.7481770833333333 0.7865740740740741 0.73828125 0.7898148148148149 0.7270833333333333 0.7888888888888889 0.7244791666666667 0.7828703703703703 0.7200520833333334 0.7055555555555556 0.7205729166666667 0.6995370370370371 0.7239583333333334 0.6939814814814815 0.7299479166666667 0.6916666666666667 0.7416666666666667 0.6935185185185185
0 0.5411458333333333 0.675 0.5471354166666667 0.6763888888888889 0.5528645833333333 0.6819444444444445 0.5541666666666667 0.6949074074074074 0.5546875 0.7768518518518519 0.5526041666666667 0.7865740740740741 0.5450520833333333 0.7944444444444444 0.5346354166666667 0.7930555555555555 0.52890625 0.7865740740740741 0.5260416666666666 0.7412037037037037 0.5276041666666667 0.6842592592592592 0.53203125 0.6773148148148148 0.5408854166666667 0.675
0 0.6622395833333333 0.26342592592592595 0.6684895833333333 0.2652777777777778 0.6713541666666667 0.26944444444444443 0.6729166666666667 0.2828703703703704 0.6716145833333333 0.3421296296296296 0.66953125 0.3490740740740741 0.6640625 0.3509259259259259 0.6494791666666667 0.34953703703703703 0.6466145833333333 0.34444444444444444 0.64765625 0.2722222222222222 0.6510416666666666 0.2652777777777778 0.6619791666666667 0.26342592592592595
0 0.5528645833333333 0.5337962962962963 0.5578125 0.5361111111111111 0.5591145833333333 0.5402777777777777 0.559375 0.625462962962963 0.5559895833333334 0.6472222222222223 0.5505208333333333 0.6513888888888889 0.53984375 0.6509259259259259 0.5328125 0.6444444444444445 0.53203125 0.6175925925925926 0.534375 0.5953703703703703 0.53515625 0.5365740740740741 0.5432291666666667 0.5324074074074074 0.5526041666666667 0.5337962962962963
0 0.7903645833333334 0.4013888888888889 0.8317708333333333 0.40694444444444444 0.8411458333333334 0.4115740740740741 0.8432291666666667 0.4199074074074074 0.8432291666666667 0.4425925925925926 0.8411458333333334 0.45 0.834375 0.4537037037037037 0.8075520833333333 0.4527777777777778 0.7841145833333333 0.449537037037037 0.77734375 0.44583333333333336 0.77421875 0.4393518518518518 0.7729166666666667 0.4287037037037037 0.77578125 0.4078703703703704 0.7794270833333333 0.40324074074074073 0.7901041666666667 0.4013888888888889
0 0.6270833333333333 0.23564814814814813 0.6338541666666667 0.23842592592592593 0.6380208333333334 0.24814814814814815 0.6375 0.300462962962963 0.6390625 0.325 0.6372395833333333 0.3416666666666667 0.6268229166666667 0.34814814814814815 0.61484375 0.3458333333333333 0.6125 0.34120370370370373 0.6114583333333333 0.3287037037037037 0.6119791666666666 0.24537037037037038 0.6169270833333333 0.2375 0.6268229166666667 0.23564814814814813
0 0.8984375 0.5592592592592592 0.9041666666666667 0.5638888888888889 0.9065104166666667 0.5722222222222222 0.90859375 0.6412037037037037 0.9049479166666666 0.6643518518518519 0.8955729166666667 0.6680555555555555 0.8841145833333334 0.6662037037037037 0.8807291666666667 0.6615740740740741 0.8796875 0.5666666666666667 0.8838541666666667 0.5597222222222222 0.8981770833333333 0.5592592592592592
0 0.20963541666666666 0.40694444444444444 0.21796875 0.4111111111111111 0.22005208333333334 0.41898148148148145 0.215625 0.4703703703703704 0.21354166666666666 0.475 0.20807291666666666 0.4773148148148148 0.19270833333333334 0.47129629629629627 0.19140625 0.4597222222222222 0.19375 0.425462962962963 0.196875 0.4148148148148148 0.20052083333333334 0.4074074074074074 0.209375 0.40694444444444444
0 0.6609375 0.9689814814814814 0.66796875 0.9722222222222222 0.671875 0.9800925925925926 0.675 0.9939814814814815 0.6744791666666666 0.999537037037037 0.6453125 0.999537037037037 0.6484375 0.9745370370370371 0.653125 0.9699074074074074 0.6606770833333333 0.9689814814814814
0 0.8489583333333334 0.13055555555555556 0.8565104166666667 0.13333333333333333 0.8596354166666667 0.1425925925925926 0.8604166666666667 0.20185185185185187 0.8578125 0.22361111111111112 0.8479166666666667 0.2310185185185185 0.8348958333333333 0.22777777777777777 0.8325520833333333 0.20879629629629629 0.8338541666666667 0.13657407407407407 0.8385416666666666 0.13148148148148148 0.8486979166666667 0.13055555555555556
0 0.7427083333333333 0.5365740740740741 0.75078125 0.5439814814814815 0.75078125 0.6212962962962963 0.7486979166666666 0.6370370370370371 0.7395833333333334 0.6421296296296296 0.7302083333333333 0.6407407407407407 0.72578125 0.6333333333333333 0.72578125 0.55 0.7276041666666667 0.5388888888888889 0.7424479166666667 0.5365740740740741
0 0.6276041666666666 0.10231481481481482 0.634375 0.10925925925925926 0.6364583333333333 0.11944444444444445 0.6369791666666667 0.19953703703703704 0.634375 0.2101851851851852 0.6252604166666667 0.21574074074074073 0.6151041666666667 0.21388888888888888 0.6106770833333334 0.2037037037037037 0.6119791666666666 0.1476851851851852 0.6106770833333334 0.11944444444444445 0.6119791666666666 0.1111111111111111 0.615625 0.10555555555555556 0.62734375 0.10231481481481482
0 0.9651041666666667 0.24675925925925926 0.9721354166666667 0.25092592592592594 0.9760416666666667 0.262037037037037 0.97734375 0.3263888888888889 0.9744791666666667 0.3527777777777778 0.9645833333333333 0.36018518518518516 0.9515625 0.3560185185185185 0.9453125 0.3453703703703704 0.9466145833333334 0.2962962962962963 0.9450520833333333 0.2722222222222222 0.94609375 0.26296296296296295 0.9510416666666667 0.25092592592592594 0.9559895833333333 0.24722222222222223 0.96484375 0.24675925925925926
0 0.8533854166666667 0.5509259259259259 0.8661458333333333 0.5546296296296296 0.86953125 0.5662037037037037 0.86640625 0.6648148148148149 0.8567708333333334 0.674537037037037 0.84140625 0.6694444444444444 0.83828125 0.6574074074074074 0.8419270833333333 0.5740740740740741 0.8450520833333334 0.5574074074074075 0.8489583333333334 0.5513888888888889 0.853125 0.5509259259259259
0 0.7817708333333333 0.6805555555555556 0.7877604166666666 0.6842592592592592 0.7908854166666667 0.6949074074074074 0.7934895833333333 0.7824074074074074 0.7895833333333333 0.7986111111111112 0.7815104166666667 0.8032407407407407 0.76953125 0.8004629629629629 0.7643229166666666 0.7898148148148149 0.7627604166666667 0.7217592592592592 0.7627604166666667 0.7027777777777777 0.7651041666666667 0.6851851851851852 0.7692708333333333 0.6810185185185185 0.7815104166666667 0.6805555555555556
0 0.66484375 0.6935185185185185 0.6713541666666667 0.6953703703703704 0.6739583333333333 0.7 0.67421875 0.7449074074074075 0.6721354166666667 0.7925925925925926 0.6661458333333333 0.8069444444444445 0.6622395833333333 0.8083333333333333 0.6510416666666666 0.8074074074074075 0.6458333333333334 0.7967592592592593 0.6463541666666667 0.7273148148148149 0.6473958333333333 0.7046296296296296 0.65078125 0.6962962962962963 0.65390625 0.6935185185185185 0.6645833333333333 0.6935185185185185
0 0.7109375 0.5569444444444445 0.7138020833333333 0.562037037037037 0.715625 0.5944444444444444 0.71484375 0.6194444444444445 0.7119791666666667 0.6231481481481481 0.6932291666666667 0.6226851851851852 0.690625 0.6162037037037037 0.6916666666666667 0.5587962962962963 0.70078125 0.5555555555555556 0.7106770833333333 0.5569444444444445
0 0.6997395833333333 0.12037037037037036 0.7067708333333333 0.12222222222222222 0.71015625 0.12916666666666668 0.7109375 0.2050925925925926 0.70703125 0.2162037037037037 0.6971354166666667 0.21898148148148147 0.6895833333333333 0.21712962962962962 0.6856770833333333 0.20972222222222223 0.6861979166666666 0.13333333333333333 0.6888020833333334 0.12361111111111112 0.6994791666666667 0.12037037037037036
0 0.8166666666666667 0.2361111111111111 0.8221354166666667 0.24074074074074073 0.8244791666666667 0.25324074074074077 0.8260416666666667 0.2967592592592593 0.8247395833333333 0.3189814814814815 0.815625 0.324537037037037 0.8072916666666666 0.32407407407407407 0.8013020833333333 0.3175925925925926 0.8018229166666667 0.2824074074074074 0.8 0.24814814814814815 0.8041666666666667 0.2375 0.81640625 0.2361111111111111
0 0.7778645833333333 0.2324074074074074 0.7864583333333334 0.23842592592592593 0.7911458333333333 0.2523148148148148 0.7908854166666667 0.33101851851851855 0.7875 0.3421296296296296 0.78046875 0.3449074074074074 0.76796875 0.3425925925925926 0.7638020833333333 0.33101851851851855 0.7638020833333333 0.24814814814814815 0.7684895833333333 0.23657407407407408 0.7776041666666667 0.2324074074074074
0 0.77578125 0.11574074074074074 0.7828125 0.11898148148148148 0.7841145833333333 0.12407407407407407 0.7864583333333334 0.18425925925925926 0.7841145833333333 0.21203703703703702 0.7822916666666667 0.21666666666666667 0.77578125 0.22037037037037038 0.7661458333333333 0.21712962962962962 0.7591145833333334 0.2064814814814815 0.75703125 0.1375 0.75859375 0.12407407407407407 0.7614583333333333 0.11898148148148148 0.7755208333333333 0.11574074074074074
0 0.8981770833333333 0.25416666666666665 0.90390625 0.2564814814814815 0.9080729166666667 0.26296296296296295 0.9140625 0.2953703703703704 0.9122395833333333 0.3037037037037037 0.91328125 0.35648148148148145 0.9109375 0.3625 0.90234375 0.36712962962962964 0.8875 0.36527777777777776 0.88125 0.35185185185185186 0.88359375 0.31527777777777777 0.8825520833333333 0.29398148148148145 0.8791666666666667 0.28564814814814815 0.8796875 0.27685185185185185 0.8856770833333333 0.25787037037037036 0.8979166666666667 0.25416666666666665
0 0.5955729166666667 0.24074074074074073 0.5989583333333334 0.2439814814814815 0.6002604166666666 0.25277777777777777 0.6018229166666667 0.34675925925925927 0.5971354166666667 0.36342592592592593 0.5901041666666667 0.36666666666666664 0.57890625 0.36435185185185187 0.5736979166666667 0.3527777777777778 0.57421875 0.26296296296296295 0.5776041666666667 0.24212962962962964 0.5953125 0.24074074074074073
0 0.8151041666666666 0.6861111111111111 0.8223958333333333 0.6884259259259259 0.8265625 0.6967592592592593 0.82734375 0.7666666666666667 0.8260416666666667 0.7898148148148149 0.8205729166666667 0.7962962962962963 0.8140625 0.7981481481481482 0.8026041666666667 0.7925925925925926 0.7994791666666666 0.7828703703703703 0.7984375 0.6981481481481482 0.7997395833333333 0.6916666666666667 0.8028645833333333 0.687962962962963 0.81484375 0.6861111111111111