0 0.11302083333333333 0.3388888888888889 0.05520833333333333 0.040740740740740744
0 0.7052083333333333 0.24166666666666667 0.05416666666666667 0.046296296296296294
0 0.11979166666666667 0.2898148148148148 0.05416666666666667 0.04259259259259259
0 0.43072916666666666 0.28888888888888886 0.051041666666666666 0.040740740740740744
0 0.5927083333333333 0.23981481481481481 0.058333333333333334 0.04259259259259259
0 0.9354166666666667 0.24722222222222223 0.05 0.03888888888888889
0 0.8765625 0.3435185185185185 0.057291666666666664 0.04259259259259259
0 0.9380208333333333 0.575925925925926 0.05520833333333333 0.040740740740740744
0 0.8760416666666667 0.25555555555555554 0.058333333333333334 0.044444444444444446
0 0.878125 0.4305555555555556 0.058333333333333334 0.046296296296296294
0 0.9390625 0.6240740740740741 0.057291666666666664 0.040740740740740744
0 0.7635416666666667 0.38981481481481484 0.0625 0.04259259259259259
0 0.6 0.5300925925925926 0.06041666666666667 0.041666666666666664
0 0.26979166666666665 0.33425925925925926 0.04791666666666667 0.03888888888888889
0 0.3765625 0.3861111111111111 0.051041666666666666 0.04259259259259259
0 0.2796875 0.24259259259259258 0.042708333333333334 0.040740740740740744
0 0.2755208333333333 0.2916666666666667 0.051041666666666666 0.03888888888888889
0 0.9442708333333333 0.43703703703703706 0.06145833333333333 0.037037037037037035
0 0.40520833333333334 0.8796296296296297 0.09375 0.05185185185185185
0 0.4296875 0.774074074074074 0.059375 0.040740740740740744
0 0.8869791666666667 0.48148148148148145 0.06354166666666666 0.037037037037037035
0 0.27447916666666666 0.6759259259259259 0.05520833333333333 0.044444444444444446
0 0.5359375 0.8222222222222222 0.059375 0.044444444444444446
0 0.7604166666666666 0.3351851851851852 0.05416666666666667 0.040740740740740744
0 0.9416666666666667 0.3861111111111111 0.06458333333333334 0.03888888888888889
0 0.6 0.5805555555555556 0.052083333333333336 0.03888888888888889
0 0.053125 0.5277777777777778 0.05625 0.037037037037037035
0 0.5411458333333333 0.7240740740740741 0.06354166666666666 0.040740740740740744
0 0.7635416666666667 0.18611111111111112 0.07916666666666666 0.053703703703703705
0 0.10625 0.8694444444444445 0.058333333333333334 0.03888888888888889
0 0.21927083333333333 0.575925925925926 0.04895833333333333 0.040740740740740744
0 0.7072916666666667 0.5453703703703704 0.06041666666666667 0.053703703703703705
0 0.8869791666666667 0.5324074074074074 0.057291666666666664 0.03888888888888889
0 0.058333333333333334 0.43425925925925923 0.052083333333333336 0.03888888888888889
0 0.7078125 0.7240740740740741 0.053125 0.040740740740740744
0 0.4317708333333333 0.7148148148148148 0.06354166666666666 0.040740740740740744
0 0.76875 0.6805555555555556 0.0625 0.03518518518518519
0 0.7677083333333333 0.7222222222222222 0.05625 0.037037037037037035
0 0.7619791666666667 0.8675925925925926 0.06354166666666666 0.04259259259259259
0 0.08958333333333333 0.9574074074074074 0.05625 0.044444444444444446
0 0.2755208333333333 0.575925925925926 0.051041666666666666 0.040740740740740744
0 0.12083333333333333 0.4351851851851852 0.05416666666666667 0.037037037037037035
0 0.7640625 0.5796296296296296 0.057291666666666664 0.040740740740740744
0 0.8760416666666667 0.20555555555555555 0.052083333333333336 0.037037037037037035
0 0.7010416666666667 0.29907407407407405 0.05 0.03888888888888889
0 0.3140625 0.9611111111111111 0.06354166666666666 0.04814814814814815
0 0.9317708333333333 0.20277777777777778 0.04895833333333333 0.03888888888888889
0 0.11302083333333333 0.6731481481481482 0.051041666666666666 0.03888888888888889
0 0.05364583333333333 0.7166666666666667 0.053125 0.03333333333333333
0 0.43697916666666664 0.5740740740740741 0.05520833333333333 0.040740740740740744
0 0.37864583333333335 0.6277777777777778 0.053125 0.044444444444444446
0 0.37395833333333334 0.8203703703703704 0.052083333333333336 0.040740740740740744
0 0.2734375 0.8194444444444444 0.05520833333333333 0.03888888888888889
0 0.9411458333333333 0.29259259259259257 0.05520833333333333 0.037037037037037035
0 0.7671875 0.6314814814814815 0.059375 0.040740740740740744
0 0.10677083333333333 0.5398148148148149 0.06770833333333333 0.04259259259259259
0 0.9505208333333334 0.8712962962962963 0.06145833333333333 0.04259259259259259
0 0.12552083333333333 0.387037037037037 0.036458333333333336 0.040740740740740744
0 0.596875 0.7787037037037037 0.058333333333333334 0.04259259259259259
0 0.3807291666666667 0.337037037037037 0.04895833333333333 0.040740740740740744
0 0.109375 0.8175925925925925 0.05416666666666667 0.03148148148148148
0 0.540625 0.48518518518518516 0.0625 0.040740740740740744
0 0.9479166666666666 0.7712962962962963 0.05625 0.03888888888888889
0 0.11666666666666667 0.48055555555555557 0.05 0.03888888888888889
0 0.2703125 0.3824074074074074 0.04895833333333333 0.04259259259259259
0 0.057291666666666664 0.48333333333333334 0.05416666666666667 0.037037037037037035
0 0.6036458333333333 0.6296296296296297 0.057291666666666664 0.040740740740740744
0 0.5390625 0.3851851851851852 0.057291666666666664 0.040740740740740744
0 0.4317708333333333 0.4324074074074074 0.05520833333333333 0.03888888888888889
0 0.8817708333333333 0.5740740740740741 0.051041666666666666 0.040740740740740744
0 0.7635416666666667 0.8212962962962963 0.052083333333333336 0.03518518518518519
0 0.4348958333333333 0.38425925925925924 0.05520833333333333 0.03888888888888889
0 0.7536458333333333 0.49166666666666664 0.04895833333333333 0.03888888888888889
0 0.1125 0.7212962962962963 0.04375 0.03518518518518519
0 0.7578125 0.2462962962962963 0.051041666666666666 0.040740740740740744
0 0.5354166666666667 0.8851851851851852 0.06041666666666667 0.044444444444444446
0 0.20729166666666668 0.8777777777777778 0.05 0.044444444444444446
0 0.2171875 0.7685185185185185 0.051041666666666666 0.037037037037037035
0 0.8875 0.8175925925925925 0.052083333333333336 0.04259259259259259
0 0.6010416666666667 0.42685185185185187 0.058333333333333334 0.046296296296296294
0 0.06875 0.2490740740740741 0.05 0.03888888888888889
0 0.2682291666666667 0.4351851851851852 0.04895833333333333 0.037037037037037035
0 0.6044270833333333 0.33611111111111114 0.07864583333333333 0.05
0 0.44114583333333335 0.19074074074074074 0.05520833333333333 0.044444444444444446
0 0.2203125 0.33611111111111114 0.046875 0.04259259259259259
0 0.23125 0.11018518518518519 0.06666666666666667 0.053703703703703705
0 0.26979166666666665 0.8712962962962963 0.05416666666666667 0.03888888888888889
0 0.3848958333333333 0.19814814814814816 0.046875 0.040740740740740744
0 0.8822916666666667 0.625 0.058333333333333334 0.04259259259259259
0 0.2708333333333333 0.47962962962962963 0.05625 0.040740740740740744
0 0.5421875 0.43333333333333335 0.053125 0.040740740740740744
0 0.05572916666666667 0.6453703703703704 0.05520833333333333 0.03888888888888889
0 0.3854166666666667 0.24722222222222223 0.05 0.03888888888888889
0 0.06145833333333333 0.2953703703703704 0.052083333333333336 0.04259259259259259
0 0.7010416666666667 0.475 0.06458333333333334 0.05
0 0.3859375 0.1087962962962963 0.058333333333333334 0.058333333333333334
0 0.9489583333333333 0.8175925925925925 0.058333333333333334 0.03518518518518519
0 0.4375 0.6287037037037037 0.05625 0.05
0 0.7052083333333333 0.6305555555555555 0.05416666666666667 0.03888888888888889
0 0.21875 0.6222222222222222 0.05 0.037037037037037035
0 0.1078125 0.7694444444444445 0.046875 0.03888888888888889
0 0.5416666666666666 0.1111111111111111 0.0625 0.06296296296296296
0 0.43645833333333334 0.48148148148148145 0.05416666666666667 0.040740740740740744
0 0.21875 0.387037037037037 0.05 0.040740740740740744
0 0.7 0.387037037037037 0.05625 0.040740740740740744
0 0.053125 0.7694444444444445 0.05416666666666667 0.04259259259259259
0 0.12395833333333334 0.24814814814814815 0.05 0.037037037037037035
0 0.8864583333333333 0.7722222222222223 0.052083333333333336 0.037037037037037035
0 0.051041666666666666 0.5824074074074074 0.05625 0.03888888888888889
0 0.546875 0.6296296296296297 0.05 0.040740740740740744
0 0.22083333333333333 0.29074074074074074 0.04791666666666667 0.040740740740740744
0 0.7635416666666667 0.7731481481481481 0.058333333333333334 0.04259259259259259
0 0.35989583333333336 0.025 0.053125 0.05
0 0.9424479166666667 0.7208333333333333 0.06927083333333334 0.041666666666666664
0 0.21614583333333334 0.8185185185185185 0.04479166666666667 0.037037037037037035
0 0.8890625 0.8722222222222222 0.06354166666666666 0.044444444444444446
0 0.7072916666666667 0.7722222222222223 0.05625 0.044444444444444446
0 0.871875 0.10231481481481482 0.06041666666666667 0.05648148148148148
0 0.9885416666666667 0.15092592592592594 0.020833333333333332 0.10555555555555556
0 0.6963541666666667 0.1875 0.053125 0.05462962962962963
0 0.22239583333333332 0.5296296296296297 0.051041666666666666 0.040740740740740744