0 0.5809895833333333 0.9893518518518518 0.5861979166666667 0.9921296296296296 0.5885416666666666 0.999537037037037 0.5619791666666667 0.999537037037037 0.5627604166666667 0.9939814814814815 0.5658854166666667 0.9902777777777778 0.5807291666666666 0.9893518518518518
0 0.8856770833333333 0.11574074074074074 0.89140625 0.11851851851851852 0.8932291666666666 0.12314814814814815 0.8955729166666667 0.1537037037037037 0.8958333333333334 0.19027777777777777 0.8950520833333333 0.22453703703703703 0.89140625 0.2310185185185185 0.8856770833333333 0.23287037037037037 0.8731770833333333 0.23194444444444445 0.86875 0.22407407407407406 0.8669270833333333 0.14675925925925926 0.8677083333333333 0.1300925925925926 0.8708333333333333 0.11944444444444445 0.8854166666666666 0.11574074074074074
0 0.8059895833333334 0.09490740740740741 0.8135416666666667 0.09722222222222222 0.81796875 0.1050925925925926 0.8216145833333334 0.13194444444444445 0.8197916666666667 0.18518518518518517 0.8171875 0.19212962962962962 0.8098958333333334 0.1962962962962963 0.7989583333333333 0.19444444444444445 0.7934895833333333 0.18564814814814815 0.7932291666666667 0.11388888888888889 0.7981770833333334 0.09814814814814815 0.8057291666666667 0.09490740740740741
0 0.7768229166666667 0.2273148148148148 0.78359375 0.23287037037037037 0.7872395833333333 0.24166666666666667 0.7888020833333333 0.29583333333333334 0.7875 0.33055555555555555 0.7846354166666667 0.3365740740740741 0.7778645833333333 0.3388888888888889 0.76796875 0.3384259259259259 0.7625 0.33055555555555555 0.76015625 0.2671296296296296 0.7614583333333333 0.2375 0.76796875 0.22870370370370371 0.7765625 0.2273148148148148
0 0.6994791666666667 0.24259259259259258 0.7078125 0.24861111111111112 0.7104166666666667 0.27824074074074073 0.7098958333333333 0.3347222222222222 0.7075520833333333 0.3439814814814815 0.7033854166666667 0.3472222222222222 0.6890625 0.34629629629629627 0.6854166666666667 0.3421296296296296 0.6822916666666666 0.2824074074074074 0.6848958333333334 0.24768518518518517 0.6895833333333333 0.24305555555555555 0.69921875 0.24259259259259258
0 0.9604166666666667 0.1162037037037037 0.9671875 0.11990740740740741 0.9716145833333333 0.12638888888888888 0.9734375 0.15092592592592594 0.9734375 0.21157407407407408 0.97109375 0.22083333333333333 0.9635416666666666 0.2273148148148148 0.9518229166666666 0.22407407407407406 0.9455729166666667 0.2101851851851852 0.9427083333333334 0.14722222222222223 0.9458333333333333 0.125 0.9513020833333333 0.1175925925925926 0.96015625 0.1162037037037037
0 0.8505208333333333 0.1259259259259259 0.8546875 0.1287037037037037 0.8567708333333334 0.13564814814814816 0.8567708333333334 0.2050925925925926 0.8533854166666667 0.22175925925925927 0.8453125 0.225 0.83515625 0.22407407407407406 0.8309895833333333 0.21851851851851853 0.83046875 0.13333333333333333 0.8348958333333333 0.12638888888888888 0.8502604166666666 0.1259259259259259
0 0.7005208333333334 0.5467592592592593 0.7072916666666667 0.549074074074074 0.7106770833333333 0.5537037037037037 0.71171875 0.5685185185185185 0.71171875 0.6125 0.71015625 0.6157407407407407 0.7036458333333333 0.6162037037037037 0.6895833333333333 0.6157407407407407 0.6877604166666667 0.6125 0.6890625 0.5944444444444444 0.6880208333333333 0.5532407407407407 0.6921875 0.5486111111111112 0.7002604166666667 0.5467592592592593
0 0.84765625 0.23981481481481481 0.8557291666666667 0.2439814814814815 0.8596354166666667 0.2537037037037037 0.8630208333333333 0.3 0.8635416666666667 0.324537037037037 0.8619791666666666 0.33935185185185185 0.8596354166666667 0.3439814814814815 0.8510416666666667 0.34629629629629627 0.8411458333333334 0.3453703703703704 0.8375 0.3416666666666667 0.8361979166666667 0.33611111111111114 0.8317708333333333 0.25972222222222224 0.83515625 0.24444444444444444 0.8473958333333333 0.23981481481481481
0 0.9419270833333333 0.4671296296296296 0.9458333333333333 0.47129629629629627 0.9609375 0.47314814814814815 0.9661458333333334 0.48055555555555557 0.9674479166666666 0.4898148148148148 0.9666666666666667 0.5018518518518519 0.9635416666666666 0.513425925925926 0.94296875 0.5199074074074074 0.9078125 0.5199074074074074 0.9028645833333333 0.5111111111111111 0.9010416666666666 0.49166666666666664 0.9028645833333333 0.48009259259259257 0.9072916666666667 0.4740740740740741 0.9291666666666667 0.4722222222222222 0.9416666666666667 0.4671296296296296
0 0.6578125 0.9625 0.6630208333333333 0.9657407407407408 0.6684895833333333 0.975 0.6703125 0.999537037037037 0.6408854166666667 0.999537037037037 0.6408854166666667 0.9791666666666666 0.6427083333333333 0.9703703703703703 0.6479166666666667 0.9643518518518519 0.6575520833333334 0.9625
0 0.546875 0.5254629629629629 0.5559895833333334 0.5291666666666667 0.5578125 0.5393518518518519 0.5578125 0.5787037037037037 0.55625 0.5884259259259259 0.5578125 0.6060185185185185 0.55625 0.6296296296296297 0.5528645833333333 0.6407407407407407 0.5471354166666667 0.6444444444444445 0.5395833333333333 0.6444444444444445 0.5325520833333334 0.6402777777777777 0.5294270833333333 0.6273148148148148 0.5325520833333334 0.5314814814814814 0.5359375 0.5268518518518519 0.5466145833333333 0.5254629629629629
0 0.62421875 0.09675925925925925 0.6302083333333334 0.1 0.63359375 0.10740740740740741 0.6361979166666667 0.1439814814814815 0.63359375 0.20092592592592592 0.6309895833333333 0.20555555555555555 0.6231770833333333 0.2101851851851852 0.6125 0.20833333333333334 0.6088541666666667 0.2037037037037037 0.6078125 0.1712962962962963 0.6091145833333333 0.10787037037037037 0.6158854166666666 0.09814814814814815 0.6239583333333333 0.09675925925925925
0 0.6223958333333334 0.5337962962962963 0.6276041666666666 0.537962962962963 0.6299479166666667 0.549074074074074 0.6322916666666667 0.6375 0.628125 0.6486111111111111 0.6203125 0.6523148148148148 0.6106770833333334 0.6509259259259259 0.6052083333333333 0.6416666666666667 0.6018229166666667 0.5555555555555556 0.60234375 0.5439814814814815 0.6046875 0.5365740740740741 0.6221354166666667 0.5337962962962963
0 0.65859375 0.11342592592592593 0.6684895833333333 0.11574074074074074 0.67109375 0.11944444444444445 0.6734375 0.1425925925925926 0.67265625 0.21435185185185185 0.6674479166666667 0.22361111111111112 0.6588541666666666 0.22870370370370371 0.6497395833333334 0.22546296296296298 0.6463541666666667 0.22083333333333333 0.64375 0.2111111111111111 0.6484375 0.12546296296296297 0.6513020833333333 0.1162037037037037 0.6583333333333333 0.11342592592592593
0 0.58515625 0.11203703703703703 0.5966145833333333 0.11805555555555555 0.59921875 0.1398148148148148 0.5963541666666666 0.21064814814814814 0.5924479166666666 0.2212962962962963 0.5872395833333334 0.22453703703703703 0.5765625 0.22314814814814815 0.57109375 0.21481481481481482 0.5697916666666667 0.2074074074074074 0.5731770833333333 0.11944444444444445 0.57578125 0.11481481481481481 0.5848958333333333 0.11203703703703703
0 0.6213541666666667 0.675 0.62734375 0.6773148148148148 0.6299479166666667 0.6819444444444445 0.6328125 0.712037037037037 0.6309895833333333 0.7939814814814815 0.628125 0.8018518518518518 0.6234375 0.8041666666666667 0.6114583333333333 0.8037037037037037 0.60546875 0.799074074074074 0.6020833333333333 0.7898148148148149 0.6015625 0.7759259259259259 0.6013020833333333 0.7472222222222222 0.6067708333333334 0.6828703703703703 0.6125 0.6754629629629629 0.62109375 0.675
0 0.88359375 0.39444444444444443 0.91484375 0.4041666666666667 0.9296875 0.412962962962963 0.93125 0.425462962962963 0.9286458333333333 0.44583333333333336 0.9229166666666667 0.4537037037037037 0.8966145833333333 0.449537037037037 0.8671875 0.4361111111111111 0.8653645833333333 0.4305555555555556 0.8653645833333333 0.41898148148148145 0.86875 0.399537037037037 0.8731770833333333 0.3939814814814815 0.8833333333333333 0.39444444444444443
0 0.6966145833333334 0.6736111111111112 0.7049479166666667 0.6773148148148148 0.7098958333333333 0.6939814814814815 0.7075520833333333 0.7865740740740741 0.7028645833333333 0.7921296296296296 0.6841145833333333 0.7898148148148149 0.68046875 0.7861111111111111 0.6786458333333333 0.7773148148148148 0.68203125 0.6847222222222222 0.68671875 0.675 0.6963541666666667 0.6736111111111112
0 0.7369791666666666 0.6842592592592592 0.7411458333333333 0.687962962962963 0.74296875 0.6935185185185185 0.7473958333333334 0.7564814814814815 0.7458333333333333 0.7773148148148148 0.7369791666666666 0.7814814814814814 0.7268229166666667 0.7814814814814814 0.7223958333333333 0.7768518518518519 0.71953125 0.7555555555555555 0.7169270833333333 0.7046296296296296 0.7174479166666666 0.6925925925925925 0.7203125 0.6865740740740741 0.73671875 0.6842592592592592
0 0.7044270833333334 0.11666666666666667 0.7080729166666667 0.12546296296296297 0.7083333333333334 0.1986111111111111 0.7052083333333333 0.2101851851851852 0.6997395833333333 0.21342592592592594 0.6885416666666667 0.2125 0.68515625 0.20925925925925926 0.6833333333333333 0.20277777777777778 0.684375 0.12314814814814815 0.6856770833333333 0.11851851851851852 0.68984375 0.11574074074074074 0.7041666666666667 0.11666666666666667
0 0.8598958333333333 0.6833333333333333 0.8653645833333333 0.6893518518518519 0.8682291666666667 0.7018518518518518 0.8700520833333333 0.7837962962962963 0.8697916666666666 0.7935185185185185 0.8671875 0.8 0.8575520833333333 0.8023148148148148 0.8473958333333333 0.8004629629629629 0.8427083333333333 0.7935185185185185 0.8408854166666667 0.7768518518518519 0.84140625 0.7287037037037037 0.83828125 0.7027777777777777 0.8411458333333334 0.6893518518518519 0.8442708333333333 0.6851851851851852 0.8596354166666667 0.6833333333333333
0 0.659375 0.2574074074074074 0.6692708333333334 0.26481481481481484 0.67109375 0.2851851851851852 0.6682291666666667 0.3384259259259259 0.6666666666666666 0.3425925925925926 0.6619791666666667 0.3449074074074074 0.6473958333333333 0.34305555555555556 0.64453125 0.3388888888888889 0.64609375 0.2662037037037037 0.6497395833333334 0.25833333333333336 0.6591145833333333 0.2574074074074074
0 0.8955729166666667 0.24861111111111112 0.9015625 0.2513888888888889 0.90546875 0.2569444444444444 0.9078125 0.2662037037037037 0.9080729166666667 0.28055555555555556 0.9111979166666667 0.2898148148148148 0.909375 0.29953703703703705 0.9096354166666667 0.35185185185185186 0.9057291666666667 0.3592592592592593 0.89765625 0.36157407407407405 0.8864583333333333 0.36064814814814816 0.8791666666666667 0.3486111111111111 0.8786458333333333 0.3384259259259259 0.88125 0.31851851851851853 0.8802083333333334 0.29212962962962963 0.8768229166666667 0.2791666666666667 0.8794270833333333 0.2601851851851852 0.8825520833333333 0.25324074074074077 0.8869791666666667 0.24953703703703703 0.8953125 0.24861111111111112
0 0.5893229166666667 0.23287037037037037 0.5971354166666667 0.2361111111111111 0.5989583333333334 0.2449074074074074 0.5997395833333333 0.33935185185185185 0.5963541666666666 0.3527777777777778 0.5890625 0.3592592592592593 0.575 0.35555555555555557 0.57109375 0.3458333333333333 0.5703125 0.3282407407407407 0.5729166666666666 0.24444444444444444 0.5776041666666667 0.2351851851851852 0.5890625 0.23287037037037037
0 0.7388020833333333 0.2462962962962963 0.7450520833333333 0.25092592592592594 0.7484375 0.2587962962962963 0.7505208333333333 0.2861111111111111 0.75078125 0.3416666666666667 0.7486979166666666 0.3486111111111111 0.7421875 0.35138888888888886 0.734375 0.35138888888888886 0.7270833333333333 0.3449074074074074 0.7229166666666667 0.2689814814814815 0.7234375 0.2587962962962963 0.7268229166666667 0.25092592592592594 0.7317708333333334 0.24675925925925926 0.7385416666666667 0.2462962962962963
0 0.7934895833333333 0.40046296296296297 0.7973958333333333 0.4041666666666667 0.8 0.4148148148148148 0.8 0.43472222222222223 0.7971354166666667 0.44166666666666665 0.7864583333333334 0.44722222222222224 0.77421875 0.44722222222222224 0.7424479166666667 0.4546296296296296 0.734375 0.45046296296296295 0.7307291666666667 0.4412037037037037 0.7307291666666667 0.41805555555555557 0.7338541666666667 0.4111111111111111 0.7536458333333333 0.40370370370370373 0.7932291666666667 0.40046296296296297
0 0.89296875 0.5523148148148148 0.9002604166666667 0.5564814814814815 0.90234375 0.5611111111111111 0.9044270833333333 0.612037037037037 0.9 0.6546296296296297 0.89765625 0.6597222222222222 0.8947916666666667 0.6601851851851852 0.8841145833333334 0.6597222222222222 0.87734375 0.6546296296296297 0.875 0.6101851851851852 0.8744791666666667 0.5736111111111111 0.8763020833333334 0.5574074074074075 0.8833333333333333 0.5518518518518518 0.8927083333333333 0.5523148148148148
0 0.9361979166666666 0.5449074074074074 0.9401041666666666 0.5504629629629629 0.9432291666666667 0.5638888888888889 0.9450520833333333 0.6078703703703704 0.9440104166666666 0.6578703703703703 0.9416666666666667 0.6638888888888889 0.9361979166666666 0.6662037037037037 0.92265625 0.6648148148148149 0.9177083333333333 0.6578703703703703 0.9151041666666667 0.6310185185185185 0.9130208333333333 0.5611111111111111 0.9145833333333333 0.5504629629629629 0.9184895833333333 0.5453703703703704 0.925 0.5425925925925926 0.9359375 0.5449074074074074
0 0.73828125 0.5291666666666667 0.7453125 0.5319444444444444 0.7471354166666667 0.5356481481481481 0.7489583333333333 0.5763888888888888 0.7463541666666667 0.6263888888888889 0.7424479166666667 0.6328703703703704 0.7377604166666667 0.6347222222222222 0.7283854166666667 0.6342592592592593 0.7234375 0.6300925925925925 0.7216145833333333 0.5930555555555556 0.7231770833333333 0.5782407407407407 0.7231770833333333 0.5356481481481481 0.72734375 0.5300925925925926 0.7380208333333333 0.5291666666666667
0 0.5403645833333334 0.9912037037037037 0.5473958333333333 0.9944444444444445 0.5489583333333333 0.999537037037037 0.5270833333333333 0.999537037037037 0.5291666666666667 0.9935185185185185 0.5401041666666667 0.9912037037037037
0 0.9611979166666667 0.2412037037037037 0.9708333333333333 0.24861111111111112 0.9734375 0.27175925925925926 0.9768229166666667 0.2791666666666667 0.97421875 0.3 0.9760416666666667 0.30972222222222223 0.9760416666666667 0.33935185185185185 0.9677083333333333 0.35185185185185186 0.9627604166666667 0.3537037037037037 0.946875 0.3486111111111111 0.9416666666666667 0.3337962962962963 0.9442708333333333 0.3162037037037037 0.9427083333333334 0.2574074074074074 0.9486979166666667 0.24351851851851852 0.9609375 0.2412037037037037
0 0.85625 0.5453703703703704 0.86328125 0.549074074074074 0.8653645833333333 0.5537037037037037 0.86640625 0.5782407407407407 0.8627604166666667 0.6509259259259259 0.8596354166666667 0.6615740740740741 0.85390625 0.6671296296296296 0.8380208333333333 0.6625 0.8346354166666666 0.6509259259259259 0.8346354166666666 0.6435185185185185 0.8385416666666666 0.5731481481481482 0.8419270833333333 0.5504629629629629 0.8453125 0.5453703703703704 0.8559895833333333 0.5453703703703704
0 0.7765625 0.5421296296296296 0.7848958333333333 0.55 0.78828125 0.6027777777777777 0.7869791666666667 0.6402777777777777 0.78359375 0.6472222222222223 0.77578125 0.6504629629629629 0.7653645833333333 0.6467592592592593 0.7614583333333333 0.6365740740740741 0.7596354166666667 0.5574074074074075 0.7619791666666667 0.5467592592592593 0.76484375 0.5439814814814815 0.7763020833333333 0.5421296296296296
0 0.85234375 0.986574074074074 0.8609375 0.9907407407407407 0.86484375 0.999537037037037 0.8377604166666667 0.999537037037037 0.84140625 0.9888888888888889 0.8520833333333333 0.986574074074074
0 0.6552083333333333 0.6847222222222222 0.66875 0.6884259259259259 0.6721354166666667 0.7046296296296296 0.67109375 0.7236111111111111 0.6723958333333333 0.7444444444444445 0.6684895833333333 0.7865740740740741 0.66484375 0.7972222222222223 0.66015625 0.8004629629629629 0.64609375 0.7972222222222223 0.6440104166666667 0.7930555555555555 0.6424479166666667 0.7787037037037037 0.6447916666666667 0.7236111111111111 0.6440104166666667 0.7032407407407407 0.64765625 0.687037037037037 0.6549479166666666 0.6847222222222222
0 0.8057291666666667 0 0.8697916666666666 0 0.85859375 0.009722222222222222 0.8252604166666667 0.004166666666666667 0.8138020833333334 0.007407407407407408 0.8083333333333333 0.005092592592592593 0.8057291666666667 0.000462962962962963
0 0.77734375 0.674074074074074 0.7838541666666666 0.6773148148148148 0.78671875 0.6865740740740741 0.7890625 0.7578703703703704 0.7869791666666667 0.787962962962963 0.7828125 0.7939814814814815 0.7768229166666667 0.7962962962962963 0.7671875 0.7935185185185185 0.76171875 0.7828703703703703 0.7604166666666666 0.6930555555555555 0.76171875 0.6787037037037037 0.7638020833333333 0.675 0.7770833333333333 0.674074074074074
0 0.8104166666666667 0.5407407407407407 0.8171875 0.5435185185185185 0.8205729166666667 0.5509259259259259 0.8231770833333333 0.586574074074074 0.8229166666666666 0.6416666666666667 0.82109375 0.649537037037037 0.8151041666666666 0.6532407407407408 0.8002604166666667 0.6513888888888889 0.7966145833333333 0.6472222222222223 0.7958333333333333 0.6421296296296296 0.7981770833333334 0.6143518518518518 0.7953125 0.5833333333333334 0.7953125 0.5509259259259259 0.7986979166666667 0.5425925925925926 0.81015625 0.5407407407407407
0 0.54140625 0.6671296296296296 0.5486979166666667 0.6712962962962963 0.5510416666666667 0.6768518518518518 0.5526041666666667 0.7694444444444445 0.54765625 0.7819444444444444 0.5411458333333333 0.7856481481481481 0.5307291666666667 0.7837962962962963 0.52578125 0.7754629629629629 0.52421875 0.6967592592592593 0.5244791666666667 0.6819444444444445 0.5268229166666667 0.6722222222222223 0.5411458333333333 0.6671296296296296
0 0.8161458333333333 0.23055555555555557 0.81953125 0.23425925925925925 0.8213541666666667 0.24259259259259258 0.8229166666666666 0.300462962962963 0.8216145833333334 0.3143518518518518 0.8158854166666667 0.31805555555555554 0.8036458333333333 0.31805555555555554 0.79921875 0.31342592592592594 0.79765625 0.24768518518518517 0.8010416666666667 0.23148148148148148 0.8158854166666667 0.23055555555555557
0 0.7736979166666667 0.11064814814814815 0.7817708333333333 0.1162037037037037 0.784375 0.1726851851851852 0.7828125 0.20462962962962963 0.7799479166666666 0.2111111111111111 0.7721354166666666 0.2152777777777778 0.76328125 0.21064814814814814 0.7619791666666667 0.20185185185185187 0.7583333333333333 0.2037037037037037 0.75703125 0.2013888888888889 0.7549479166666667 0.1300925925925926 0.7559895833333333 0.11990740740740741 0.7588541666666667 0.11296296296296296 0.7734375 0.11064814814814815
0 0.6283854166666667 0.23055555555555557 0.6348958333333333 0.2361111111111111 0.6369791666666667 0.24814814814814815 0.6375 0.31574074074074077 0.63515625 0.3351851851851852 0.625 0.3421296296296296 0.61640625 0.3416666666666667 0.6122395833333333 0.3388888888888889 0.6104166666666667 0.3333333333333333 0.609375 0.24722222222222223 0.6109375 0.2375 0.6143229166666667 0.2324074074074074 0.61953125 0.22962962962962963 0.628125 0.23055555555555557
0 0.81484375 0.6791666666666667 0.8213541666666667 0.6856481481481481 0.8247395833333333 0.7287037037037037 0.8213541666666667 0.7810185185185186 0.8174479166666667 0.7875 0.8114583333333333 0.7893518518518519 0.8002604166666667 0.7861111111111111 0.7973958333333333 0.7800925925925926 0.7971354166666667 0.6851851851851852 0.8049479166666667 0.6787037037037037 0.8145833333333333 0.6791666666666667
0 0.57890625 0.6800925925925926 0.5895833333333333 0.6842592592592592 0.59296875 0.6916666666666667 0.5921875 0.7379629629629629 0.5903645833333333 0.7476851851851852 0.59140625 0.7759259259259259 0.5877604166666667 0.8041666666666667 0.584375 0.8078703703703703 0.5752604166666667 0.8092592592592592 0.57109375 0.8087962962962963 0.5653645833333333 0.8004629629629629 0.5635416666666667 0.7944444444444444 0.5635416666666667 0.7824074074074074 0.5653645833333333 0.7731481481481481 0.5684895833333333 0.6893518518518519 0.5705729166666667 0.6833333333333333 0.5786458333333333 0.6800925925925926