0 0.884375 0.11666666666666667 0.8908854166666667 0.11805555555555555 0.8953125 0.12314814814814815 0.8979166666666667 0.15092592592592594 0.8981770833333333 0.22361111111111112 0.8950520833333333 0.23148148148148148 0.8875 0.23472222222222222 0.8739583333333333 0.2310185185185185 0.8705729166666667 0.22361111111111112 0.8697916666666666 0.2074074074074074 0.8705729166666667 0.1787037037037037 0.86875 0.14351851851851852 0.8703125 0.1300925925925926 0.87421875 0.11944444444444445 0.8841145833333334 0.11666666666666667
0 0.8122395833333333 0.09675925925925925 0.8174479166666667 0.10092592592592593 0.8216145833333334 0.11203703703703703 0.8234375 0.16944444444444445 0.82109375 0.19027777777777777 0.8174479166666667 0.19583333333333333 0.8109375 0.19814814814814816 0.8018229166666667 0.1962962962962963 0.7963541666666667 0.18981481481481483 0.796875 0.15138888888888888 0.7947916666666667 0.11851851851851852 0.7966145833333333 0.10787037037037037 0.8015625 0.09861111111111111 0.8119791666666667 0.09675925925925925
0 0.7794270833333333 0.5444444444444444 0.7861979166666667 0.549074074074074 0.7890625 0.5606481481481481 0.7903645833333334 0.6337962962962963 0.7869791666666667 0.6481481481481481 0.7763020833333333 0.6518518518518519 0.7684895833333333 0.649074074074074 0.7638020833333333 0.6361111111111111 0.7645833333333333 0.6037037037037037 0.7619791666666667 0.5560185185185185 0.7671875 0.5462962962962963 0.7791666666666667 0.5444444444444444
0 0.7385416666666667 0.24722222222222223 0.7484375 0.2537037037037037 0.7518229166666667 0.2689814814814815 0.7536458333333333 0.3421296296296296 0.7518229166666667 0.34953703703703703 0.7447916666666666 0.3527777777777778 0.73359375 0.3523148148148148 0.7286458333333333 0.3458333333333333 0.7252604166666666 0.2652777777777778 0.7302083333333333 0.25092592592592594 0.73828125 0.24722222222222223
0 0.9638020833333333 0.11805555555555555 0.9708333333333333 0.12222222222222222 0.975 0.1310185185185185 0.9765625 0.19953703703703704 0.9752604166666666 0.2199074074074074 0.9703125 0.2263888888888889 0.9638020833333333 0.22916666666666666 0.9559895833333333 0.2273148148148148 0.9481770833333333 0.2152777777777778 0.9453125 0.14629629629629629 0.9463541666666667 0.13333333333333333 0.95078125 0.12222222222222222 0.9567708333333333 0.1175925925925926 0.9635416666666666 0.11805555555555555
0 0.85234375 0.12731481481481483 0.8565104166666667 0.12962962962962962 0.8588541666666667 0.13842592592592592 0.8596354166666667 0.2 0.8572916666666667 0.2199074074074074 0.85 0.22592592592592592 0.8380208333333333 0.225 0.8333333333333334 0.21851851851851853 0.8330729166666667 0.14444444444444443 0.83515625 0.12962962962962962 0.83984375 0.12685185185185185 0.8520833333333333 0.12731481481481483
0 0.8572916666666667 0.6847222222222222 0.8669270833333333 0.6898148148148148 0.8713541666666667 0.7041666666666667 0.87265625 0.7944444444444444 0.8703125 0.8018518518518518 0.8640625 0.8046296296296296 0.8484375 0.8013888888888889 0.8434895833333333 0.7865740740740741 0.8442708333333333 0.7388888888888889 0.8416666666666667 0.6990740740740741 0.84609375 0.6884259259259259 0.85703125 0.6847222222222222
0 0.6583333333333333 0.962037037037037 0.6651041666666667 0.9652777777777778 0.66953125 0.9745370370370371 0.6716145833333333 0.9833333333333333 0.6713541666666667 0.999537037037037 0.64375 0.999537037037037 0.6432291666666666 0.9800925925925926 0.6450520833333333 0.9703703703703703 0.6505208333333333 0.9634259259259259 0.6580729166666667 0.962037037037037
0 0.8140625 0.2310185185185185 0.8223958333333333 0.23703703703703705 0.82578125 0.28055555555555556 0.8247395833333333 0.3138888888888889 0.8151041666666666 0.3199074074074074 0.8072916666666666 0.3199074074074074 0.8013020833333333 0.3143518518518518 0.8018229166666667 0.2814814814814815 0.8002604166666667 0.26342592592592595 0.8010416666666667 0.2375 0.8041666666666667 0.2324074074074074 0.8138020833333334 0.2310185185185185
0 0.628125 0.09814814814814815 0.6346354166666667 0.10555555555555556 0.6369791666666667 0.11712962962962963 0.6375 0.17314814814814813 0.6354166666666666 0.20324074074074075 0.62578125 0.2111111111111111 0.6151041666666667 0.2101851851851852 0.6109375 0.2037037037037037 0.6106770833333334 0.11527777777777778 0.6125 0.10601851851851851 0.615625 0.10138888888888889 0.62109375 0.09768518518518518 0.6278645833333333 0.09814814814814815
0 0.6265625 0.5356481481481481 0.6299479166666667 0.538425925925926 0.6325520833333333 0.5537037037037037 0.6354166666666666 0.6333333333333333 0.6322916666666667 0.6476851851851851 0.6236979166666666 0.6541666666666667 0.6111979166666667 0.6523148148148148 0.6067708333333334 0.6407407407407407 0.6041666666666666 0.5569444444444445 0.6052083333333333 0.5430555555555555 0.6080729166666666 0.5375 0.6263020833333334 0.5356481481481481
0 0.8966145833333333 0.4740740740740741 0.9182291666666667 0.4773148148148148 0.9252604166666667 0.4837962962962963 0.9276041666666667 0.4949074074074074 0.9260416666666667 0.5152777777777777 0.9216145833333333 0.5217592592592593 0.91484375 0.5226851851851851 0.8697916666666666 0.5194444444444445 0.86484375 0.5152777777777777 0.8622395833333333 0.49583333333333335 0.8627604166666667 0.4837962962962963 0.8653645833333333 0.4773148148148148 0.8716145833333333 0.47314814814814815 0.8963541666666667 0.4740740740740741
0 0.6653645833333334 0.11527777777777778 0.6729166666666667 0.11944444444444445 0.6752604166666667 0.13333333333333333 0.6747395833333333 0.21342592592592594 0.671875 0.22407407407407406 0.6619791666666667 0.23055555555555557 0.65 0.22546296296296298 0.646875 0.21898148148148147 0.6463541666666667 0.20601851851851852 0.6505208333333333 0.125 0.6544270833333333 0.11666666666666667 0.6651041666666667 0.11527777777777778
0 0.5916666666666667 0.11388888888888889 0.5986979166666667 0.1175925925925926 0.6005208333333333 0.12361111111111112 0.5997395833333333 0.19675925925925927 0.596875 0.21805555555555556 0.58828125 0.2263888888888889 0.578125 0.22407407407407406 0.5731770833333333 0.21342592592592594 0.5744791666666667 0.12824074074074074 0.57578125 0.11944444444444445 0.578125 0.1162037037037037 0.59140625 0.11388888888888889
0 0.5888020833333333 0.2351851851851852 0.5986979166666667 0.23703703703703705 0.6005208333333333 0.2449074074074074 0.6018229166666667 0.3398148148148148 0.5997395833333333 0.3527777777777778 0.5919270833333333 0.36064814814814816 0.5809895833333333 0.36064814814814816 0.5768229166666666 0.35555555555555557 0.5734375 0.3458333333333333 0.5755208333333334 0.24444444444444444 0.5783854166666667 0.2375 0.5885416666666666 0.2351851851851852
0 0.9359375 0.5444444444444444 0.9416666666666667 0.55 0.94609375 0.5652777777777778 0.94765625 0.6078703703703704 0.9471354166666667 0.6574074074074074 0.9442708333333333 0.6652777777777777 0.9388020833333334 0.6685185185185185 0.9276041666666667 0.6680555555555555 0.9205729166666666 0.6601851851851852 0.9161458333333333 0.575 0.9161458333333333 0.5587962962962963 0.9182291666666667 0.549537037037037 0.9252604166666667 0.5444444444444444 0.9356770833333333 0.5444444444444444
0 0.62265625 0.6768518518518518 0.6302083333333334 0.6805555555555556 0.6328125 0.6865740740740741 0.6354166666666666 0.7263888888888889 0.6341145833333334 0.7444444444444445 0.63515625 0.7615740740740741 0.63203125 0.7967592592592593 0.62890625 0.8041666666666667 0.6234375 0.8064814814814815 0.609375 0.8041666666666667 0.6052083333333333 0.7967592592592593 0.6044270833333333 0.7898148148148149 0.6059895833333333 0.7648148148148148 0.6041666666666666 0.7407407407407407 0.6065104166666667 0.7287037037037037 0.6083333333333333 0.6916666666666667 0.6125 0.6791666666666667 0.6223958333333334 0.6768518518518518
0 0.9005208333333333 0.3972222222222222 0.9447916666666667 0.41944444444444445 0.94609375 0.42592592592592593 0.9450520833333333 0.44583333333333336 0.9408854166666667 0.45740740740740743 0.9359375 0.46064814814814814 0.9044270833333333 0.45092592592592595 0.8822916666666667 0.4375 0.8799479166666667 0.4236111111111111 0.8841145833333334 0.4009259259259259 0.890625 0.39537037037037037 0.9002604166666667 0.3972222222222222
0 0.6966145833333334 0.675 0.70859375 0.6810185185185185 0.71171875 0.6953703703703704 0.7106770833333333 0.7898148148148149 0.7046875 0.7949074074074074 0.6854166666666667 0.7925925925925926 0.6815104166666667 0.7837962962962963 0.684375 0.687962962962963 0.6875 0.6782407407407407 0.6963541666666667 0.675
0 0.7380208333333333 0.6861111111111111 0.74453125 0.6921296296296297 0.7466145833333333 0.7032407407407407 0.74921875 0.7652777777777777 0.74921875 0.7754629629629629 0.7473958333333334 0.7805555555555556 0.73828125 0.7842592592592592 0.7268229166666667 0.7833333333333333 0.7239583333333334 0.7791666666666667 0.7192708333333333 0.6962962962962963 0.7205729166666667 0.6912037037037037 0.72421875 0.687962962962963 0.7377604166666667 0.6861111111111111
0 0.36015625 0.7842592592592592 0.3731770833333333 0.7865740740740741 0.37578125 0.7953703703703704 0.3736979166666667 0.8726851851851852 0.3697916666666667 0.8847222222222222 0.36484375 0.8875 0.3541666666666667 0.8837962962962963 0.3489583333333333 0.8703703703703703 0.35078125 0.7944444444444444 0.3536458333333333 0.7861111111111111 0.35989583333333336 0.7842592592592592
0 0.70625 0.1175925925925926 0.7088541666666667 0.12083333333333333 0.7106770833333333 0.12962962962962962 0.7106770833333333 0.20324074074074075 0.7072916666666667 0.21157407407407408 0.7005208333333334 0.21481481481481482 0.6893229166666667 0.21388888888888888 0.6859375 0.20601851851851852 0.6864583333333333 0.12777777777777777 0.68828125 0.11990740740740741 0.6921875 0.11712962962962963 0.7059895833333333 0.1175925925925926
0 0.6661458333333333 0.2601851851851852 0.6721354166666667 0.26805555555555555 0.6729166666666667 0.2912037037037037 0.6713541666666667 0.34074074074074073 0.66953125 0.3453703703703704 0.6651041666666667 0.34675925925925927 0.6510416666666666 0.34629629629629627 0.6471354166666666 0.3421296296296296 0.6481770833333333 0.3037037037037037 0.646875 0.28194444444444444 0.64765625 0.2689814814814815 0.65078125 0.2611111111111111 0.6658854166666667 0.2601851851851852
0 0.9046875 0.2523148148148148 0.9080729166666667 0.25925925925925924 0.9140625 0.2898148148148148 0.9109375 0.3 0.91328125 0.34305555555555556 0.9119791666666667 0.35462962962962963 0.909375 0.3597222222222222 0.9013020833333333 0.36342592592592593 0.8872395833333333 0.36157407407407405 0.8817708333333333 0.35185185185185186 0.8809895833333333 0.34120370370370373 0.8833333333333333 0.33194444444444443 0.8828125 0.2916666666666667 0.8783854166666667 0.27824074074074073 0.8856770833333333 0.25416666666666665 0.8924479166666667 0.25 0.9044270833333333 0.2523148148148148
0 0 0.6972222222222222 0.0026041666666666665 0.6990740740740741 0.005208333333333333 0.7087962962962963 0.0026041666666666665 0.7699074074074074 0.0015625 0.7837962962962963 0 0.7837962962962963 0 0.6976851851851852
0 0.771875 0.11157407407407408 0.7833333333333333 0.1162037037037037 0.7861979166666667 0.15787037037037038 0.7864583333333334 0.1865740740740741 0.7841145833333333 0.20972222222222223 0.7734375 0.2175925925925926 0.76640625 0.21342592592592594 0.7598958333333333 0.20277777777777778 0.7572916666666667 0.14027777777777778 0.7596354166666667 0.1175925925925926 0.7645833333333333 0.1125 0.7716145833333333 0.11157407407407408
0 0.5432291666666667 0.6689814814814815 0.5481770833333334 0.6708333333333333 0.5536458333333333 0.6782407407407407 0.5552083333333333 0.7532407407407408 0.5541666666666667 0.775 0.5513020833333333 0.7828703703703703 0.5434895833333333 0.788425925925926 0.5348958333333333 0.7870370370370371 0.5291666666666667 0.7800925925925926 0.52734375 0.7699074074074074 0.5260416666666666 0.7273148148148149 0.5276041666666667 0.7162037037037037 0.52578125 0.6986111111111111 0.5276041666666667 0.6800925925925926 0.5322916666666667 0.6717592592592593 0.54296875 0.6694444444444444
0 0.85390625 0.24166666666666667 0.86015625 0.24814814814814815 0.8630208333333333 0.25833333333333336 0.8661458333333333 0.33055555555555555 0.8630208333333333 0.34444444444444444 0.84921875 0.3476851851851852 0.8416666666666667 0.3453703703703704 0.8390625 0.3384259259259259 0.8346354166666666 0.25462962962962965 0.83984375 0.2439814814814815 0.8536458333333333 0.24166666666666667
0 0.7872395833333333 0.3962962962962963 0.8286458333333333 0.4023148148148148 0.8380208333333333 0.4074074074074074 0.8408854166666667 0.4212962962962963 0.8395833333333333 0.4412037037037037 0.8372395833333334 0.44675925925925924 0.83203125 0.449537037037037 0.7861979166666667 0.44583333333333336 0.77578125 0.44212962962962965 0.7723958333333333 0.43657407407407406 0.7700520833333333 0.42407407407407405 0.7723958333333333 0.4041666666666667 0.7778645833333333 0.3972222222222222 0.7869791666666667 0.3962962962962963
0 0.8971354166666666 0.5541666666666667 0.9028645833333333 0.5574074074074075 0.9052083333333333 0.5634259259259259 0.9072916666666667 0.6175925925925926 0.9049479166666666 0.6472222222222223 0.9015625 0.6597222222222222 0.8971354166666666 0.6625 0.8833333333333333 0.6615740740740741 0.8796875 0.6555555555555556 0.8778645833333333 0.6083333333333333 0.8796875 0.5592592592592592 0.8872395833333333 0.5537037037037037 0.896875 0.5541666666666667
0 0.6682291666666667 0.6893518518518519 0.6716145833333333 0.6916666666666667 0.6739583333333333 0.6995370370370371 0.6729166666666667 0.7759259259259259 0.6692708333333334 0.7949074074074074 0.6625 0.8023148148148148 0.6494791666666667 0.8004629629629629 0.64453125 0.7898148148148149 0.64609375 0.7013888888888888 0.6486979166666667 0.6902777777777778 0.66796875 0.6893518518518519
0 0.5473958333333333 0.5273148148148148 0.559375 0.5328703703703703 0.56015625 0.5523148148148148 0.5580729166666667 0.6361111111111111 0.5546875 0.6435185185185185 0.5486979166666667 0.6462962962962963 0.5356770833333333 0.6430555555555556 0.5325520833333334 0.6375 0.5317708333333333 0.6268518518518519 0.5341145833333333 0.5967592592592592 0.534375 0.5333333333333333 0.53671875 0.5291666666666667 0.5471354166666667 0.5273148148148148
0 0.7440104166666667 0.5319444444444444 0.7486979166666666 0.5356481481481481 0.7505208333333333 0.5416666666666666 0.7515625 0.575462962962963 0.7502604166666667 0.624537037037037 0.7471354166666667 0.6333333333333333 0.7377604166666667 0.6370370370370371 0.7278645833333334 0.6337962962962963 0.725 0.6268518518518519 0.7239583333333334 0.5912037037037037 0.7255208333333333 0.5421296296296296 0.7263020833333333 0.5361111111111111 0.72890625 0.5328703703703703 0.74375 0.5319444444444444
0 0.7783854166666667 0.22870370370370371 0.7861979166666667 0.2337962962962963 0.7908854166666667 0.25 0.7901041666666667 0.3287037037037037 0.7869791666666667 0.3384259259259259 0.7833333333333333 0.3402777777777778 0.76796875 0.33796296296296297 0.76484375 0.33055555555555555 0.7638020833333333 0.3194444444444444 0.7638020833333333 0.2412037037037037 0.7700520833333333 0.23055555555555557 0.778125 0.22870370370370371
0 0.8596354166666667 0 0.92421875 0 0.9216145833333333 0.009722222222222222 0.9080729166666667 0.016666666666666666 0.8825520833333333 0.007407407407407408 0.8625 0.005555555555555556 0.8596354166666667 0.000462962962962963
0 0.9640625 0.24259259259259258 0.9708333333333333 0.24583333333333332 0.9744791666666667 0.2513888888888889 0.97734375 0.28055555555555556 0.97734375 0.3037037037037037 0.9747395833333333 0.3458333333333333 0.9703125 0.3527777777777778 0.9630208333333333 0.35555555555555557 0.9518229166666666 0.3527777777777778 0.9450520833333333 0.34120370370370373 0.94609375 0.2847222222222222 0.94453125 0.26435185185185184 0.9497395833333333 0.24722222222222223 0.95625 0.24259259259259258 0.9638020833333333 0.24259259259259258
0 0.85234375 0.5458333333333333 0.8638020833333333 0.549074074074074 0.8684895833333334 0.5574074074074075 0.8671875 0.6305555555555555 0.86328125 0.6638888888888889 0.8583333333333333 0.6685185185185185 0.8450520833333334 0.6671296296296296 0.83984375 0.6625 0.8375 0.6537037037037037 0.8419270833333333 0.562037037037037 0.8463541666666666 0.549074074074074 0.8520833333333333 0.5462962962962963
0 0.8528645833333334 0.9893518518518518 0.8625 0.9916666666666667 0.86640625 0.999537037037037 0.8408854166666667 0.999537037037037 0.8453125 0.9907407407407407 0.8526041666666667 0.9893518518518518
0 0.8096354166666667 0.5425925925925926 0.8169270833333333 0.5435185185185185 0.821875 0.5476851851851852 0.8244791666666667 0.5587962962962963 0.82578125 0.5833333333333334 0.8252604166666667 0.6472222222222223 0.8208333333333333 0.6532407407407408 0.8153645833333333 0.6550925925925926 0.8036458333333333 0.6537037037037037 0.8 0.6509259259259259 0.7984375 0.6458333333333334 0.7994791666666666 0.6055555555555555 0.79765625 0.5532407407407407 0.8002604166666667 0.5453703703703704 0.809375 0.5425925925925926
0 0.7005208333333334 0.24351851851851852 0.7104166666666667 0.25046296296296294 0.7125 0.2796296296296296 0.71171875 0.3384259259259259 0.7096354166666666 0.3458333333333333 0.7041666666666667 0.34953703703703703 0.6924479166666667 0.3486111111111111 0.6872395833333333 0.3416666666666667 0.6861979166666666 0.25416666666666665 0.6888020833333334 0.24675925925925926 0.7002604166666667 0.24351851851851852
0 0.70703125 0.5504629629629629 0.71328125 0.5560185185185185 0.71484375 0.5726851851851852 0.71484375 0.6111111111111112 0.7135416666666666 0.6171296296296296 0.7098958333333333 0.6180555555555556 0.6924479166666667 0.6175925925925926 0.6903645833333333 0.6138888888888889 0.6919270833333333 0.5953703703703703 0.6911458333333333 0.5537037037037037 0.69609375 0.5504629629629629 0.7067708333333333 0.5504629629629629
0 0.7822916666666667 0.6759259259259259 0.7880208333333333 0.6819444444444445 0.790625 0.6986111111111111 0.7921875 0.7726851851851851 0.79140625 0.7828703703703703 0.78828125 0.7925925925925926 0.7794270833333333 0.7981481481481482 0.7692708333333333 0.7953703703703704 0.76484375 0.788425925925926 0.7619791666666667 0.6962962962962963 0.7653645833333333 0.6777777777777778 0.78203125 0.6759259259259259
0 0.6315104166666666 0.2324074074074074 0.6361979166666667 0.2375 0.6377604166666667 0.24444444444444444 0.6388020833333333 0.3263888888888889 0.6377604166666667 0.33611111111111114 0.6299479166666667 0.34305555555555556 0.6177083333333333 0.3425925925925926 0.6127604166666667 0.33564814814814814 0.6109375 0.24722222222222223 0.6125 0.23703703703703705 0.6161458333333333 0.23287037037037037 0.63125 0.2324074074074074
0 0.584375 0.6828703703703703 0.5908854166666667 0.6851851851851852 0.5955729166666667 0.6925925925925925 0.59375 0.7375 0.59609375 0.7625 0.5911458333333334 0.8050925925925926 0.5830729166666667 0.8111111111111111 0.57109375 0.8092592592592592 0.5666666666666667 0.8 0.5658854166666667 0.7847222222222222 0.5677083333333334 0.7703703703703704 0.5666666666666667 0.7444444444444445 0.5697916666666667 0.6930555555555555 0.5739583333333333 0.6837962962962963 0.5841145833333333 0.6828703703703703
0 0.8203125 0.6824074074074075 0.8252604166666667 0.6916666666666667 0.8255208333333334 0.7782407407407408 0.8236979166666667 0.7865740740740741 0.815625 0.7921296296296296 0.8036458333333333 0.7893518518518519 0.7997395833333333 0.7814814814814814 0.7989583333333333 0.7606481481481482 0.8015625 0.7407407407407407 0.7997395833333333 0.7314814814814815 0.7984375 0.6930555555555555 0.8002604166666667 0.6856481481481481 0.8036458333333333 0.6819444444444445 0.8109375 0.6800925925925926 0.8200520833333333 0.6824074074074075