0 0.1171875 0.2861111111111111 0.053125 0.04259259259259259
0 0.5921875 0.23796296296296296 0.059375 0.04259259259259259
0 0.11041666666666666 0.337037037037037 0.058333333333333334 0.040740740740740744
0 0.43020833333333336 0.28888888888888886 0.05416666666666667 0.040740740740740744
0 0.9354166666666667 0.2490740740740741 0.05 0.03888888888888889
0 0.9385416666666667 0.575925925925926 0.05416666666666667 0.040740740740740744
0 0.7046875 0.24166666666666667 0.053125 0.046296296296296294
0 0.8760416666666667 0.3435185185185185 0.058333333333333334 0.04259259259259259
0 0.8760416666666667 0.2537037037037037 0.058333333333333334 0.040740740740740744
0 0.9442708333333333 0.43703703703703706 0.06145833333333333 0.040740740740740744
0 0.9416666666666667 0.6259259259259259 0.05416666666666667 0.040740740740740744
0 0.37604166666666666 0.625 0.05416666666666667 0.04259259259259259
0 0.9416666666666667 0.3861111111111111 0.06666666666666667 0.03888888888888889
0 0.4270833333333333 0.774074074074074 0.058333333333333334 0.040740740740740744
0 0.21666666666666667 0.575925925925926 0.05 0.040740740740740744
0 0.4317708333333333 0.7148148148148148 0.06145833333333333 0.040740740740740744
0 0.59921875 0.5324074074074074 0.0578125 0.046296296296296294
0 0.7598958333333333 0.3351851851851852 0.05520833333333333 0.040740740740740744
0 0.7640625 0.18703703703703703 0.08020833333333334 0.05185185185185185
0 0.27291666666666664 0.24074074074074073 0.05416666666666667 0.040740740740740744
0 0.7625 0.38981481481481484 0.0625 0.04259259259259259
0 0.5994791666666667 0.5796296296296296 0.051041666666666666 0.040740740740740744
0 0.26875 0.3351851851851852 0.05 0.037037037037037035
0 0.59375 0.7805555555555556 0.0625 0.04259259259259259
0 0.8786458333333333 0.4305555555555556 0.05520833333333333 0.046296296296296294
0 0.9494791666666667 0.8717592592592592 0.06354166666666666 0.04351851851851852
0 0.8859375 0.5314814814814814 0.059375 0.037037037037037035
0 0.43697916666666664 0.6296296296296297 0.05520833333333333 0.04814814814814815
0 0.8869791666666667 0.48148148148148145 0.06354166666666666 0.037037037037037035
0 0.10364583333333334 0.8675925925925926 0.059375 0.04259259259259259
0 0.7614583333333333 0.8712962962962963 0.06666666666666667 0.046296296296296294
0 0.11822916666666666 0.43425925925925923 0.057291666666666664 0.03888888888888889
0 0.3723958333333333 0.8231481481481482 0.053125 0.04259259259259259
0 0.27291666666666664 0.28888888888888886 0.052083333333333336 0.040740740740740744
0 0.6734375 0.5537037037037037 0.06354166666666666 0.040740740740740744
0 0.5348958333333333 0.8240740740740741 0.06145833333333333 0.040740740740740744
0 0.4041666666666667 0.8824074074074074 0.09166666666666666 0.053703703703703705
0 0.7666666666666667 0.7240740740740741 0.05625 0.037037037037037035
0 0.05 0.7166666666666667 0.05416666666666667 0.03333333333333333
0 0.275 0.575925925925926 0.05 0.040740740740740744
0 0.5994791666666667 0.8287037037037037 0.057291666666666664 0.03888888888888889
0 0.5416666666666666 0.10833333333333334 0.058333333333333334 0.05740740740740741
0 0.8760416666666667 0.20462962962962963 0.052083333333333336 0.03888888888888889
0 0.37552083333333336 0.3861111111111111 0.04895833333333333 0.04259259259259259
0 0.7635416666666667 0.5787037037037037 0.058333333333333334 0.04259259259259259
0 0.4354166666666667 0.5740740740740741 0.05416666666666667 0.040740740740740744
0 0.4317708333333333 0.4305555555555556 0.05520833333333333 0.03888888888888889
0 0.26614583333333336 0.38055555555555554 0.057291666666666664 0.04259259259259259
0 0.9322916666666666 0.20185185185185187 0.05 0.040740740740740744
0 0.1140625 0.48055555555555557 0.04895833333333333 0.03888888888888889
0 0.7072916666666667 0.7240740740740741 0.05416666666666667 0.040740740740740744
0 0.9421875 0.29259259259259257 0.057291666666666664 0.040740740740740744
0 0.215625 0.6222222222222222 0.05 0.037037037037037035
0 0.7682291666666666 0.6805555555555556 0.06145833333333333 0.03518518518518519
0 0.7010416666666667 0.2972222222222222 0.05 0.04259259259259259
0 0.38255208333333335 0.10972222222222222 0.058854166666666666 0.04722222222222222
0 0.10572916666666667 0.8157407407407408 0.051041666666666666 0.03518518518518519
0 0.5390625 0.725925925925926 0.06354166666666666 0.044444444444444446
0 0.10520833333333333 0.5416666666666666 0.06875 0.046296296296296294
0 0.5328125 0.8851851851851852 0.06354166666666666 0.040740740740740744
0 0.7661458333333333 0.6342592592592593 0.059375 0.03888888888888889
0 0.9479166666666666 0.7731481481481481 0.05625 0.03888888888888889
0 0.8822916666666667 0.575925925925926 0.052083333333333336 0.037037037037037035
0 0.5390625 0.3851851851851852 0.057291666666666664 0.040740740740740744
0 0.540625 0.43333333333333335 0.05416666666666667 0.040740740740740744
0 0.759375 0.24444444444444444 0.05 0.040740740740740744
0 0.11614583333333334 0.38425925925925924 0.051041666666666666 0.03888888888888889
0 0.22916666666666666 0.11157407407407408 0.06041666666666667 0.05277777777777778
0 0.1109375 0.6731481481481482 0.051041666666666666 0.03888888888888889
0 0.26666666666666666 0.4351851851851852 0.05 0.037037037037037035
0 0.27291666666666664 0.6759259259259259 0.052083333333333336 0.040740740740740744
0 0.26875 0.8194444444444444 0.058333333333333334 0.03888888888888889
0 0.6020833333333333 0.6296296296296297 0.05625 0.040740740740740744
0 0.4322916666666667 0.3824074074074074 0.06041666666666667 0.03888888888888889
0 0.6979166666666666 0.4722222222222222 0.0625 0.05185185185185185
0 0.10572916666666667 0.7712962962962963 0.04895833333333333 0.03518518518518519
0 0.21302083333333333 0.7694444444444445 0.04895833333333333 0.03888888888888889
0 0.05677083333333333 0.4351851851851852 0.051041666666666666 0.037037037037037035
0 0.8869791666666667 0.8203703703703704 0.05520833333333333 0.040740740740740744
0 0.7515625 0.49166666666666664 0.046875 0.03888888888888889
0 0.0546875 0.48148148148148145 0.05520833333333333 0.03333333333333333
0 0.88125 0.6268518518518519 0.05625 0.04259259259259259
0 0.05364583333333333 0.6453703703703704 0.05520833333333333 0.03888888888888889
0 0.4395833333333333 0.19166666666666668 0.05625 0.046296296296296294
0 0.7630208333333334 0.8212962962962963 0.051041666666666666 0.03518518518518519
0 0.95 0.8212962962962963 0.05625 0.03888888888888889
0 0.4635416666666667 0.028703703703703703 0.058333333333333334 0.05
0 0.5385416666666667 0.48518518518518516 0.0625 0.040740740740740744
0 0.6010416666666667 0.42685185185185187 0.058333333333333334 0.046296296296296294
0 0.11197916666666667 0.7203703703703703 0.036458333333333336 0.037037037037037035
0 0.3765625 0.33425925925925926 0.046875 0.03888888888888889
0 0.546875 0.6296296296296297 0.05 0.040740740740740744
0 0.6044270833333333 0.33611111111111114 0.07552083333333333 0.05185185185185185
0 0.2682291666666667 0.48055555555555557 0.05520833333333333 0.03888888888888889
0 0.20572916666666666 0.8777777777777778 0.04895833333333333 0.044444444444444446
0 0.8869791666666667 0.7722222222222223 0.051041666666666666 0.037037037037037035
0 0.6302083333333334 0.9287037037037037 0.05625 0.06111111111111111
0 0.2682291666666667 0.8703703703703703 0.05520833333333333 0.037037037037037035
0 0.6963541666666667 0.18981481481481483 0.04895833333333333 0.05925925925925926
0 0.057291666666666664 0.29444444444444445 0.05625 0.040740740740740744
0 0.11927083333333334 0.24259259259259258 0.04895833333333333 0.037037037037037035
0 0.7630208333333334 0.7722222222222223 0.057291666666666664 0.044444444444444446
0 0.6567708333333333 0.03611111111111111 0.057291666666666664 0.05
0 0.4348958333333333 0.48148148148148145 0.057291666666666664 0.040740740740740744
0 0.38229166666666664 0.24814814814814815 0.05 0.037037037037037035
0 0.7052083333333333 0.6305555555555555 0.05416666666666667 0.03888888888888889
0 0.0640625 0.2462962962962963 0.04895833333333333 0.037037037037037035
0 0.21822916666666667 0.5268518518518519 0.051041666666666666 0.03888888888888889
0 0.21770833333333334 0.33425925925925926 0.04791666666666667 0.03888888888888889
0 0.6994791666666667 0.387037037037037 0.05520833333333333 0.040740740740740744
0 0.21666666666666667 0.8212962962962963 0.035416666666666666 0.03888888888888889
0 0.38125 0.19074074074074074 0.05 0.05185185185185185
0 0.8734375 0.10648148148148148 0.059375 0.053703703703703705
0 0.06875 0.19074074074074074 0.05625 0.040740740740740744
0 0.94296875 0.7245370370370371 0.06822916666666666 0.049074074074074076
0 0.70625 0.774074074074074 0.052083333333333336 0.04814814814814815
0 0.0484375 0.5805555555555556 0.057291666666666664 0.03888888888888889
0 0.04895833333333333 0.7694444444444445 0.05416666666666667 0.04259259259259259