0 0.88671875 0.125 0.8940104166666667 0.1287037037037037 0.8953125 0.13287037037037036 0.8989583333333333 0.20092592592592592 0.8958333333333334 0.23703703703703705 0.884375 0.24212962962962964 0.8747395833333333 0.24027777777777778 0.86953125 0.22453703703703703 0.8705729166666667 0.19537037037037036 0.86875 0.15 0.8705729166666667 0.13425925925925927 0.8729166666666667 0.1287037037037037 0.8864583333333333 0.125
0 0.703125 0.5569444444444445 0.7106770833333333 0.5592592592592592 0.71328125 0.5643518518518519 0.7145833333333333 0.6203703703703703 0.7122395833333334 0.625 0.69609375 0.625462962962963 0.6916666666666667 0.6240740740740741 0.6903645833333333 0.6194444444444445 0.6916666666666667 0.6027777777777777 0.6903645833333333 0.5643518518518519 0.6924479166666667 0.5592592592592592 0.7028645833333333 0.5569444444444445
0 0.8111979166666666 0.10416666666666667 0.81640625 0.10833333333333334 0.8200520833333333 0.1162037037037037 0.8229166666666666 0.15462962962962962 0.82109375 0.19583333333333333 0.8174479166666667 0.20324074074074075 0.8114583333333333 0.20555555555555555 0.8 0.20324074074074075 0.7955729166666666 0.19537037037037036 0.7971354166666667 0.1675925925925926 0.79375 0.13194444444444445 0.7950520833333333 0.12037037037037036 0.8002604166666667 0.10740740740740741 0.8109375 0.10416666666666667
0 0.628125 0.6856481481481481 0.6315104166666666 0.6893518518518519 0.63359375 0.6972222222222222 0.6359375 0.7263888888888889 0.6361979166666667 0.7652777777777777 0.63359375 0.8027777777777778 0.6299479166666667 0.8115740740740741 0.6234375 0.8143518518518519 0.6127604166666667 0.8134259259259259 0.6065104166666667 0.8074074074074075 0.6052083333333333 0.8013888888888889 0.6065104166666667 0.7782407407407408 0.6041666666666666 0.7601851851851852 0.6091145833333333 0.6925925925925925 0.6153645833333333 0.6856481481481481 0.6278645833333333 0.6856481481481481
0 0.7765625 0.5513888888888889 0.7869791666666667 0.5574074074074075 0.78984375 0.5805555555555556 0.7901041666666667 0.6486111111111111 0.7880208333333333 0.6550925925925926 0.7796875 0.6592592592592592 0.76953125 0.6578703703703703 0.765625 0.6513888888888889 0.7625 0.6055555555555555 0.7625 0.5611111111111111 0.7677083333333333 0.5537037037037037 0.7763020833333333 0.5513888888888889
0 0.7385416666666667 0.2550925925925926 0.7455729166666667 0.2574074074074074 0.74921875 0.26296296296296295 0.7520833333333333 0.28425925925925927 0.7528645833333333 0.35324074074074074 0.7515625 0.35694444444444445 0.7411458333333333 0.36018518518518516 0.73125 0.3578703703703704 0.72734375 0.3486111111111111 0.7268229166666667 0.29259259259259257 0.7244791666666667 0.2796296296296296 0.7244791666666667 0.2722222222222222 0.7291666666666666 0.2601851851851852 0.73828125 0.2550925925925926
0 0.7 0.2513888888888889 0.7065104166666667 0.2537037037037037 0.7104166666666667 0.25925925925925924 0.71171875 0.2824074074074074 0.7111979166666667 0.34953703703703703 0.7067708333333333 0.3560185185185185 0.7 0.35694444444444445 0.6927083333333334 0.3560185185185185 0.6872395833333333 0.34953703703703703 0.6854166666666667 0.2851851851851852 0.6854166666666667 0.2689814814814815 0.6877604166666667 0.2550925925925926 0.6997395833333333 0.2513888888888889
0 0.9598958333333333 0.12453703703703704 0.96953125 0.12916666666666668 0.9747395833333333 0.14074074074074075 0.97578125 0.21064814814814814 0.97421875 0.22870370370370371 0.9669270833333333 0.23564814814814813 0.9565104166666667 0.2351851851851852 0.95234375 0.23194444444444445 0.9479166666666666 0.22268518518518518 0.94609375 0.1425925925925926 0.95078125 0.12916666666666668 0.9596354166666666 0.125
0 0.8479166666666667 0.13472222222222222 0.8559895833333333 0.13703703703703704 0.8591145833333333 0.14351851851851852 0.859375 0.2 0.8572916666666667 0.22546296296296298 0.8533854166666667 0.23194444444444445 0.8458333333333333 0.23425925925925925 0.83515625 0.23148148148148148 0.8325520833333333 0.22592592592592592 0.8325520833333333 0.14953703703703702 0.834375 0.13703703703703704 0.84765625 0.13472222222222222
0 0.8591145833333333 0.6921296296296297 0.8682291666666667 0.6990740740740741 0.8716145833333333 0.7162037037037037 0.8729166666666667 0.8037037037037037 0.8700520833333333 0.8106481481481481 0.8645833333333334 0.812962962962963 0.8486979166666667 0.8101851851851852 0.84375 0.7907407407407407 0.84453125 0.7412037037037037 0.8416666666666667 0.7226851851851852 0.8419270833333333 0.7078703703703704 0.84765625 0.6953703703703704 0.8588541666666667 0.6921296296296297
0 0.9200520833333333 0.4074074074074074 0.9526041666666667 0.42777777777777776 0.96484375 0.4393518518518518 0.96640625 0.44537037037037036 0.96484375 0.46111111111111114 0.9565104166666667 0.47962962962962963 0.9208333333333333 0.46111111111111114 0.9010416666666666 0.4444444444444444 0.9005208333333333 0.43425925925925923 0.9044270833333333 0.41388888888888886 0.9106770833333333 0.4064814814814815 0.9197916666666667 0.4074074074074074
0 0.6276041666666666 0.2388888888888889 0.6364583333333333 0.24537037037037038 0.6388020833333333 0.26342592592592595 0.6372395833333333 0.29907407407407405 0.6390625 0.32222222222222224 0.6380208333333334 0.3416666666666667 0.6346354166666667 0.3486111111111111 0.6283854166666667 0.35138888888888886 0.6143229166666667 0.3486111111111111 0.6122395833333333 0.34444444444444444 0.6114583333333333 0.3333333333333333 0.6119791666666666 0.24768518518518517 0.6190104166666667 0.23935185185185184 0.62734375 0.2388888888888889
0 0.5432291666666667 0.5351851851851852 0.5572916666666666 0.538425925925926 0.559375 0.5425925925925926 0.5578125 0.6 0.5591145833333333 0.6175925925925926 0.5559895833333334 0.65 0.55078125 0.6537037037037037 0.54296875 0.6537037037037037 0.5361979166666667 0.6513888888888889 0.53203125 0.6439814814814815 0.53515625 0.5393518518518519 0.54296875 0.5356481481481481
0 0.6234375 0.5425925925925926 0.6294270833333333 0.5462962962962963 0.6317708333333333 0.5546296296296296 0.6348958333333333 0.6361111111111111 0.63359375 0.6523148148148148 0.63046875 0.6583333333333333 0.62421875 0.6615740740740741 0.6127604166666667 0.6606481481481481 0.6078125 0.6537037037037037 0.6044270833333333 0.5768518518518518 0.6057291666666667 0.5486111111111112 0.6119791666666666 0.5430555555555555 0.6231770833333333 0.5425925925925926
0 0.8940104166666667 0.5611111111111111 0.9013020833333333 0.5638888888888889 0.9052083333333333 0.5689814814814815 0.9078125 0.6287037037037037 0.9059895833333333 0.6615740740740741 0.90078125 0.6694444444444444 0.8947916666666667 0.6708333333333333 0.88359375 0.6694444444444444 0.8802083333333334 0.6648148148148149 0.8783854166666667 0.6157407407407407 0.8791666666666667 0.5671296296296297 0.8838541666666667 0.562037037037037 0.89375 0.5611111111111111
0 0.66484375 0.12314814814814815 0.671875 0.12638888888888888 0.67421875 0.1337962962962963 0.6752604166666667 0.21574074074074073 0.6739583333333333 0.22777777777777777 0.6627604166666666 0.23796296296296296 0.6544270833333333 0.23703703703703705 0.6473958333333333 0.23055555555555557 0.64609375 0.20787037037037037 0.6510416666666666 0.1300925925925926 0.6549479166666666 0.12453703703703704 0.6645833333333333 0.12314814814814815
0 0.85625 0.5541666666666667 0.8661458333333333 0.5578703703703703 0.86875 0.5675925925925925 0.86640625 0.6578703703703703 0.86328125 0.6717592592592593 0.8578125 0.6768518518518518 0.8424479166666666 0.6736111111111112 0.8377604166666667 0.6611111111111111 0.8419270833333333 0.5717592592592593 0.8473958333333333 0.5555555555555556 0.8559895833333333 0.5541666666666667
0 0.5903645833333333 0.12175925925925926 0.59609375 0.12361111111111112 0.5997395833333333 0.12962962962962962 0.6002604166666666 0.19953703703703704 0.5989583333333334 0.2212962962962963 0.5934895833333333 0.2310185185185185 0.5861979166666667 0.23425925925925925 0.57734375 0.23055555555555557 0.5723958333333333 0.22037037037037038 0.5744791666666667 0.13287037037037036 0.5778645833333333 0.12361111111111112 0.5901041666666667 0.12175925925925926
0 0.5895833333333333 0.6921296296296297 0.59375 0.6958333333333333 0.5963541666666666 0.7064814814814815 0.5934895833333333 0.7611111111111111 0.59453125 0.7833333333333333 0.59140625 0.8106481481481481 0.5880208333333333 0.8171296296296297 0.5841145833333333 0.8189814814814815 0.5721354166666667 0.8175925925925925 0.5669270833333333 0.8106481481481481 0.5677083333333334 0.7777777777777778 0.5661458333333333 0.7648148148148148 0.56875 0.7518518518518519 0.56875 0.7129629629629629 0.57109375 0.6953703703703704 0.5765625 0.6907407407407408 0.5893229166666667 0.6921296296296297
0 0.7041666666666667 0.6847222222222222 0.71015625 0.6916666666666667 0.7119791666666667 0.6995370370370371 0.7119791666666667 0.7490740740740741 0.71015625 0.7967592592592593 0.70703125 0.8018518518518518 0.703125 0.8027777777777778 0.6864583333333333 0.8004629629629629 0.6833333333333333 0.7967592592592593 0.6817708333333333 0.788425925925926 0.6848958333333334 0.6925925925925925 0.6893229166666667 0.6842592592592592 0.70390625 0.6847222222222222
0 0.7419270833333333 0.6958333333333333 0.7455729166666667 0.7032407407407407 0.7471354166666667 0.7166666666666667 0.7494791666666667 0.7810185185185186 0.7484375 0.7870370370370371 0.7450520833333333 0.7902777777777777 0.7346354166666667 0.7921296296296296 0.7268229166666667 0.7912037037037037 0.7239583333333334 0.7861111111111111 0.7223958333333333 0.7513888888888889 0.7190104166666667 0.7277777777777777 0.7205729166666667 0.7208333333333333 0.7192708333333333 0.7078703703703704 0.7208333333333333 0.6995370370370371 0.7252604166666666 0.6958333333333333 0.7416666666666667 0.6958333333333333
0 0.5434895833333333 0.6773148148148148 0.5510416666666667 0.6814814814814815 0.5536458333333333 0.6865740740740741 0.5552083333333333 0.7694444444444445 0.5518229166666667 0.7898148148148149 0.5421875 0.7962962962962963 0.5328125 0.7939814814814815 0.5283854166666667 0.7865740740740741 0.5265625 0.7555555555555555 0.5265625 0.6925925925925925 0.5291666666666667 0.6819444444444445 0.53515625 0.6777777777777778 0.5432291666666667 0.6773148148148148
0 0.9877604166666667 0.05694444444444444 0.9932291666666667 0.05 0.9997395833333333 0.047685185185185185 0.9997395833333333 0.1375 0.9979166666666667 0.13796296296296295 0.9979166666666667 0.1412037037037037 0.9997395833333333 0.14166666666666666 0.9997395833333333 0.15925925925925927 0.9947916666666666 0.1527777777777778 0.9921875 0.1439814814814815 0.9924479166666667 0.12638888888888888 0.9885416666666667 0.10231481481481482 0.9893229166666667 0.08518518518518518 0.9864583333333333 0.07268518518518519 0.9877604166666667 0.05740740740740741
0 0.7002604166666667 0.12407407407407407 0.709375 0.1287037037037037 0.7111979166666667 0.15601851851851853 0.71015625 0.2125 0.7067708333333333 0.21944444444444444 0.6997395833333333 0.2222222222222222 0.6888020833333334 0.22037037037037038 0.6856770833333333 0.21342592592592594 0.6854166666666667 0.19768518518518519 0.6859375 0.13333333333333333 0.6893229166666667 0.12685185185185185 0.7 0.12407407407407407
0 0.5942708333333333 0.2439814814814815 0.5994791666666667 0.24814814814814815 0.6002604166666666 0.2722222222222222 0.6059895833333333 0.2828703703703704 0.6018229166666667 0.2972222222222222 0.6013020833333333 0.35555555555555557 0.5986979166666667 0.3625 0.5919270833333333 0.3685185185185185 0.5796875 0.3675925925925926 0.57421875 0.36018518518518516 0.5723958333333333 0.325 0.5640625 0.3050925925925926 0.56328125 0.2898148148148148 0.5677083333333334 0.28425925925925927 0.5736979166666667 0.2824074074074074 0.5744791666666667 0.2569444444444444 0.5778645833333333 0.24537037037037038 0.5940104166666667 0.2439814814814815
0 0.7692708333333333 0.11944444444444445 0.7763020833333333 0.11990740740740741 0.7833333333333333 0.125 0.7859375 0.17546296296296296 0.7859375 0.19953703703703704 0.7841145833333333 0.21342592592592594 0.78046875 0.22083333333333333 0.7723958333333333 0.22453703703703703 0.7635416666666667 0.22083333333333333 0.7625 0.21342592592592594 0.7578125 0.20972222222222223 0.7572916666666667 0.13333333333333333 0.7606770833333333 0.12268518518518519 0.7690104166666667 0.11944444444444445
0 0.8005208333333333 0.40370370370370373 0.8309895833333333 0.4097222222222222 0.8403645833333333 0.41435185185185186 0.8424479166666666 0.4212962962962963 0.8421875 0.44814814814814813 0.83984375 0.45416666666666666 0.8322916666666667 0.4583333333333333 0.7833333333333333 0.45231481481481484 0.7752604166666667 0.4462962962962963 0.7723958333333333 0.4356481481481482 0.7723958333333333 0.4222222222222222 0.7760416666666666 0.40925925925925927 0.7833333333333333 0.4041666666666667 0.8002604166666667 0.40370370370370373
0 0.9322916666666666 0.5509259259259259 0.9390625 0.5532407407407407 0.9432291666666667 0.5592592592592592 0.9463541666666667 0.5745370370370371 0.94765625 0.5953703703703703 0.9479166666666666 0.6625 0.94453125 0.6726851851851852 0.93828125 0.6759259259259259 0.9236979166666667 0.6722222222222223 0.9205729166666666 0.6652777777777777 0.9182291666666667 0.6444444444444445 0.9171875 0.6157407407407407 0.9184895833333333 0.6055555555555555 0.9161458333333333 0.562962962962963 0.9216145833333333 0.5532407407407407 0.93203125 0.5509259259259259
0 0.6611979166666667 0.9842592592592593 0.6666666666666666 0.987037037037037 0.671875 0.999537037037037 0.6455729166666667 0.999537037037037 0.65 0.986574074074074 0.6609375 0.9842592592592593
0 0.8513020833333333 0.24861111111111112 0.8591145833333333 0.25462962962962965 0.8625 0.2652777777777778 0.8661458333333333 0.3384259259259259 0.86328125 0.3523148148148148 0.85 0.35555555555555557 0.8424479166666666 0.3541666666666667 0.8395833333333333 0.3472222222222222 0.8346354166666666 0.26296296296296295 0.8385416666666666 0.25277777777777777 0.8510416666666667 0.24861111111111112
0 0.7765625 0.2361111111111111 0.7864583333333334 0.24259259259259258 0.7901041666666667 0.2569444444444444 0.78984375 0.3365740740740741 0.78671875 0.3449074074074074 0.78046875 0.3476851851851852 0.7677083333333333 0.3453703703703704 0.7651041666666667 0.3416666666666667 0.7635416666666667 0.3314814814814815 0.7630208333333334 0.25092592592592594 0.7677083333333333 0.23981481481481481 0.7763020833333333 0.2361111111111111
0 0.7421875 0.5388888888888889 0.7486979166666666 0.5425925925925926 0.7502604166666667 0.5476851851851852 0.7497395833333333 0.5916666666666667 0.7513020833333334 0.6064814814814815 0.7486979166666666 0.6375 0.73984375 0.6444444444444445 0.7309895833333333 0.6435185185185185 0.7255208333333333 0.6375 0.72421875 0.5986111111111111 0.7263020833333333 0.5430555555555555 0.73203125 0.5388888888888889 0.7419270833333333 0.5388888888888889
0 0.6854166666666667 0.3837962962962963 0.6966145833333334 0.42268518518518516 0.70625 0.46574074074074073 0.70390625 0.48194444444444445 0.690625 0.49166666666666664 0.68515625 0.49027777777777776 0.6786458333333333 0.47638888888888886 0.6682291666666667 0.4356481481481482 0.6625 0.4046296296296296 0.6643229166666667 0.3925925925925926 0.6682291666666667 0.387037037037037 0.678125 0.3819444444444444 0.68515625 0.3837962962962963
0 0.6239583333333333 0.1050925925925926 0.63046875 0.10740740740740741 0.6346354166666667 0.1125 0.6380208333333334 0.15787037037037038 0.6354166666666666 0.2101851851851852 0.6302083333333334 0.21712962962962962 0.6234375 0.21898148148148147 0.615625 0.2175925925925926 0.61171875 0.21296296296296297 0.6104166666666667 0.18333333333333332 0.6111979166666667 0.11851851851851852 0.6153645833333333 0.1087962962962963 0.6236979166666666 0.1050925925925926
0 0.9651041666666667 0.25046296296296294 0.97109375 0.25416666666666665 0.9747395833333333 0.26157407407407407 0.9765625 0.2916666666666667 0.9747395833333333 0.3523148148148148 0.9716145833333333 0.3592592592592593 0.9638020833333333 0.36342592592592593 0.95078125 0.3587962962962963 0.9440104166666666 0.3453703703703704 0.9455729166666667 0.33101851851851855 0.9440104166666666 0.27546296296296297 0.9458333333333333 0.26435185185185184 0.95 0.25416666666666665 0.95546875 0.25046296296296294 0.96484375 0.25046296296296294
0 0.6669270833333333 0.2675925925925926 0.6708333333333333 0.2722222222222222 0.6723958333333333 0.28194444444444444 0.6713541666666667 0.34305555555555556 0.66875 0.3523148148148148 0.6604166666666667 0.3541666666666667 0.65 0.35324074074074074 0.6466145833333333 0.3486111111111111 0.6473958333333333 0.2759259259259259 0.6510416666666666 0.2675925925925926 0.6666666666666666 0.2675925925925926
0 0.8109375 0.55 0.821875 0.5555555555555556 0.8244791666666667 0.5671296296296297 0.8255208333333334 0.5875 0.8252604166666667 0.6541666666666667 0.82109375 0.6601851851851852 0.8143229166666667 0.662962962962963 0.8020833333333334 0.6601851851851852 0.7984375 0.6513888888888889 0.7997395833333333 0.6185185185185185 0.7971354166666667 0.5796296296296296 0.7979166666666667 0.5606481481481481 0.8002604166666667 0.5523148148148148 0.8106770833333333 0.55
0 0.6591145833333333 0.6949074074074074 0.671875 0.6990740740740741 0.6736979166666667 0.7064814814814815 0.6723958333333333 0.7902777777777777 0.6671875 0.8069444444444445 0.66171875 0.8111111111111111 0.6484375 0.8069444444444445 0.6453125 0.7944444444444444 0.6463541666666667 0.7111111111111111 0.65 0.6962962962962963 0.6588541666666666 0.6949074074074074
0 0.43046875 0.08472222222222223 0.4270833333333333 0.07685185185185185 0.42578125 0.05694444444444444 0.4393229166666667 0.03657407407407407 0.44921875 0.03194444444444444 0.45234375 0.032407407407407406 0.45338541666666665 0.03796296296296296 0.453125 0.06805555555555555 0.4513020833333333 0.07777777777777778 0.4401041666666667 0.08842592592592592 0.43072916666666666 0.08472222222222223
0 0.78046875 0.6828703703703703 0.7864583333333334 0.6861111111111111 0.78984375 0.6986111111111111 0.7921875 0.7791666666666667 0.7901041666666667 0.7962962962962963 0.7861979166666667 0.8027777777777778 0.7809895833333333 0.8055555555555556 0.7713541666666667 0.8037037037037037 0.7674479166666667 0.8004629629629629 0.7651041666666667 0.7939814814814815 0.7625 0.7208333333333333 0.7645833333333333 0.687037037037037 0.7721354166666666 0.6828703703703703 0.7802083333333333 0.6828703703703703
0 0.8190104166666666 0.24027777777777778 0.8221354166666667 0.24537037037037038 0.8244791666666667 0.26342592592592595 0.8252604166666667 0.31712962962962965 0.8229166666666666 0.324537037037037 0.8143229166666667 0.3277777777777778 0.80703125 0.3277777777777778 0.8010416666666667 0.32083333333333336 0.8020833333333334 0.2953703703703704 0.7989583333333333 0.25416666666666665 0.8005208333333333 0.24444444444444444 0.8036458333333333 0.24027777777777778 0.81875 0.24027777777777778
0 0.90078125 0.25833333333333336 0.9078125 0.2675925925925926 0.9140625 0.3 0.91171875 0.30648148148148147 0.9125 0.3587962962962963 0.909375 0.36666666666666664 0.9013020833333333 0.37037037037037035 0.8903645833333333 0.36944444444444446 0.8815104166666666 0.3592592592592593 0.8807291666666667 0.3486111111111111 0.8830729166666667 0.3402777777777778 0.8825520833333333 0.3060185185185185 0.8815104166666666 0.29583333333333334 0.8783854166666667 0.28888888888888886 0.8802083333333334 0.2740740740740741 0.8848958333333333 0.26157407407407407 0.8903645833333333 0.25787037037037036 0.9005208333333333 0.25833333333333336
0 0.81484375 0.6884259259259259 0.8213541666666667 0.6912037037037037 0.825 0.6962962962962963 0.8260416666666667 0.725462962962963 0.8252604166666667 0.7898148148148149 0.82109375 0.7972222222222223 0.8158854166666667 0.799537037037037 0.8057291666666667 0.7976851851851852 0.8010416666666667 0.7925925925925926 0.7986979166666667 0.7833333333333333 0.7981770833333334 0.763425925925926 0.7984375 0.6967592592592593 0.8049479166666667 0.6893518518518519 0.8145833333333333 0.6884259259259259