0 0.8911458333333333 0.12129629629629629 0.8958333333333334 0.12685185185185185 0.8979166666666667 0.15138888888888888 0.8986979166666667 0.22037037037037038 0.8981770833333333 0.22685185185185186 0.89453125 0.2351851851851852 0.8856770833333333 0.23842592592592593 0.87578125 0.23703703703703705 0.8708333333333333 0.22546296296296298 0.8713541666666667 0.19675925925925927 0.86875 0.15046296296296297 0.8703125 0.13287037037037036 0.87421875 0.12314814814814815 0.8908854166666667 0.12129629629629629
0 0.8151041666666666 0.10092592592592593 0.81875 0.1050925925925926 0.8216145833333334 0.11527777777777778 0.8234375 0.17175925925925925 0.8213541666666667 0.19212962962962962 0.81796875 0.19814814814814816 0.8114583333333333 0.20092592592592592 0.8033854166666666 0.2 0.79609375 0.1925925925925926 0.7979166666666667 0.17175925925925925 0.7947916666666667 0.12037037037037036 0.7966145833333333 0.11064814814814815 0.80078125 0.10231481481481482 0.8072916666666666 0.09907407407407408 0.81484375 0.10092592592592593
0 0.6255208333333333 0.6805555555555556 0.63046875 0.6833333333333333 0.6338541666666667 0.6916666666666667 0.6356770833333333 0.762962962962963 0.6338541666666667 0.7967592592592593 0.6302083333333334 0.8074074074074075 0.6236979166666666 0.8097222222222222 0.6109375 0.8078703703703703 0.60546875 0.8004629629629629 0.6044270833333333 0.7888888888888889 0.60625 0.7722222222222223 0.6044270833333333 0.7458333333333333 0.6088541666666667 0.6888888888888889 0.6138020833333333 0.6814814814814815 0.6252604166666667 0.6805555555555556
0 0.7828125 0.549074074074074 0.7869791666666667 0.5532407407407407 0.78984375 0.5703703703703704 0.7908854166666667 0.6347222222222222 0.7895833333333333 0.6462962962962963 0.7869791666666667 0.6523148148148148 0.7776041666666667 0.6550925925925926 0.76875 0.6532407407407408 0.7643229166666666 0.6402777777777777 0.7619791666666667 0.5601851851851852 0.7635416666666667 0.5532407407407407 0.7690104166666667 0.5481481481481482 0.7825520833333334 0.549074074074074
0 0.8526041666666667 0.24444444444444444 0.859375 0.25046296296296294 0.8630208333333333 0.26157407407407407 0.8661458333333333 0.33194444444444443 0.8630208333333333 0.3486111111111111 0.8502604166666666 0.3509259259259259 0.8419270833333333 0.3486111111111111 0.8390625 0.3384259259259259 0.834375 0.262037037037037 0.83515625 0.25555555555555554 0.83984375 0.24722222222222223 0.84453125 0.2439814814814815 0.85234375 0.24444444444444444
0 0.7424479166666667 0.25092592592592594 0.7473958333333334 0.2550925925925926 0.7513020833333334 0.2671296296296296 0.7536458333333333 0.3458333333333333 0.7510416666666667 0.3527777777777778 0.7416666666666667 0.3560185185185185 0.734375 0.35555555555555557 0.7286458333333333 0.3490740740740741 0.7252604166666666 0.26851851851851855 0.7307291666666667 0.25324074074074077 0.7421875 0.25092592592592594
0 0.903125 0 0.9703125 0 0.97109375 0.004166666666666667 0.9705729166666667 0.01712962962962963 0.9640625 0.0375 0.9481770833333333 0.040740740740740744 0.91796875 0.0125 0.90625 0.008796296296296297 0.903125 0.000462962962962963
0 0.8549479166666667 0.13194444444444445 0.8572916666666667 0.13425925925925927 0.859375 0.14351851851851852 0.86015625 0.20277777777777778 0.8575520833333333 0.22314814814814815 0.84921875 0.22962962962962963 0.8348958333333333 0.2273148148148148 0.8328125 0.21944444444444444 0.8330729166666667 0.1412037037037037 0.834375 0.13425925925925927 0.8380208333333333 0.1310185185185185 0.8546875 0.13194444444444445
0 0.8190104166666666 0.4703703703703704 0.8552083333333333 0.475462962962963 0.8622395833333333 0.48055555555555557 0.8658854166666666 0.4912037037037037 0.865625 0.5078703703703704 0.8622395833333333 0.5189814814814815 0.8559895833333333 0.5222222222222223 0.821875 0.5189814814814815 0.8072916666666666 0.5162037037037037 0.80390625 0.512962962962963 0.80078125 0.49907407407407406 0.8033854166666666 0.4759259259259259 0.8080729166666667 0.47129629629629627 0.81875 0.4703703703703704
0 0.86015625 0.6884259259259259 0.8682291666666667 0.6944444444444444 0.871875 0.7152777777777778 0.87265625 0.7972222222222223 0.8700520833333333 0.8055555555555556 0.8643229166666667 0.8083333333333333 0.84765625 0.8041666666666667 0.84296875 0.7865740740740741 0.84453125 0.7671296296296296 0.8419270833333333 0.7032407407407407 0.8489583333333334 0.6898148148148148 0.8598958333333333 0.6884259259259259
0 0.6614583333333334 0.950925925925926 0.6703125 0.9666666666666667 0.67109375 0.999537037037037 0.6432291666666666 0.999537037037037 0.64296875 0.9699074074074074 0.6455729166666667 0.9564814814814815 0.6515625 0.950925925925926 0.6611979166666667 0.950925925925926
0 0.6265625 0.5388888888888889 0.6299479166666667 0.5421296296296296 0.6322916666666667 0.5532407407407407 0.6354166666666666 0.6347222222222222 0.6330729166666667 0.6504629629629629 0.6252604166666667 0.6564814814814814 0.6119791666666666 0.6555555555555556 0.6075520833333333 0.6472222222222223 0.6044270833333333 0.5560185185185185 0.6057291666666667 0.5449074074074074 0.6091145833333333 0.5398148148148149 0.6263020833333334 0.5388888888888889
0 0.8955729166666667 0.5569444444444445 0.9026041666666667 0.5611111111111111 0.90546875 0.5671296296296297 0.9078125 0.6296296296296297 0.9075520833333334 0.6462962962962963 0.9049479166666666 0.6597222222222222 0.8971354166666666 0.6662037037037037 0.8869791666666667 0.6652777777777777 0.8802083333333334 0.6587962962962963 0.8778645833333333 0.611574074074074 0.8796875 0.5606481481481481 0.8861979166666667 0.5569444444444445 0.8953125 0.5569444444444445
0 0.66640625 0.11851851851851852 0.6731770833333334 0.12314814814814815 0.6755208333333333 0.1361111111111111 0.6747395833333333 0.21388888888888888 0.671875 0.22453703703703703 0.6614583333333334 0.23333333333333334 0.6502604166666667 0.22824074074074074 0.6466145833333333 0.2199074074074074 0.6458333333333334 0.20601851851851852 0.6510416666666666 0.12638888888888888 0.6557291666666667 0.11944444444444445 0.6661458333333333 0.11851851851851852
0 0.590625 0.11712962962962963 0.5966145833333333 0.11990740740740741 0.6002604166666666 0.12685185185185185 0.6002604166666666 0.20046296296296295 0.5986979166666667 0.21805555555555556 0.5890625 0.22916666666666666 0.5765625 0.225 0.5734375 0.21805555555555556 0.5723958333333333 0.20601851851851852 0.5755208333333334 0.12361111111111112 0.5815104166666667 0.1175925925925926 0.5903645833333333 0.11712962962962963
0 0.8549479166666667 0.549537037037037 0.8661458333333333 0.5537037037037037 0.8690104166666667 0.5638888888888889 0.8658854166666666 0.6611111111111111 0.8614583333333333 0.6694444444444444 0.8559895833333333 0.6731481481481482 0.8411458333333334 0.6685185185185185 0.8375 0.6537037037037037 0.84296875 0.562037037037037 0.846875 0.5518518518518518 0.8546875 0.549537037037037
0 0.9322916666666666 0.5472222222222223 0.9393229166666667 0.55 0.94375 0.5574074074074075 0.9473958333333333 0.5884259259259259 0.94765625 0.6583333333333333 0.9440104166666666 0.6699074074074074 0.9369791666666667 0.6722222222222223 0.9252604166666667 0.6699074074074074 0.9216145833333333 0.6638888888888889 0.9174479166666667 0.6157407407407407 0.9166666666666666 0.5578703703703703 0.9205729166666666 0.55 0.93203125 0.5472222222222223
0 0.8973958333333333 0.39861111111111114 0.9184895833333333 0.40694444444444444 0.9458333333333333 0.42268518518518516 0.9481770833333333 0.43148148148148147 0.94765625 0.44351851851851853 0.9450520833333333 0.4564814814814815 0.93984375 0.46435185185185185 0.9106770833333333 0.45601851851851855 0.8841145833333334 0.44074074074074077 0.8817708333333333 0.4305555555555556 0.88515625 0.40694444444444444 0.8901041666666667 0.399537037037037 0.8971354166666666 0.39861111111111114
0 0.6984375 0.6787037037037037 0.709375 0.6851851851851852 0.7119791666666667 0.6981481481481482 0.7127604166666667 0.7537037037037037 0.7106770833333333 0.7902777777777777 0.7075520833333333 0.7967592592592593 0.703125 0.7981481481481482 0.68515625 0.7962962962962963 0.6815104166666667 0.787962962962963 0.6848958333333334 0.6888888888888889 0.6888020833333334 0.6800925925925926 0.6981770833333333 0.6787037037037037
0 0.7356770833333334 0.6888888888888889 0.7450520833333333 0.6953703703703704 0.74765625 0.7236111111111111 0.7489583333333333 0.7791666666666667 0.74765625 0.7837962962962963 0.7401041666666667 0.7870370370370371 0.7270833333333333 0.7865740740740741 0.7244791666666667 0.7819444444444444 0.71953125 0.7087962962962963 0.7200520833333334 0.6976851851851852 0.7223958333333333 0.6930555555555555 0.7354166666666667 0.6888888888888889
0 0.5403645833333334 0.6722222222222223 0.55 0.675 0.5528645833333333 0.6791666666666667 0.5544270833333333 0.6976851851851852 0.5544270833333333 0.7759259259259259 0.5502604166666667 0.7875 0.5442708333333334 0.7912037037037037 0.5354166666666667 0.7902777777777777 0.52890625 0.7833333333333333 0.52578125 0.7481481481481481 0.5270833333333333 0.6819444444444445 0.5309895833333333 0.675 0.5401041666666667 0.6722222222222223
0 0.7067708333333333 0.12129629629629629 0.7104166666666667 0.12962962962962962 0.7106770833333333 0.20601851851851852 0.7075520833333333 0.21481481481481482 0.7018229166666666 0.2175925925925926 0.6895833333333333 0.2162037037037037 0.6854166666666667 0.20694444444444443 0.6864583333333333 0.1310185185185185 0.6872395833333333 0.1259259259259259 0.6921875 0.12083333333333333 0.7065104166666667 0.12129629629629629
0 0.6638020833333333 0.2625 0.66953125 0.2652777777777778 0.67265625 0.2763888888888889 0.6716145833333333 0.3421296296296296 0.6682291666666667 0.3490740740740741 0.6606770833333333 0.350462962962963 0.6510416666666666 0.34953703703703703 0.646875 0.3453703703703704 0.646875 0.2884259259259259 0.64765625 0.27175925925925926 0.65 0.26481481481481484 0.6635416666666667 0.2625
0 0.8018229166666667 0.4009259259259259 0.8315104166666667 0.4064814814814815 0.8403645833333333 0.4111111111111111 0.8427083333333333 0.4199074074074074 0.8427083333333333 0.4412037037037037 0.8390625 0.45046296296296295 0.8333333333333334 0.4532407407407407 0.7869791666666667 0.4486111111111111 0.7760416666666666 0.44305555555555554 0.7729166666666667 0.4356481481481482 0.771875 0.425 0.77265625 0.41388888888888886 0.7760416666666666 0.4041666666666667 0.7838541666666666 0.399537037037037 0.8015625 0.4009259259259259
0 0.7770833333333333 0.11527777777777778 0.7828125 0.11805555555555555 0.7838541666666666 0.12268518518518519 0.7864583333333334 0.1875 0.784375 0.20972222222222223 0.7807291666666667 0.21712962962962962 0.7760416666666666 0.2199074074074074 0.7666666666666667 0.21666666666666667 0.759375 0.20324074074074075 0.75703125 0.13657407407407407 0.75859375 0.12314814814814815 0.7614583333333333 0.11805555555555555 0.7768229166666667 0.11527777777777778
0 0.5921875 0.23842592592592593 0.5973958333333333 0.24074074074074073 0.6 0.24768518518518517 0.60234375 0.3388888888888889 0.5989583333333334 0.35833333333333334 0.5963541666666666 0.362962962962963 0.5911458333333334 0.36435185185185187 0.5809895833333333 0.36435185185185187 0.5744791666666667 0.35324074074074074 0.571875 0.29814814814814816 0.5760416666666667 0.24444444444444444 0.5817708333333333 0.2388888888888889 0.5919270833333333 0.23842592592592593
0 0.55078125 0.5310185185185186 0.5572916666666666 0.5333333333333333 0.5596354166666667 0.5398148148148149 0.5583333333333333 0.586574074074074 0.559375 0.6263888888888889 0.5572916666666666 0.6421296296296296 0.5502604166666667 0.649074074074074 0.5401041666666667 0.6486111111111111 0.5338541666666666 0.6439814814814815 0.53203125 0.6375 0.5317708333333333 0.6189814814814815 0.5341145833333333 0.5953703703703703 0.5348958333333333 0.5356481481481481 0.53984375 0.5310185185185186 0.5505208333333333 0.5310185185185186
0 0.6317708333333333 0.2351851851851852 0.6372395833333333 0.24212962962962964 0.6388020833333333 0.2513888888888889 0.6377604166666667 0.30694444444444446 0.6390625 0.324537037037037 0.6372395833333333 0.3398148148148148 0.6341145833333334 0.34444444444444444 0.6283854166666667 0.34629629629629627 0.6174479166666667 0.3453703703703704 0.6125 0.3375 0.6111979166666667 0.24722222222222223 0.6158854166666666 0.23657407407407408 0.6231770833333333 0.2337962962962963 0.6315104166666666 0.2351851851851852
0 0.37109375 0.45787037037037037 0.38385416666666666 0.46111111111111114 0.38671875 0.47175925925925927 0.38359375 0.5435185185185185 0.3796875 0.5546296296296296 0.3731770833333333 0.5597222222222222 0.36328125 0.5569444444444445 0.35885416666666664 0.5398148148148149 0.36276041666666664 0.4675925925925926 0.3653645833333333 0.4597222222222222 0.37083333333333335 0.45787037037037037
0 0.9638020833333333 0.12129629629629629 0.9705729166666667 0.12546296296296297 0.9739583333333334 0.13148148148148148 0.9760416666666667 0.15787037037037038 0.9760416666666667 0.21666666666666667 0.9713541666666666 0.22824074074074074 0.9651041666666667 0.23287037037037037 0.9567708333333333 0.2310185185185185 0.9489583333333333 0.2199074074074074 0.9458333333333333 0.1439814814814815 0.9471354166666667 0.13425925925925927 0.9505208333333334 0.12638888888888888 0.95625 0.12129629629629629 0.9635416666666666 0.12129629629629629
0 0.7440104166666667 0.5356481481481481 0.7489583333333333 0.5393518518518519 0.7502604166666667 0.5449074074074074 0.75 0.624537037037037 0.74765625 0.6356481481481482 0.7390625 0.6398148148148148 0.7299479166666667 0.638425925925926 0.725 0.6300925925925925 0.72578125 0.5425925925925926 0.7296875 0.5356481481481481 0.74375 0.5356481481481481
0 0.7799479166666666 0.2324074074074074 0.78671875 0.2375 0.790625 0.2513888888888889 0.790625 0.32916666666666666 0.7869791666666667 0.3416666666666667 0.7807291666666667 0.3439814814814815 0.76953125 0.3425925925925926 0.7651041666666667 0.3365740740740741 0.7635416666666667 0.32685185185185184 0.7630208333333334 0.2828703703703704 0.76328125 0.2490740740740741 0.76484375 0.24074074074074073 0.771875 0.2324074074074074 0.7796875 0.2324074074074074
0 0.63046875 0.10324074074074074 0.6348958333333333 0.10925925925925926 0.63671875 0.11898148148148148 0.6377604166666667 0.1736111111111111 0.6361979166666667 0.20324074074074075 0.63359375 0.2101851851851852 0.6270833333333333 0.21481481481481482 0.615625 0.21342592592592594 0.6106770833333334 0.20324074074074075 0.6122395833333333 0.14074074074074075 0.6109375 0.12175925925925926 0.6119791666666666 0.1111111111111111 0.6158854166666666 0.10462962962962963 0.62109375 0.10138888888888889 0.6302083333333334 0.10324074074074074
0 0.9666666666666667 0.2462962962962963 0.9716145833333333 0.25046296296296294 0.9755208333333333 0.262037037037037 0.9770833333333333 0.3287037037037037 0.9739583333333334 0.35138888888888886 0.9703125 0.35694444444444445 0.9645833333333333 0.3592592592592593 0.9515625 0.35555555555555557 0.9447916666666667 0.3449074074074074 0.9458333333333333 0.2953703703703704 0.9442708333333333 0.2689814814814815 0.94609375 0.2587962962962963 0.95234375 0.24768518518518517 0.96640625 0.2462962962962963
0 0.5888020833333333 0.6875 0.5942708333333333 0.6916666666666667 0.59609375 0.6986111111111111 0.5955729166666667 0.7694444444444445 0.5911458333333334 0.8069444444444445 0.5872395833333334 0.8125 0.5807291666666666 0.8148148148148148 0.5708333333333333 0.8125 0.5671875 0.8069444444444445 0.5658854166666667 0.8 0.5684895833333333 0.711574074074074 0.571875 0.6888888888888889 0.5778645833333333 0.6856481481481481 0.5885416666666666 0.6875
0 0.81640625 0.5467592592592593 0.82109375 0.55 0.8231770833333333 0.5555555555555556 0.82578125 0.5884259259259259 0.8255208333333334 0.6476851851851851 0.8234375 0.6541666666666667 0.8171875 0.6578703703703703 0.8041666666666667 0.6569444444444444 0.7989583333333333 0.6504629629629629 0.79765625 0.5685185185185185 0.7981770833333334 0.5537037037037037 0.8005208333333333 0.5476851851851852 0.8161458333333333 0.5467592592592593
0 0.7010416666666667 0.24675925925925926 0.7088541666666667 0.25092592592592594 0.7119791666666667 0.26157407407407407 0.7114583333333333 0.3425925925925926 0.71015625 0.3486111111111111 0.70390625 0.35138888888888886 0.6890625 0.34953703703703703 0.6869791666666667 0.34120370370370373 0.68671875 0.2550925925925926 0.6908854166666667 0.24814814814814815 0.70078125 0.24675925925925926
0 0.6544270833333333 0.6907407407407408 0.6690104166666667 0.6925925925925925 0.6739583333333333 0.6995370370370371 0.675 0.7240740740740741 0.67265625 0.7856481481481481 0.6690104166666667 0.7981481481481482 0.6614583333333334 0.8055555555555556 0.6473958333333333 0.8009259259259259 0.6442708333333333 0.7837962962962963 0.64609375 0.7060185185185185 0.64765625 0.6962962962962963 0.6541666666666667 0.6907407407407408
0 0.06510416666666667 0.12314814814814815 0.07578125 0.1287037037037037 0.07734375 0.13935185185185187 0.07005208333333333 0.17685185185185184 0.0671875 0.21388888888888888 0.06302083333333333 0.22407407407407406 0.05807291666666667 0.22777777777777777 0.0453125 0.22083333333333333 0.043229166666666666 0.2175925925925926 0.04244791666666667 0.2074074074074074 0.04791666666666667 0.1675925925925926 0.05546875 0.13148148148148148 0.057291666666666664 0.12546296296296297 0.06484375 0.12314814814814815
0 0.70625 0.5532407407407407 0.71171875 0.5560185185185185 0.7135416666666666 0.5606481481481481 0.71484375 0.6083333333333333 0.7138020833333333 0.6199074074074075 0.7067708333333333 0.6212962962962963 0.6924479166666667 0.6208333333333333 0.6903645833333333 0.6162037037037037 0.6916666666666667 0.6 0.6908854166666667 0.5574074074074075 0.6955729166666667 0.5537037037037037 0.7059895833333333 0.5532407407407407
0 0.7752604166666667 0.6782407407407407 0.7869791666666667 0.6814814814814815 0.790625 0.6986111111111111 0.7921875 0.7814814814814814 0.78984375 0.7930555555555555 0.7809895833333333 0.8013888888888889 0.76875 0.7976851851851852 0.7643229166666666 0.7898148148148149 0.7627604166666667 0.6981481481481482 0.765625 0.6810185185185185 0.775 0.6782407407407407
0 0.8169270833333333 0.23472222222222222 0.821875 0.23935185185185184 0.8244791666666667 0.2550925925925926 0.8252604166666667 0.3138888888888889 0.82265625 0.32037037037037036 0.8151041666666666 0.32314814814814813 0.8052083333333333 0.32175925925925924 0.8015625 0.3162037037037037 0.8015625 0.27685185185185185 0.79921875 0.25324074074074077 0.8 0.2439814814814815 0.8036458333333333 0.23657407407407408 0.8166666666666667 0.23472222222222222
0 0.8994791666666667 0.2537037037037037 0.9046875 0.2564814814814815 0.9080729166666667 0.2625 0.9106770833333333 0.2828703703703704 0.9138020833333333 0.29305555555555557 0.9119791666666667 0.3023148148148148 0.9125 0.35694444444444445 0.9075520833333334 0.3648148148148148 0.8994791666666667 0.36666666666666664 0.8869791666666667 0.36435185185185187 0.8817708333333333 0.35462962962962963 0.8833333333333333 0.32222222222222224 0.8822916666666667 0.29305555555555557 0.8786458333333333 0.28055555555555556 0.8822916666666667 0.2638888888888889 0.8869791666666667 0.25555555555555554 0.89921875 0.2537037037037037
0 0.8109375 0.6833333333333333 0.8216145833333334 0.6865740740740741 0.8255208333333334 0.6976851851851852 0.82578125 0.7824074074074074 0.8234375 0.7907407407407407 0.8151041666666666 0.7949074074074074 0.8026041666666667 0.7912037037037037 0.7997395833333333 0.7856481481481481 0.79921875 0.7768518518518519 0.8 0.7472222222222222 0.7981770833333334 0.6958333333333333 0.8028645833333333 0.6856481481481481 0.8106770833333333 0.6833333333333333