0 0.88984375 0.11944444444444445 0.8942708333333333 0.12268518518518519 0.89609375 0.1300925925925926 0.8984375 0.21851851851851853 0.8953125 0.23194444444444445 0.8859375 0.23657407407407408 0.8752604166666667 0.2351851851851852 0.8700520833333333 0.22361111111111112 0.8697916666666666 0.17175925925925925 0.8677083333333333 0.14953703703703702 0.8731770833333333 0.12222222222222222 0.8791666666666667 0.11898148148148148 0.8895833333333333 0.11944444444444445
0 0.8111979166666666 0.09814814814814815 0.8192708333333333 0.10555555555555556 0.82265625 0.1300925925925926 0.8229166666666666 0.17314814814814813 0.8213541666666667 0.18935185185185185 0.81796875 0.1962962962962963 0.8122395833333333 0.19953703703703704 0.8036458333333333 0.1986111111111111 0.79609375 0.19166666666666668 0.7971354166666667 0.15416666666666667 0.7942708333333334 0.12314814814814815 0.7955729166666666 0.1125 0.8002604166666667 0.10138888888888889 0.8109375 0.09814814814814815
0 0.6236979166666666 0.6782407407407407 0.6299479166666667 0.6819444444444445 0.6338541666666667 0.6912037037037037 0.6359375 0.7481481481481481 0.6338541666666667 0.7958333333333333 0.6302083333333334 0.8046296296296296 0.6252604166666667 0.8078703703703703 0.609375 0.8055555555555556 0.6044270833333333 0.7930555555555555 0.6065104166666667 0.7523148148148148 0.6052083333333333 0.7407407407407407 0.6083333333333333 0.6925925925925925 0.6122395833333333 0.6810185185185185 0.6234375 0.6782407407407407
0 0.7447916666666666 0.2513888888888889 0.74921875 0.25787037037037036 0.7518229166666667 0.2722222222222222 0.7533854166666667 0.34444444444444444 0.7518229166666667 0.35 0.74453125 0.3541666666666667 0.7341145833333333 0.3541666666666667 0.72890625 0.34814814814814815 0.725 0.26990740740740743 0.7268229166666667 0.25833333333333336 0.7307291666666667 0.2518518518518518 0.7372395833333333 0.2490740740740741 0.74453125 0.2513888888888889
0 0.8861979166666667 0 0.9518229166666666 0 0.946875 0.022222222222222223 0.93984375 0.027777777777777776 0.9286458333333333 0.026851851851851852 0.9171875 0.01712962962962963 0.8973958333333333 0.006944444444444444 0.8875 0.005092592592592593 0.8861979166666667 0.000462962962962963
0 0.85234375 0.12916666666666668 0.8575520833333333 0.1337962962962963 0.8591145833333333 0.1439814814814815 0.8596354166666667 0.20277777777777778 0.8567708333333334 0.22314814814814815 0.8463541666666666 0.22824074074074074 0.83515625 0.22592592592592592 0.8325520833333333 0.21805555555555556 0.8328125 0.14351851851851852 0.8338541666666667 0.13425925925925927 0.8361979166666667 0.1300925925925926 0.8520833333333333 0.12916666666666668
0 0.7109375 0.5537037037037037 0.7135416666666666 0.5615740740740741 0.7145833333333333 0.5875 0.7143229166666667 0.6162037037037037 0.71171875 0.6194444444444445 0.6927083333333334 0.6194444444444445 0.6901041666666666 0.6143518518518518 0.6908854166666667 0.5555555555555556 0.6973958333333333 0.5518518518518518 0.7106770833333333 0.5537037037037037
0 0.8588541666666667 0.6865740740740741 0.8669270833333333 0.6912037037037037 0.8713541666666667 0.7060185185185185 0.8729166666666667 0.7939814814814815 0.8703125 0.8037037037037037 0.8630208333333333 0.8064814814814815 0.8479166666666667 0.8023148148148148 0.84375 0.7837962962962963 0.8442708333333333 0.7537037037037037 0.8419270833333333 0.7018518518518518 0.84765625 0.6888888888888889 0.85859375 0.6865740740740741
0 0.8557291666666667 0.24444444444444444 0.8604166666666667 0.25 0.8645833333333334 0.27546296296296297 0.8661458333333333 0.3282407407407407 0.8627604166666667 0.3472222222222222 0.85 0.34953703703703703 0.8416666666666667 0.3472222222222222 0.8388020833333333 0.3388888888888889 0.834375 0.25787037037037036 0.8372395833333334 0.24814814814814815 0.8411458333333334 0.2439814814814815 0.85546875 0.24444444444444444
0 0.7385416666666667 0.6875 0.7434895833333334 0.6916666666666667 0.74609375 0.7 0.7494791666666667 0.7652777777777777 0.7481770833333333 0.7810185185185186 0.7393229166666667 0.7856481481481481 0.7270833333333333 0.7847222222222222 0.7236979166666667 0.7796296296296297 0.71953125 0.7097222222222223 0.71953125 0.6962962962962963 0.7216145833333333 0.6921296296296297 0.7270833333333333 0.6884259259259259 0.73828125 0.6875
0 0.66328125 0.9555555555555556 0.6705729166666666 0.9712962962962963 0.6708333333333333 0.999537037037037 0.6440104166666667 0.999537037037037 0.6427083333333333 0.9949074074074075 0.6432291666666666 0.9722222222222222 0.6458333333333334 0.9601851851851851 0.6544270833333333 0.9537037037037037 0.6630208333333333 0.9555555555555556
0 0.0234375 0.37546296296296294 0.03411458333333333 0.37962962962962965 0.03671875 0.39861111111111114 0.030729166666666665 0.4287037037037037 0.028385416666666666 0.45231481481481484 0.028645833333333332 0.47314814814814815 0.019270833333333334 0.4837962962962963 0.005989583333333334 0.4773148148148148 0.0036458333333333334 0.4708333333333333 0.0036458333333333334 0.4601851851851852 0.00859375 0.41064814814814815 0.014322916666666666 0.3800925925925926 0.0171875 0.37592592592592594 0.023177083333333334 0.37546296296296294
0 0.6255208333333333 0.09953703703703703 0.63046875 0.10185185185185185 0.6348958333333333 0.1087962962962963 0.6377604166666667 0.15046296296296297 0.6354166666666666 0.20324074074074075 0.6309895833333333 0.2111111111111111 0.6236979166666666 0.21388888888888888 0.6151041666666667 0.21203703703703702 0.6106770833333334 0.2037037037037037 0.6106770833333334 0.11944444444444445 0.6135416666666667 0.10555555555555556 0.6190104166666667 0.10046296296296296 0.6252604166666667 0.09953703703703703
0 0.62109375 0.5365740740740741 0.6296875 0.5398148148148149 0.6315104166666666 0.5467592592592593 0.63515625 0.6342592592592593 0.6341145833333334 0.6435185185185185 0.63046875 0.6523148148148148 0.6203125 0.6560185185185186 0.6111979166666667 0.6541666666666667 0.6065104166666667 0.6407407407407407 0.6041666666666666 0.5560185185185185 0.60546875 0.5430555555555555 0.6075520833333333 0.5393518518518519 0.6208333333333333 0.5365740740740741
0 0.8588541666666667 0.5486111111111112 0.8669270833333333 0.5537037037037037 0.8690104166666667 0.5675925925925925 0.8651041666666667 0.6611111111111111 0.8627604166666667 0.6666666666666666 0.8565104166666667 0.6712962962962963 0.8408854166666667 0.6662037037037037 0.83828125 0.6601851851851852 0.8375 0.6425925925925926 0.8432291666666667 0.5574074074074075 0.8486979166666667 0.5486111111111112 0.85859375 0.5486111111111112
0 0.7794270833333333 0.2300925925925926 0.7875 0.23796296296296296 0.7903645833333334 0.25046296296296294 0.78984375 0.3314814814814815 0.7872395833333333 0.3398148148148148 0.7809895833333333 0.3421296296296296 0.76875 0.3402777777777778 0.7651041666666667 0.3347222222222222 0.7627604166666667 0.2967592592592593 0.7638020833333333 0.24212962962962964 0.7690104166666667 0.2324074074074074 0.7791666666666667 0.2300925925925926
0 0.665625 0.11712962962962963 0.6731770833333334 0.12222222222222222 0.6752604166666667 0.13657407407407407 0.6744791666666666 0.21296296296296297 0.67109375 0.22407407407407406 0.6619791666666667 0.23194444444444445 0.6502604166666667 0.2273148148148148 0.6466145833333333 0.2199074074074074 0.6458333333333334 0.20925925925925926 0.6505208333333333 0.12638888888888888 0.6549479166666666 0.11851851851851852 0.6653645833333334 0.11712962962962963
0 0.5921875 0.1162037037037037 0.5973958333333333 0.11898148148148148 0.6005208333333333 0.1259259259259259 0.5997395833333333 0.19675925925925927 0.5973958333333333 0.21712962962962962 0.5942708333333333 0.22361111111111112 0.5888020833333333 0.22777777777777777 0.5815104166666667 0.2273148148148148 0.5744791666666667 0.22037037037037038 0.5723958333333333 0.2101851851851852 0.5723958333333333 0.1962962962962963 0.5752604166666667 0.12314814814814815 0.5768229166666666 0.11898148148148148 0.5817708333333333 0.1162037037037037 0.5919270833333333 0.1162037037037037
0 0.37473958333333335 0.5958333333333333 0.37994791666666666 0.600462962962963 0.3809895833333333 0.6074074074074074 0.3796875 0.6763888888888889 0.3765625 0.6921296296296297 0.37057291666666664 0.6976851851851852 0.35911458333333335 0.6935185185185185 0.35546875 0.6861111111111111 0.35520833333333335 0.6310185185185185 0.35833333333333334 0.5990740740740741 0.36276041666666664 0.5953703703703703 0.37447916666666664 0.5958333333333333
0 0.9330729166666667 0.5458333333333333 0.9401041666666666 0.549537037037037 0.9440104166666666 0.5574074074074075 0.94765625 0.5967592592592592 0.9473958333333333 0.6564814814814814 0.9432291666666667 0.6680555555555555 0.9356770833333333 0.6708333333333333 0.9252604166666667 0.6685185185185185 0.9205729166666666 0.6606481481481481 0.915625 0.5726851851851852 0.9158854166666667 0.5597222222222222 0.9184895833333333 0.5504629629629629 0.9234375 0.5467592592592593 0.9328125 0.5458333333333333
0 0.5841145833333333 0.6842592592592592 0.5932291666666667 0.6888888888888889 0.59609375 0.6958333333333333 0.5971354166666667 0.7148148148148148 0.5950520833333334 0.7356481481481482 0.5963541666666666 0.7620370370370371 0.5916666666666667 0.8037037037037037 0.5890625 0.8087962962962963 0.5815104166666667 0.812962962962963 0.57109375 0.8111111111111111 0.5666666666666667 0.8032407407407407 0.5661458333333333 0.7851851851851852 0.56796875 0.7791666666666667 0.5666666666666667 0.7439814814814815 0.5700520833333333 0.6925925925925925 0.5744791666666667 0.6851851851851852 0.5838541666666667 0.6842592592592592
0 0.8958333333333334 0.3972222222222222 0.91875 0.4060185185185185 0.9453125 0.4217592592592593 0.946875 0.42777777777777776 0.94609375 0.44722222222222224 0.9424479166666667 0.45925925925925926 0.9393229166666667 0.4625 0.9072916666666667 0.4532407407407407 0.8830729166666667 0.4393518518518518 0.88125 0.4236111111111111 0.88359375 0.4064814814814815 0.8872395833333333 0.399537037037037 0.8955729166666667 0.3972222222222222
0 0.6971354166666667 0.6768518518518518 0.7078125 0.6814814814814815 0.71171875 0.6967592592592593 0.7109375 0.7898148148148149 0.7098958333333333 0.7935185185185185 0.7041666666666667 0.7962962962962963 0.68515625 0.7944444444444444 0.6815104166666667 0.7856481481481481 0.6846354166666667 0.687962962962963 0.6880208333333333 0.6791666666666667 0.696875 0.6768518518518518
0 0.54453125 0.6712962962962963 0.5536458333333333 0.6791666666666667 0.5552083333333333 0.7268518518518519 0.5541666666666667 0.7763888888888889 0.55 0.7861111111111111 0.54453125 0.7898148148148149 0.5364583333333334 0.7893518518518519 0.5302083333333333 0.7847222222222222 0.5276041666666667 0.7754629629629629 0.5260416666666666 0.7550925925925925 0.5270833333333333 0.6819444444444445 0.5325520833333334 0.6731481481481482 0.5442708333333334 0.6712962962962963
0 0.6307291666666667 0.2337962962962963 0.6364583333333333 0.24074074074074073 0.63828125 0.2518518518518518 0.6380208333333334 0.3351851851851852 0.6338541666666667 0.34305555555555556 0.625 0.3453703703703704 0.6158854166666666 0.3435185185185185 0.6122395833333333 0.3347222222222222 0.6109375 0.24675925925925926 0.6125 0.2388888888888889 0.6161458333333333 0.23472222222222222 0.63046875 0.2337962962962963
0 0.7046875 0.11898148148148148 0.7088541666666667 0.12268518518518519 0.71015625 0.12962962962962962 0.71015625 0.20601851851851852 0.70625 0.21435185185185185 0.6971354166666667 0.21666666666666667 0.6888020833333334 0.21481481481481482 0.6854166666666667 0.2074074074074074 0.6864583333333333 0.12638888888888888 0.6880208333333333 0.12175925925925926 0.6921875 0.11898148148148148 0.7044270833333334 0.11898148148148148
0 0.58984375 0.23657407407407408 0.5986979166666667 0.23935185185185184 0.6 0.24537037037037038 0.6018229166666667 0.3402777777777778 0.6005208333333333 0.35138888888888886 0.5966145833333333 0.3597222222222222 0.58203125 0.362962962962963 0.578125 0.36018518518518516 0.5731770833333333 0.3476851851851852 0.5747395833333333 0.2564814814814815 0.57734375 0.24027777777777778 0.5895833333333333 0.23657407407407408
0 0.6638020833333333 0.2611111111111111 0.6692708333333334 0.2638888888888889 0.671875 0.2689814814814815 0.6729166666666667 0.29398148148148145 0.67109375 0.30648148148148147 0.67109375 0.3439814814814815 0.6627604166666666 0.3490740740740741 0.6489583333333333 0.34675925925925927 0.6463541666666667 0.3375 0.6479166666666667 0.32083333333333336 0.64765625 0.26851851851851855 0.6518229166666667 0.26157407407407407 0.6635416666666667 0.2611111111111111
0 0.8536458333333333 0.4726851851851852 0.8864583333333333 0.47638888888888886 0.8934895833333333 0.48194444444444445 0.8963541666666667 0.4912037037037037 0.8953125 0.512962962962963 0.89375 0.5189814814814815 0.8875 0.5226851851851851 0.83515625 0.5171296296296296 0.83125 0.5023148148148148 0.8328125 0.48055555555555557 0.8385416666666666 0.47314814814814815 0.8533854166666667 0.4726851851851852
0 0.79296875 0.39861111111111114 0.8229166666666666 0.4023148148148148 0.8385416666666666 0.4078703703703704 0.8419270833333333 0.4166666666666667 0.8419270833333333 0.44212962962962965 0.8385416666666666 0.4486111111111111 0.8322916666666667 0.4513888888888889 0.7846354166666667 0.44675925925925924 0.77578125 0.44212962962962965 0.77265625 0.4356481481481482 0.7716145833333333 0.42685185185185187 0.7723958333333333 0.4125 0.775 0.4046296296296296 0.78203125 0.39814814814814814 0.7927083333333333 0.39861111111111114
0 0.7791666666666667 0.11435185185185186 0.7830729166666667 0.11805555555555555 0.7838541666666666 0.12314814814814815 0.7861979166666667 0.1925925925925926 0.78359375 0.21157407407407408 0.7731770833333333 0.21851851851851853 0.7671875 0.2162037037037037 0.759375 0.20277777777777778 0.7572916666666667 0.12916666666666668 0.75859375 0.12083333333333333 0.7625 0.11527777777777778 0.77890625 0.11435185185185186
0 0.5502604166666667 0.5296296296296297 0.5583333333333333 0.5328703703703703 0.5596354166666667 0.538425925925926 0.5583333333333333 0.6365740740740741 0.5557291666666667 0.6439814814814815 0.5505208333333333 0.6476851851851851 0.5361979166666667 0.6449074074074074 0.5328125 0.6402777777777777 0.5317708333333333 0.6319444444444444 0.5341145833333333 0.5967592592592592 0.5346354166666667 0.5342592592592592 0.5393229166666667 0.5296296296296297 0.55 0.5296296296296297
0 0.896875 0.5560185185185185 0.9026041666666667 0.5601851851851852 0.9052083333333333 0.5662037037037037 0.9072916666666667 0.6199074074074075 0.9046875 0.6532407407407408 0.9015625 0.6625 0.8958333333333334 0.6643518518518519 0.8869791666666667 0.6638888888888889 0.8799479166666667 0.6578703703703703 0.8776041666666666 0.611574074074074 0.8794270833333333 0.5601851851851852 0.8861979166666667 0.5560185185185185 0.8966145833333333 0.5560185185185185
0 0.9643229166666667 0.12037037037037036 0.9716145833333333 0.12546296296296297 0.9747395833333333 0.13425925925925927 0.9763020833333333 0.19907407407407407 0.9744791666666667 0.2222222222222222 0.96484375 0.2310185185185185 0.9559895833333333 0.22916666666666666 0.94921875 0.2199074074074074 0.94609375 0.1597222222222222 0.94609375 0.13935185185185187 0.94921875 0.12638888888888888 0.95625 0.11990740740740741 0.9640625 0.12037037037037036
0 0.7450520833333333 0.5342592592592592 0.7502604166666667 0.5402777777777777 0.7502604166666667 0.6236111111111111 0.74765625 0.6337962962962963 0.73828125 0.638425925925926 0.7299479166666667 0.6370370370370371 0.7247395833333333 0.6296296296296297 0.7252604166666666 0.5398148148148149 0.72734375 0.5351851851851852 0.7333333333333333 0.5328703703703703 0.7447916666666666 0.5342592592592592
0 0.9653645833333333 0.24444444444444444 0.97421875 0.25416666666666665 0.97734375 0.28425925925925927 0.975 0.3439814814814815 0.9716145833333333 0.3527777777777778 0.9643229166666667 0.3574074074074074 0.9528645833333333 0.35509259259259257 0.9450520833333333 0.3453703703703704 0.9440104166666666 0.3347222222222222 0.94609375 0.28379629629629627 0.9442708333333333 0.2671296296296296 0.94609375 0.2569444444444444 0.9505208333333334 0.24768518518518517 0.95625 0.2439814814814815 0.9651041666666667 0.24444444444444444
0 0.7760416666666666 0.5453703703703704 0.78671875 0.5518518518518518 0.78984375 0.575 0.78984375 0.6430555555555556 0.7869791666666667 0.6504629629629629 0.7796875 0.6532407407407408 0.7684895833333333 0.6509259259259259 0.7638020833333333 0.6370370370370371 0.7619791666666667 0.5564814814814815 0.765625 0.5486111111111112 0.77578125 0.5453703703703704
0 0.7002604166666667 0.24537037037037038 0.70703125 0.24768518518518517 0.7109375 0.25416666666666665 0.71328125 0.3037037037037037 0.7111979166666667 0.3449074074074074 0.7033854166666667 0.3509259259259259 0.6901041666666666 0.3490740740740741 0.6869791666666667 0.3398148148148148 0.6856770833333333 0.2587962962962963 0.6890625 0.24814814814814815 0.7 0.24537037037037038
0 0.6611979166666667 0.6902777777777778 0.66875 0.6912037037037037 0.6731770833333334 0.6953703703703704 0.67421875 0.7222222222222222 0.6721354166666667 0.7865740740740741 0.66796875 0.8004629629629629 0.6619791666666667 0.8041666666666667 0.64765625 0.8 0.6434895833333333 0.7791666666666667 0.6466145833333333 0.6990740740740741 0.65078125 0.6898148148148148 0.6609375 0.6902777777777778
0 0.7830729166666667 0.6773148148148148 0.7880208333333333 0.6819444444444445 0.7903645833333334 0.6990740740740741 0.7919270833333333 0.7731481481481481 0.78984375 0.7898148148148149 0.78671875 0.7962962962962963 0.7799479166666666 0.799537037037037 0.7690104166666667 0.7967592592592593 0.7643229166666666 0.7888888888888889 0.7619791666666667 0.6986111111111111 0.7653645833333333 0.6791666666666667 0.7828125 0.6773148148148148
0 0.8145833333333333 0.5444444444444444 0.8213541666666667 0.549074074074074 0.8236979166666667 0.5578703703703703 0.82578125 0.5851851851851851 0.82578125 0.6208333333333333 0.8247395833333333 0.649537037037037 0.8208333333333333 0.6546296296296297 0.8140625 0.6564814814814814 0.803125 0.6550925925925926 0.7989583333333333 0.6486111111111111 0.79921875 0.5976851851851852 0.7971354166666667 0.5601851851851852 0.8005208333333333 0.5462962962962963 0.8143229166666667 0.5444444444444444
0 0.81875 0.2337962962962963 0.82265625 0.24074074074074073 0.82578125 0.2861111111111111 0.825 0.3143518518518518 0.8174479166666667 0.32175925925925924 0.8067708333333333 0.3212962962962963 0.80078125 0.3143518518518518 0.8015625 0.2898148148148148 0.7994791666666666 0.25462962962962965 0.8005208333333333 0.24166666666666667 0.8033854166666666 0.2351851851851852 0.8184895833333333 0.2337962962962963
0 0.8994791666666667 0.2523148148148148 0.9046875 0.2550925925925926 0.9080729166666667 0.26157407407407407 0.9138020833333333 0.29444444444444445 0.9109375 0.3 0.9130208333333333 0.324537037037037 0.91171875 0.3574074074074074 0.9072916666666667 0.362962962962963 0.8989583333333333 0.36527777777777776 0.8869791666666667 0.362962962962963 0.8809895833333333 0.3523148148148148 0.8807291666666667 0.3435185185185185 0.8830729166666667 0.33240740740740743 0.8828125 0.30462962962962964 0.88203125 0.2898148148148148 0.8783854166666667 0.27870370370370373 0.8802083333333334 0.26851851851851855 0.8859375 0.2550925925925926 0.89921875 0.2523148148148148
0 0.8145833333333333 0.6819444444444445 0.8239583333333333 0.6888888888888889 0.8263020833333333 0.7097222222222223 0.8255208333333334 0.7805555555555556 0.821875 0.7902777777777777 0.8151041666666666 0.7939814814814815 0.8036458333333333 0.7907407407407407 0.7994791666666666 0.7819444444444444 0.7984375 0.7606481481481482 0.8015625 0.7481481481481481 0.7979166666666667 0.7 0.7981770833333334 0.6935185185185185 0.8020833333333334 0.6847222222222222 0.8143229166666667 0.6819444444444445