0 0.8958333333333334 0.11712962962962963 0.8979166666666667 0.12222222222222222 0.90078125 0.15046296296296297 0.9005208333333333 0.21342592592592594 0.89765625 0.2263888888888889 0.8888020833333333 0.23148148148148148 0.8791666666666667 0.2310185185185185 0.8723958333333334 0.22175925925925927 0.8700520833333333 0.1398148148148148 0.8729166666666667 0.12361111111111112 0.8760416666666667 0.11712962962962963 0.8822916666666667 0.11435185185185186 0.8955729166666667 0.11712962962962963
0 0.6651041666666667 0.6865740740740741 0.67265625 0.6893518518518519 0.6760416666666667 0.6972222222222222 0.6768229166666667 0.7662037037037037 0.671875 0.7935185185185185 0.6684895833333333 0.7981481481481482 0.6611979166666667 0.8009259259259259 0.65078125 0.7986111111111112 0.6466145833333333 0.7907407407407407 0.646875 0.725925925925926 0.6479166666666667 0.7018518518518518 0.6505208333333333 0.687962962962963 0.6544270833333333 0.6851851851851852 0.66484375 0.6865740740740741
0 0.8125 0.09305555555555556 0.8177083333333334 0.09537037037037037 0.82265625 0.10555555555555556 0.8255208333333334 0.14953703703703702 0.8223958333333333 0.1884259259259259 0.8153645833333333 0.19490740740740742 0.8002604166666667 0.19166666666666668 0.7971354166666667 0.17916666666666667 0.7986979166666667 0.16111111111111112 0.7966145833333333 0.1125 0.80234375 0.09675925925925925 0.8122395833333333 0.09305555555555556
0 0.6270833333333333 0.6754629629629629 0.63359375 0.6796296296296296 0.6359375 0.6861111111111111 0.6361979166666667 0.7032407407407407 0.6377604166666667 0.7064814814814815 0.6380208333333334 0.7574074074074074 0.63671875 0.7842592592592592 0.6341145833333334 0.7976851851851852 0.6299479166666667 0.8032407407407407 0.6236979166666666 0.8050925925925926 0.6135416666666667 0.8037037037037037 0.6072916666666667 0.7967592592592593 0.60625 0.7921296296296296 0.6083333333333333 0.7638888888888888 0.60703125 0.7476851851851852 0.6104166666666667 0.6856481481481481 0.6153645833333333 0.6763888888888889 0.6268229166666667 0.6754629629629629
0 0.7174479166666666 0.36898148148148147 0.75234375 0.3731481481481482 0.7627604166666667 0.37777777777777777 0.765625 0.3921296296296296 0.76484375 0.4083333333333333 0.76171875 0.41805555555555557 0.7567708333333333 0.4203703703703704 0.70546875 0.4148148148148148 0.7028645833333333 0.41064814814814815 0.7018229166666666 0.4009259259259259 0.703125 0.37777777777777777 0.7098958333333333 0.37037037037037035 0.7171875 0.36898148148148147
0 0.8598958333333333 0.9875 0.8661458333333333 0.9907407407407407 0.86953125 0.999537037037037 0.8421875 0.999537037037037 0.8450520833333334 0.9907407407407407 0.8484375 0.9875 0.8596354166666667 0.9875
0 0.7427083333333333 0.2449074074074074 0.7481770833333333 0.24768518518518517 0.75234375 0.25787037037037036 0.7552083333333334 0.3212962962962963 0.7541666666666667 0.3458333333333333 0.7440104166666667 0.350462962962963 0.7341145833333333 0.35 0.73046875 0.3439814814814815 0.7268229166666667 0.27175925925925926 0.7270833333333333 0.26064814814814813 0.7309895833333333 0.25 0.7424479166666667 0.2449074074074074
0 0.9643229166666667 0.11435185185185186 0.9731770833333333 0.11944444444444445 0.97734375 0.1287037037037037 0.9786458333333333 0.2050925925925926 0.97734375 0.21712962962962962 0.9752604166666666 0.22083333333333333 0.9661458333333334 0.22592592592592592 0.9557291666666666 0.22314814814814815 0.9518229166666666 0.2175925925925926 0.94921875 0.20787037037037037 0.9489583333333333 0.12962962962962962 0.9528645833333333 0.11851851851851852 0.9640625 0.11435185185185186
0 0.8182291666666667 0.5412037037037037 0.821875 0.5430555555555555 0.82578125 0.5546296296296296 0.828125 0.5949074074074074 0.8278645833333333 0.6398148148148148 0.8252604166666667 0.649537037037037 0.8190104166666666 0.6527777777777778 0.8036458333333333 0.6509259259259259 0.8002604166666667 0.6435185185185185 0.8013020833333333 0.6087962962962963 0.7989583333333333 0.5689814814814815 0.79921875 0.5527777777777778 0.80234375 0.5430555555555555 0.81796875 0.5412037037037037
0 0.8609375 0.6828703703703703 0.86953125 0.687037037037037 0.8734375 0.7050925925925926 0.875 0.7907407407407407 0.8729166666666667 0.7986111111111112 0.8666666666666667 0.8023148148148148 0.8510416666666667 0.8004629629629629 0.84453125 0.7833333333333333 0.846875 0.737037037037037 0.8440104166666667 0.6972222222222222 0.85078125 0.6842592592592592 0.8606770833333334 0.6828703703703703
0 0.6283854166666667 0.5347222222222222 0.6322916666666667 0.5393518518518519 0.63359375 0.5467592592592593 0.6369791666666667 0.6333333333333333 0.6328125 0.6476851851851851 0.6247395833333333 0.6523148148148148 0.6140625 0.6509259259259259 0.6088541666666667 0.6421296296296296 0.60546875 0.5550925925925926 0.6059895833333333 0.5435185185185185 0.6088541666666667 0.5361111111111111 0.628125 0.5347222222222222
0 0.6677083333333333 0.1125 0.6739583333333333 0.11574074074074074 0.6765625 0.12546296296296297 0.6778645833333333 0.1449074074074074 0.6763020833333333 0.19814814814814816 0.6768229166666667 0.2101851851851852 0.67890625 0.21388888888888888 0.6760416666666667 0.22083333333333333 0.6619791666666667 0.22777777777777777 0.6541666666666667 0.22546296296296298 0.64921875 0.2199074074074074 0.64765625 0.1986111111111111 0.6518229166666667 0.12407407407407407 0.65703125 0.11388888888888889 0.6674479166666667 0.1125
0 0.784375 0.5435185185185185 0.78828125 0.5476851851851852 0.7908854166666667 0.5606481481481481 0.7924479166666667 0.6314814814814815 0.78984375 0.6453703703703704 0.7802083333333333 0.649537037037037 0.77109375 0.6476851851851851 0.765625 0.6342592592592593 0.765625 0.5884259259259259 0.7635416666666667 0.5587962962962963 0.7651041666666667 0.549537037037037 0.7690104166666667 0.5444444444444444 0.7841145833333333 0.5435185185185185
0 0.5971354166666667 0.11296296296296296 0.6002604166666666 0.1162037037037037 0.6015625 0.12222222222222222 0.6013020833333333 0.19768518518518519 0.5989583333333334 0.21435185185185185 0.5916666666666667 0.22361111111111112 0.5815104166666667 0.22268518518518518 0.5744791666666667 0.2111111111111111 0.5765625 0.11851851851851852 0.5778645833333333 0.11481481481481481 0.584375 0.11157407407407408 0.596875 0.11296296296296296
0 0.017708333333333333 0.7986111111111112 0.026302083333333334 0.8050925925925926 0.02890625 0.8152777777777778 0.024739583333333332 0.8560185185185185 0.021354166666666667 0.8625 0.023177083333333334 0.8671296296296296 0.020052083333333335 0.8925925925925926 0.01796875 0.8981481481481481 0.013020833333333334 0.9004629629629629 0 0.899074074074074 0 0.8680555555555556 0.00390625 0.8662037037037037 0 0.8601851851851852 0 0.8152777777777778 0.0018229166666666667 0.8148148148148148 0.0046875 0.8018518518518518 0.017447916666666667 0.7986111111111112
0 0.590625 0.2324074074074074 0.60078125 0.23703703703703705 0.6033854166666667 0.2726851851851852 0.60234375 0.3458333333333333 0.59921875 0.35462962962962963 0.59140625 0.3587962962962963 0.58203125 0.3578703703703704 0.5768229166666666 0.3509259259259259 0.575 0.3453703703703704 0.5744791666666667 0.32592592592592595 0.5770833333333333 0.2412037037037037 0.5791666666666667 0.23564814814814813 0.5903645833333333 0.2324074074074074
0 0.9356770833333333 0.5412037037037037 0.9427083333333334 0.5458333333333333 0.9471354166666667 0.5578703703703703 0.9497395833333333 0.5842592592592593 0.95 0.6513888888888889 0.94609375 0.6652777777777777 0.9322916666666666 0.6671296296296296 0.9247395833333333 0.6625 0.9216145833333333 0.6513888888888889 0.91796875 0.5569444444444445 0.91875 0.55 0.9213541666666667 0.5458333333333333 0.9354166666666667 0.5412037037037037
0 0.5888020833333333 0.6819444444444445 0.59609375 0.687962962962963 0.5979166666666667 0.7032407407407407 0.59453125 0.7574074074074074 0.5942708333333333 0.7958333333333333 0.5919270833333333 0.8037037037037037 0.5854166666666667 0.8092592592592592 0.5713541666666667 0.8055555555555556 0.5682291666666667 0.7967592592592593 0.5677083333333334 0.7819444444444444 0.56953125 0.7731481481481481 0.56875 0.7574074074074074 0.5721354166666667 0.6888888888888889 0.5768229166666666 0.6819444444444445 0.5885416666666666 0.6819444444444445
0 0.7013020833333333 0.674074074074074 0.7109375 0.6800925925925926 0.7135416666666666 0.6944444444444444 0.7127604166666667 0.7861111111111111 0.7111979166666667 0.7912037037037037 0.7065104166666667 0.7939814814814815 0.6880208333333333 0.7907407407407407 0.68359375 0.7828703703703703 0.6864583333333333 0.6847222222222222 0.690625 0.675 0.7010416666666667 0.674074074074074
0 0.74375 0.6861111111111111 0.746875 0.6925925925925925 0.74921875 0.7083333333333334 0.7515625 0.7708333333333334 0.7489583333333333 0.7791666666666667 0.7416666666666667 0.7824074074074074 0.7309895833333333 0.7819444444444444 0.7268229166666667 0.7787037037037037 0.7229166666666667 0.7421296296296296 0.7216145833333333 0.6944444444444444 0.7236979166666667 0.6888888888888889 0.7291666666666666 0.6851851851851852 0.7434895833333334 0.6861111111111111
0 0.36640625 0.7166666666666667 0.36744791666666665 0.7212962962962963 0.3763020833333333 0.7282407407407407 0.378125 0.7347222222222223 0.3768229166666667 0.825462962962963 0.37395833333333334 0.8472222222222222 0.37109375 0.8495370370370371 0.35442708333333334 0.8486111111111111 0.35130208333333335 0.8453703703703703 0.34921875 0.8356481481481481 0.35390625 0.7351851851851852 0.35703125 0.7263888888888889 0.36484375 0.7240740740740741 0.36614583333333334 0.7171296296296297
0 0.5473958333333333 0.6685185185185185 0.5533854166666666 0.6726851851851852 0.5552083333333333 0.6787037037037037 0.5565104166666667 0.7597222222222222 0.5541666666666667 0.7791666666666667 0.54609375 0.7865740740740741 0.5348958333333333 0.7847222222222222 0.5294270833333333 0.775 0.5276041666666667 0.711574074074074 0.5294270833333333 0.675 0.5359375 0.6689814814814815 0.5471354166666667 0.6685185185185185
0 0.8580729166666666 0.12638888888888888 0.86015625 0.12962962962962962 0.8611979166666667 0.14027777777777778 0.8604166666666667 0.21296296296296297 0.8565104166666667 0.22175925925925927 0.8455729166666667 0.22407407407407406 0.8380208333333333 0.22175925925925927 0.8346354166666666 0.21574074074074073 0.8348958333333333 0.13287037037037036 0.8369791666666667 0.12638888888888888 0.8416666666666667 0.12407407407407407 0.8578125 0.12638888888888888
0 0.6697916666666667 0.25833333333333336 0.6736979166666667 0.2662037037037037 0.6747395833333333 0.2861111111111111 0.6729166666666667 0.3388888888888889 0.66953125 0.3439814814814815 0.6510416666666666 0.34305555555555556 0.64765625 0.33287037037037037 0.6494791666666667 0.3189814814814815 0.6502604166666667 0.262037037037037 0.6559895833333333 0.2569444444444444 0.66953125 0.25833333333333336
0 0.85234375 0.23796296296296296 0.8614583333333333 0.24351851851851852 0.8645833333333334 0.25046296296296294 0.86796875 0.31296296296296294 0.8661458333333333 0.3402777777777778 0.85234375 0.3458333333333333 0.84375 0.3435185185185185 0.8403645833333333 0.3337962962962963 0.83671875 0.25925925925925924 0.8372395833333334 0.24861111111111112 0.83984375 0.24305555555555555 0.8520833333333333 0.23796296296296296
0 0.5541666666666667 0.5268518518518519 0.5609375 0.5324074074074074 0.5606770833333333 0.6240740740740741 0.5580729166666667 0.6398148148148148 0.5502604166666667 0.6449074074074074 0.540625 0.6439814814814815 0.5341145833333333 0.6361111111111111 0.5356770833333333 0.5328703703703703 0.5403645833333334 0.5263888888888889 0.55390625 0.5268518518518519
0 0.6276041666666666 0.22916666666666666 0.6369791666666667 0.23333333333333334 0.640625 0.2523148148148148 0.6403645833333333 0.32916666666666666 0.6385416666666667 0.337037037037037 0.6302083333333334 0.34120370370370373 0.61640625 0.3384259259259259 0.6130208333333333 0.3212962962962963 0.6130208333333333 0.24166666666666667 0.6174479166666667 0.23148148148148148 0.62734375 0.22916666666666666
0 0.89453125 0.5509259259259259 0.90234375 0.5532407407407407 0.9072916666666667 0.5606481481481481 0.9096354166666667 0.6129629629629629 0.9080729166666667 0.649074074074074 0.9026041666666667 0.6587962962962963 0.8979166666666667 0.6606481481481481 0.8828125 0.6574074074074074 0.8799479166666667 0.6106481481481482 0.8809895833333333 0.5578703703703703 0.88359375 0.5532407407407407 0.8942708333333333 0.5509259259259259
0 0.9393229166666667 0.8273148148148148 0.9864583333333333 0.8518518518518519 0.9997395833333333 0.861574074074074 0.9997395833333333 0.8953703703703704 0.99296875 0.9023148148148148 0.98046875 0.9009259259259259 0.9276041666666667 0.8699074074074075 0.92421875 0.8592592592592593 0.9283854166666666 0.8351851851851851 0.93203125 0.8287037037037037 0.9390625 0.8273148148148148
0 0.6614583333333334 0.9643518518518519 0.665625 0.9666666666666667 0.67265625 0.9782407407407407 0.6747395833333333 0.9930555555555556 0.6739583333333333 0.999537037037037 0.6440104166666667 0.999537037037037 0.6455729166666667 0.9726851851851852 0.6513020833333333 0.9657407407407408 0.6611979166666667 0.9643518518518519
0 0.7794270833333333 0.2263888888888889 0.7859375 0.22916666666666666 0.7901041666666667 0.2351851851851852 0.7927083333333333 0.2513888888888889 0.7924479166666667 0.32222222222222224 0.7901041666666667 0.3333333333333333 0.7833333333333333 0.3384259259259259 0.7731770833333333 0.3375 0.7692708333333333 0.33425925925925926 0.7669270833333334 0.3282407407407407 0.7653645833333333 0.3125 0.7653645833333333 0.2375 0.7713541666666667 0.22824074074074074 0.7791666666666667 0.2263888888888889
0 0.7447916666666666 0.5296296296296297 0.7510416666666667 0.5361111111111111 0.75234375 0.5439814814814815 0.7526041666666666 0.6162037037037037 0.7497395833333333 0.6296296296296297 0.7421875 0.6347222222222222 0.73046875 0.6328703703703704 0.7265625 0.625 0.72734375 0.5388888888888889 0.7309895833333333 0.5310185185185186 0.74453125 0.5296296296296297
0 0.6276041666666666 0.09537037037037037 0.63359375 0.09861111111111111 0.6372395833333333 0.10740740740740741 0.6390625 0.15648148148148147 0.6375 0.1986111111111111 0.63515625 0.20416666666666666 0.6265625 0.20879629629629629 0.6161458333333333 0.20694444444444443 0.6122395833333333 0.19953703703703704 0.6114583333333333 0.15 0.6135416666666667 0.10555555555555556 0.6197916666666666 0.09675925925925925 0.62734375 0.09537037037037037
0 0.9682291666666667 0.24027777777777778 0.9747395833333333 0.2449074074074074 0.9778645833333334 0.2550925925925926 0.9786458333333333 0.32546296296296295 0.9760416666666667 0.3449074074074074 0.9731770833333333 0.34953703703703703 0.965625 0.3527777777777778 0.9526041666666667 0.34953703703703703 0.94609375 0.33564814814814814 0.9484375 0.29259259259259257 0.946875 0.25833333333333336 0.9494791666666667 0.24814814814814815 0.9557291666666666 0.24027777777777778 0.96796875 0.24027777777777778
0 0.8572916666666667 0.5439814814814815 0.8682291666666667 0.549074074074074 0.8705729166666667 0.5569444444444445 0.8674479166666667 0.6546296296296297 0.8627604166666667 0.6652777777777777 0.8583333333333333 0.6675925925925926 0.8453125 0.6652777777777777 0.8393229166666667 0.6541666666666667 0.8442708333333333 0.5569444444444445 0.8484375 0.5458333333333333 0.85703125 0.5439814814814815
0 0.7046875 0.24212962962962964 0.7106770833333333 0.24537037037037038 0.7125 0.25046296296296294 0.7140625 0.2972222222222222 0.71171875 0.3416666666666667 0.7083333333333334 0.3458333333333333 0.7015625 0.3472222222222222 0.6921875 0.3458333333333333 0.6890625 0.3402777777777778 0.6869791666666667 0.26851851851851855 0.6875 0.2550925925925926 0.690625 0.24444444444444444 0.7044270833333334 0.24212962962962964
0 0.7072916666666667 0.5472222222222223 0.7145833333333333 0.5518518518518518 0.7169270833333333 0.5680555555555555 0.7161458333333334 0.6125 0.7135416666666666 0.6162037037037037 0.6958333333333333 0.6162037037037037 0.6921875 0.6125 0.6940104166666666 0.5949074074074074 0.6921875 0.5537037037037037 0.696875 0.5486111111111112 0.70703125 0.5472222222222223
0 0.7838541666666666 0.6726851851851852 0.7903645833333334 0.6787037037037037 0.7932291666666667 0.7023148148148148 0.79375 0.7773148148148148 0.7890625 0.7935185185185185 0.7828125 0.7962962962962963 0.7705729166666667 0.7935185185185185 0.76640625 0.7861111111111111 0.7645833333333333 0.7601851851851852 0.7643229166666666 0.6921296296296297 0.7671875 0.6754629629629629 0.78359375 0.6726851851851852
0 0.7002604166666667 0.11296296296296296 0.709375 0.11574074074074074 0.71171875 0.11990740740740741 0.7135416666666666 0.17175925925925925 0.71171875 0.20416666666666666 0.7067708333333333 0.21064814814814814 0.7013020833333333 0.2125 0.6893229166666667 0.20925925925925926 0.6872395833333333 0.19953703703703704 0.68828125 0.12222222222222222 0.6911458333333333 0.11574074074074074 0.7 0.11296296296296296
0 0.8174479166666667 0.22824074074074074 0.821875 0.23055555555555557 0.8244791666666667 0.23796296296296296 0.8270833333333333 0.2689814814814815 0.8263020833333333 0.3101851851851852 0.8244791666666667 0.3143518518518518 0.8174479166666667 0.31666666666666665 0.8072916666666666 0.31666666666666665 0.8026041666666667 0.3101851851851852 0.8015625 0.24814814814814815 0.8018229166666667 0.2375 0.8046875 0.23055555555555557 0.8171875 0.22824074074074074
0 0.775 0.1087962962962963 0.7830729166666667 0.1111111111111111 0.78515625 0.11574074074074074 0.78828125 0.1638888888888889 0.7861979166666667 0.20277777777777778 0.7833333333333333 0.20972222222222223 0.7760416666666666 0.21296296296296297 0.7671875 0.2101851851851852 0.7604166666666666 0.19953703703703704 0.7606770833333333 0.15 0.7583333333333333 0.13055555555555556 0.75859375 0.12222222222222222 0.7619791666666667 0.1125 0.7747395833333334 0.1087962962962963
0 0.9005208333333333 0.24722222222222223 0.9091145833333333 0.25462962962962965 0.915625 0.2884259259259259 0.9145833333333333 0.3490740740740741 0.9114583333333334 0.35694444444444445 0.9013020833333333 0.36064814814814816 0.8903645833333333 0.35833333333333334 0.8830729166666667 0.34814814814814815 0.8833333333333333 0.3347222222222222 0.8859375 0.3287037037037037 0.8856770833333333 0.3148148148148148 0.8838541666666667 0.2861111111111111 0.8799479166666667 0.27685185185185185 0.8875 0.2513888888888889 0.8924479166666667 0.24768518518518517 0.9002604166666667 0.24722222222222223
0 0.5869791666666667 0.4046296296296296 0.63359375 0.44351851851851853 0.634375 0.4537037037037037 0.6299479166666667 0.4773148148148148 0.6247395833333333 0.48194444444444445 0.6125 0.4773148148148148 0.5690104166666666 0.44212962962962965 0.5674479166666667 0.42824074074074076 0.5736979166666667 0.4064814814814815 0.5778645833333333 0.40324074074074073 0.58671875 0.4046296296296296
0 0.7471354166666667 0 0.75859375 0 0.765625 0.010185185185185186 0.7671875 0.022222222222222223 0.7411458333333333 0.10462962962962963 0.7354166666666667 0.11388888888888889 0.7270833333333333 0.11296296296296296 0.7171875 0.10277777777777777 0.71484375 0.09259259259259259 0.7177083333333333 0.07777777777777778 0.72578125 0.0587962962962963 0.7372395833333333 0.021296296296296296 0.7471354166666667 0.000462962962962963
0 0.8190104166666666 0.6791666666666667 0.8252604166666667 0.6833333333333333 0.8270833333333333 0.6888888888888889 0.8278645833333333 0.7726851851851851 0.82734375 0.7796296296296297 0.8244791666666667 0.7856481481481481 0.8140625 0.7907407407407407 0.8046875 0.7856481481481481 0.8018229166666667 0.7796296296296297 0.80078125 0.7435185185185185 0.8026041666666667 0.7208333333333333 0.7997395833333333 0.6953703703703704 0.8002604166666667 0.687962962962963 0.8036458333333333 0.6810185185185185 0.81875 0.6791666666666667