0 0.88515625 0.12777777777777777 0.8911458333333333 0.1310185185185185 0.8934895833333333 0.13935185185185187 0.8963541666666667 0.19675925925925927 0.8947916666666667 0.23564814814814813 0.8908854166666667 0.24259259259259258 0.88359375 0.2449074074074074 0.8729166666666667 0.24305555555555555 0.8690104166666667 0.23657407407407408 0.8661458333333333 0.15555555555555556 0.8674479166666667 0.14027777777777778 0.8703125 0.13148148148148148 0.8848958333333333 0.12777777777777777
0 0.7729166666666667 0.12175925925925926 0.7799479166666666 0.12546296296296297 0.78125 0.12962962962962962 0.7838541666666666 0.18796296296296297 0.7807291666666667 0.22083333333333333 0.7690104166666667 0.22824074074074074 0.7609375 0.22361111111111112 0.7606770833333333 0.21805555555555556 0.7559895833333333 0.2101851851851852 0.75703125 0.1912037037037037 0.7549479166666667 0.13796296296296295 0.75859375 0.12453703703703704 0.77265625 0.12175925925925926
0 0.62109375 0.6875 0.6263020833333334 0.6888888888888889 0.6302083333333334 0.6949074074074074 0.6322916666666667 0.7449074074074075 0.6307291666666667 0.8037037037037037 0.6263020833333334 0.8152777777777778 0.6197916666666666 0.8175925925925925 0.6091145833333333 0.8166666666666667 0.60234375 0.8069444444444445 0.6005208333333333 0.7620370370370371 0.6036458333333333 0.7421296296296296 0.6059895833333333 0.6967592592592593 0.6096354166666667 0.6893518518518519 0.6208333333333333 0.6875
0 0.23802083333333332 0.2212962962962963 0.24479166666666666 0.22916666666666666 0.24583333333333332 0.24212962962962964 0.23489583333333333 0.3101851851851852 0.23177083333333334 0.31712962962962965 0.228125 0.31851851851851853 0.21640625 0.3148148148148148 0.21276041666666667 0.3101851851851852 0.21145833333333333 0.30462962962962964 0.21223958333333334 0.2861111111111111 0.21744791666666666 0.25555555555555554 0.21692708333333333 0.24814814814814815 0.221875 0.2300925925925926 0.23046875 0.2199074074074074 0.23776041666666667 0.2212962962962963
0 0.70078125 0.12685185185185185 0.7057291666666666 0.12962962962962962 0.7075520833333333 0.13657407407407407 0.7083333333333334 0.20972222222222223 0.7044270833333334 0.2212962962962963 0.6973958333333333 0.22453703703703703 0.6859375 0.22175925925925927 0.6822916666666666 0.21342592592592594 0.68359375 0.13703703703703704 0.6854166666666667 0.1300925925925926 0.6885416666666667 0.12777777777777777 0.7005208333333334 0.12685185185185185
0 0.7377604166666667 0.2574074074074074 0.7458333333333333 0.26435185185185184 0.7489583333333333 0.2828703703703704 0.7505208333333333 0.3527777777777778 0.7481770833333333 0.36157407407407405 0.7416666666666667 0.36342592592592593 0.7278645833333334 0.3592592592592593 0.72421875 0.3486111111111111 0.725 0.3337962962962963 0.7216145833333333 0.2759259259259259 0.7268229166666667 0.26157407407407407 0.7375 0.2574074074074074
0 0.9575520833333333 0.12731481481481483 0.9674479166666666 0.13240740740740742 0.9713541666666666 0.13935185185185187 0.97265625 0.14722222222222223 0.97265625 0.22685185185185186 0.96875 0.2351851851851852 0.9611979166666667 0.2388888888888889 0.9494791666666667 0.23425925925925925 0.9432291666666667 0.22037037037037038 0.9434895833333333 0.16712962962962963 0.9411458333333333 0.15833333333333333 0.9427083333333334 0.1439814814814815 0.9497395833333333 0.1300925925925926 0.9572916666666667 0.12731481481481483
0 0.80859375 0.10694444444444444 0.8125 0.1087962962962963 0.8182291666666667 0.11805555555555555 0.82109375 0.1486111111111111 0.8190104166666666 0.1986111111111111 0.8140625 0.2064814814814815 0.8075520833333333 0.20833333333333334 0.7971354166666667 0.20601851851851852 0.7924479166666667 0.19675925925925927 0.7919270833333333 0.12638888888888888 0.7981770833333334 0.10925925925925926 0.8083333333333333 0.10694444444444444
0 0.7799479166666666 0.5560185185185185 0.7848958333333333 0.5638888888888889 0.7869791666666667 0.587037037037037 0.7872395833333333 0.649074074074074 0.78515625 0.6578703703703703 0.7736979166666667 0.6620370370370371 0.7653645833333333 0.6597222222222222 0.7614583333333333 0.6481481481481481 0.7591145833333334 0.5694444444444444 0.7609375 0.5611111111111111 0.765625 0.5560185185185185 0.7796875 0.5560185185185185
0 0.86015625 0.6967592592592593 0.86484375 0.7018518518518518 0.8682291666666667 0.7157407407407408 0.8700520833333333 0.787962962962963 0.8690104166666667 0.8101851851851852 0.865625 0.8143518518518519 0.86015625 0.8152777777777778 0.8484375 0.8143518518518519 0.8450520833333334 0.812037037037037 0.84140625 0.8037037037037037 0.8401041666666667 0.7935185185185185 0.8408854166666667 0.7435185185185185 0.83828125 0.7157407407407408 0.840625 0.7032407407407407 0.84453125 0.6981481481481482 0.8510416666666667 0.6953703703703704 0.8598958333333333 0.6967592592592593
0 0.77734375 0.23981481481481481 0.7848958333333333 0.24722222222222223 0.7872395833333333 0.25601851851851853 0.78828125 0.32916666666666666 0.7869791666666667 0.3416666666666667 0.7846354166666667 0.34675925925925927 0.7744791666666667 0.3509259259259259 0.7658854166666667 0.3490740740740741 0.76171875 0.34120370370370373 0.7598958333333333 0.2671296296296296 0.7609375 0.25092592592592594 0.7645833333333333 0.24351851851851852 0.7684895833333333 0.23981481481481481 0.7770833333333333 0.23981481481481481
0 0.8963541666666667 0.26064814814814813 0.9049479166666666 0.26851851851851855 0.9078125 0.2828703703703704 0.9078125 0.29305555555555557 0.9109375 0.30324074074074076 0.9091145833333333 0.30694444444444446 0.9096354166666667 0.36203703703703705 0.9067708333333333 0.37037037037037035 0.89765625 0.37407407407407406 0.8869791666666667 0.3731481481481482 0.8783854166666667 0.36064814814814816 0.8799479166666667 0.3347222222222222 0.8786458333333333 0.300462962962963 0.8763020833333334 0.2898148148148148 0.8786458333333333 0.2726851851851852 0.8822916666666667 0.2638888888888889 0.8869791666666667 0.26064814814814813 0.89609375 0.26064814814814813
0 0.6205729166666667 0.5458333333333333 0.6265625 0.549537037037037 0.6286458333333333 0.5578703703703703 0.6317708333333333 0.6337962962962963 0.6302083333333334 0.6560185185185186 0.62734375 0.6620370370370371 0.6213541666666667 0.6652777777777777 0.609375 0.662962962962963 0.6049479166666667 0.6560185185185186 0.60234375 0.6310185185185185 0.6010416666666667 0.575 0.6015625 0.5597222222222222 0.60390625 0.549537037037037 0.60859375 0.5462962962962963 0.6203125 0.5458333333333333
0 0.6994791666666667 0.3819444444444444 0.7322916666666667 0.38472222222222224 0.74453125 0.38981481481481484 0.7458333333333333 0.4097222222222222 0.74375 0.42777777777777776 0.7411458333333333 0.4305555555555556 0.7299479166666667 0.43148148148148147 0.6854166666666667 0.42592592592592593 0.6822916666666666 0.412962962962963 0.684375 0.3902777777777778 0.6890625 0.38333333333333336 0.69921875 0.3824074074074074
0 0.6614583333333334 0.125 0.6690104166666667 0.12777777777777777 0.671875 0.13703703703703704 0.67265625 0.1787037037037037 0.6703125 0.19953703703703704 0.6716145833333333 0.2273148148148148 0.659375 0.23981481481481481 0.6473958333333333 0.23564814814814813 0.6434895833333333 0.2273148148148148 0.64296875 0.21805555555555556 0.64765625 0.1361111111111111 0.6528645833333333 0.12638888888888888 0.6611979166666667 0.125
0 0.5888020833333333 0.12407407407407407 0.5953125 0.12916666666666668 0.5979166666666667 0.13703703703703704 0.5984375 0.17546296296296296 0.59609375 0.18888888888888888 0.5955729166666667 0.2222222222222222 0.5919270833333333 0.2310185185185185 0.5848958333333333 0.23657407407407408 0.5755208333333334 0.23472222222222222 0.5708333333333333 0.2273148148148148 0.5692708333333333 0.22037037037037038 0.5705729166666667 0.1486111111111111 0.5739583333333333 0.12685185185185185 0.5885416666666666 0.12407407407407407
0 0.8950520833333333 0.5652777777777778 0.9005208333333333 0.5689814814814815 0.9028645833333333 0.5777777777777777 0.9044270833333333 0.6546296296296297 0.90078125 0.6680555555555555 0.8921875 0.6726851851851852 0.88046875 0.6708333333333333 0.8768229166666667 0.6648148148148149 0.8760416666666667 0.6018518518518519 0.8736979166666666 0.5800925925925926 0.8765625 0.5666666666666667 0.8828125 0.5638888888888889 0.8947916666666667 0.5652777777777778
0 0.8536458333333333 0.5569444444444445 0.8635416666666667 0.562037037037037 0.8658854166666666 0.5708333333333333 0.8638020833333333 0.6578703703703703 0.8580729166666666 0.6763888888888889 0.84921875 0.6796296296296296 0.840625 0.6773148148148148 0.8361979166666667 0.6717592592592593 0.8341145833333333 0.6509259259259259 0.8395833333333333 0.5736111111111111 0.84375 0.5587962962962963 0.8533854166666667 0.5569444444444445
0 0.7028645833333333 0.5597222222222222 0.7083333333333334 0.5625 0.7104166666666667 0.5675925925925925 0.71171875 0.6226851851851852 0.7091145833333333 0.6277777777777778 0.6947916666666667 0.6287037037037037 0.6888020833333334 0.6282407407407408 0.6872395833333333 0.6240740740740741 0.6890625 0.6018518518518519 0.6877604166666667 0.5657407407407408 0.6919270833333333 0.5606481481481481 0.7026041666666667 0.5597222222222222
0 0.7015625 0.6875 0.7072916666666667 0.6949074074074074 0.7096354166666666 0.7083333333333334 0.7075520833333333 0.799537037037037 0.703125 0.8050925925925926 0.6848958333333334 0.8037037037037037 0.6799479166666667 0.799074074074074 0.6778645833333333 0.7907407407407407 0.68203125 0.6953703703703704 0.68515625 0.6884259259259259 0.6888020833333334 0.6861111111111111 0.7013020833333333 0.6875
0 0.7395833333333334 0.6990740740740741 0.7434895833333334 0.7125 0.746875 0.7828703703703703 0.74453125 0.7912037037037037 0.7372395833333333 0.7944444444444444 0.72421875 0.7939814814814815 0.721875 0.7898148148148149 0.7166666666666667 0.7097222222222223 0.7203125 0.6990740740740741 0.7283854166666667 0.6967592592592593 0.7393229166666667 0.6990740740740741
0 0.70078125 0.25462962962962965 0.7052083333333333 0.25787037037037036 0.7080729166666667 0.26481481481481484 0.71015625 0.29953703703703705 0.70859375 0.3509259259259259 0.70703125 0.35648148148148145 0.7013020833333333 0.3597222222222222 0.6924479166666667 0.3592592592592593 0.6854166666666667 0.35509259259259257 0.6817708333333333 0.2972222222222222 0.6854166666666667 0.2569444444444444 0.6890625 0.25416666666666665 0.7005208333333334 0.25462962962962965
0 0.640625 0.3912037037037037 0.6440104166666667 0.3958333333333333 0.65 0.425 0.6588541666666666 0.4949074074074074 0.6578125 0.5023148148148148 0.65546875 0.5050925925925925 0.640625 0.5120370370370371 0.6372395833333333 0.5101851851851852 0.63359375 0.500462962962963 0.6203125 0.4115740740740741 0.62109375 0.40324074074074073 0.6247395833333333 0.39675925925925926 0.6403645833333333 0.3912037037037037
0 0.8486979166666667 0.1375 0.85390625 0.1398148148148148 0.85625 0.14722222222222223 0.8567708333333334 0.21296296296296297 0.8536458333333333 0.23148148148148148 0.8455729166666667 0.23657407407407408 0.8346354166666666 0.23564814814814813 0.8299479166666667 0.22777777777777777 0.83046875 0.14629629629629629 0.8348958333333333 0.13796296296296295 0.8484375 0.1375
0 0.8145833333333333 0.6921296296296297 0.8190104166666666 0.6944444444444444 0.82109375 0.6990740740740741 0.8239583333333333 0.7379629629629629 0.8216145833333334 0.7916666666666666 0.81875 0.7986111111111112 0.8140625 0.8018518518518518 0.80390625 0.8013888888888889 0.7979166666666667 0.7962962962962963 0.79609375 0.7578703703703704 0.79765625 0.7439814814814815 0.7963541666666667 0.6995370370370371 0.8018229166666667 0.6921296296296297 0.8143229166666667 0.6921296296296297
0 0.66328125 0.27037037037037037 0.6690104166666667 0.27685185185185185 0.6700520833333333 0.30185185185185187 0.66796875 0.34953703703703703 0.6658854166666667 0.3560185185185185 0.6622395833333333 0.3578703703703704 0.6466145833333333 0.35555555555555557 0.6440104166666667 0.35185185185185186 0.6432291666666666 0.3449074074074074 0.6453125 0.32592592592592595 0.6455729166666667 0.27546296296296297 0.6510416666666666 0.2689814814814815 0.6630208333333333 0.27037037037037037
0 0.54453125 0.537962962962963 0.5559895833333334 0.5421296296296296 0.5572916666666666 0.5587962962962963 0.55546875 0.6439814814814815 0.5518229166666667 0.6541666666666667 0.5453125 0.6569444444444444 0.5307291666666667 0.6518518518518519 0.5286458333333334 0.6370370370370371 0.53046875 0.6162037037037037 0.5315104166666667 0.5430555555555555 0.5338541666666666 0.5393518518518519 0.5442708333333334 0.537962962962963
0 0.6252604166666667 0.2412037037037037 0.63125 0.24444444444444444 0.63515625 0.25277777777777777 0.6369791666666667 0.324537037037037 0.634375 0.34629629629629627 0.6291666666666667 0.3523148148148148 0.6205729166666667 0.3537037037037037 0.6125 0.35185185185185186 0.609375 0.3439814814814815 0.60859375 0.2574074074074074 0.6088541666666667 0.2513888888888889 0.6119791666666666 0.24444444444444444 0.625 0.2412037037037037
0 0.4921875 0.5083333333333333 0.5083333333333333 0.5180555555555556 0.5096354166666667 0.5291666666666667 0.4947916666666667 0.6226851851851852 0.49114583333333334 0.6314814814814815 0.48489583333333336 0.6365740740740741 0.47161458333333334 0.6300925925925925 0.46875 0.6231481481481481 0.4674479166666667 0.612037037037037 0.47265625 0.575 0.4828125 0.5236111111111111 0.48776041666666664 0.5097222222222222 0.49192708333333335 0.5083333333333333
0 0.93046875 0.5546296296296296 0.9364583333333333 0.5574074074074075 0.9411458333333333 0.5666666666666667 0.9455729166666667 0.6055555555555555 0.9440104166666666 0.6680555555555555 0.94140625 0.6754629629629629 0.9348958333333334 0.6791666666666667 0.9255208333333333 0.6787037037037037 0.9182291666666667 0.6712962962962963 0.915625 0.6555555555555556 0.9130208333333333 0.6060185185185185 0.9125 0.5717592592592593 0.9140625 0.5634259259259259 0.91875 0.5564814814814815 0.9302083333333333 0.5546296296296296
0 0.7403645833333333 0.5421296296296296 0.7466145833333333 0.5462962962962963 0.7484375 0.5601851851851852 0.7481770833333333 0.6199074074074075 0.7455729166666667 0.6407407407407407 0.74140625 0.6458333333333334 0.73515625 0.6476851851851851 0.7263020833333333 0.6458333333333334 0.7216145833333333 0.6375 0.7221354166666667 0.5504629629629629 0.7260416666666667 0.5430555555555555 0.7401041666666667 0.5421296296296296
0 0.6546875 0.975925925925926 0.659375 0.9768518518518519 0.6651041666666667 0.9828703703703704 0.6690104166666667 0.999537037037037 0.6401041666666667 0.999537037037037 0.6403645833333333 0.9912037037037037 0.6440104166666667 0.9810185185185185 0.6544270833333333 0.975925925925926
0 0.84765625 0.2518518518518518 0.85390625 0.25462962962962965 0.8596354166666667 0.26851851851851855 0.86328125 0.33240740740740743 0.8609375 0.3537037037037037 0.85078125 0.3578703703703704 0.8408854166666667 0.3574074074074074 0.83671875 0.35185185185185186 0.8315104166666667 0.274537037037037 0.8315104166666667 0.2657407407407407 0.8348958333333333 0.25601851851851853 0.8473958333333333 0.2518518518518518
0 0.62578125 0.1087962962962963 0.6315104166666666 0.11527777777777778 0.63359375 0.12546296296296297 0.6348958333333333 0.17175925925925925 0.6333333333333333 0.2101851851851852 0.6307291666666667 0.21712962962962962 0.6231770833333333 0.2212962962962963 0.6111979166666667 0.2199074074074074 0.6075520833333333 0.21157407407407408 0.6080729166666666 0.12638888888888888 0.6098958333333333 0.11574074074074074 0.6127604166666667 0.11064814814814815 0.6255208333333333 0.1087962962962963
0 0.9622395833333334 0.25324074074074077 0.97109375 0.2611111111111111 0.9747395833333333 0.2916666666666667 0.975 0.31203703703703706 0.9729166666666667 0.3523148148148148 0.96796875 0.362962962962963 0.96171875 0.36574074074074076 0.94765625 0.3625 0.9421875 0.3537037037037037 0.9411458333333333 0.3453703703703704 0.9434895833333333 0.3314814814814815 0.9424479166666667 0.2689814814814815 0.9458333333333333 0.2587962962962963 0.9497395833333333 0.25416666666666665 0.9619791666666667 0.25324074074074077
0 0.6638020833333333 0.6990740740740741 0.6682291666666667 0.7013888888888888 0.6703125 0.7069444444444445 0.6692708333333334 0.7907407407407407 0.66484375 0.8092592592592592 0.6544270833333333 0.8134259259259259 0.6463541666666667 0.8106481481481481 0.6427083333333333 0.8009259259259259 0.6419270833333334 0.7648148148148148 0.64453125 0.7129629629629629 0.64765625 0.6990740740740741 0.6635416666666667 0.6990740740740741
0 0.7807291666666667 0.6865740740740741 0.7841145833333333 0.6893518518518519 0.78671875 0.6976851851851852 0.7890625 0.7833333333333333 0.78671875 0.8013888888888889 0.7828125 0.8074074074074075 0.7765625 0.8097222222222222 0.7653645833333333 0.8046296296296296 0.7611979166666667 0.7958333333333333 0.759375 0.7083333333333334 0.7625 0.6884259259259259 0.7684895833333333 0.6851851851851852 0.78046875 0.6865740740740741
0 0.734375 0.09398148148148149 0.7416666666666667 0.09675925925925925 0.74609375 0.10231481481481482 0.7481770833333333 0.13287037037037036 0.7458333333333333 0.20694444444444443 0.7419270833333333 0.21435185185185185 0.7346354166666667 0.21712962962962962 0.7200520833333334 0.21342592592592594 0.7169270833333333 0.19675925925925927 0.7192708333333333 0.175 0.7208333333333333 0.11018518518518519 0.7247395833333333 0.09861111111111111 0.7341145833333333 0.09398148148148149
0 0.53984375 0.6800925925925926 0.5494791666666666 0.6856481481481481 0.5515625 0.7268518518518519 0.55078125 0.788425925925926 0.5471354166666667 0.7949074074074074 0.5411458333333333 0.7986111111111112 0.53046875 0.7972222222222223 0.5252604166666667 0.7893518518518519 0.52421875 0.7430555555555556 0.5268229166666667 0.7162037037037037 0.5229166666666667 0.7037037037037037 0.52578125 0.6851851851851852 0.5395833333333333 0.6800925925925926
0 0.81015625 0.2412037037037037 0.8166666666666667 0.24351851851851852 0.8190104166666666 0.24768518518518517 0.8223958333333333 0.2759259259259259 0.821875 0.32407407407407407 0.8197916666666667 0.3282407407407407 0.8122395833333333 0.3300925925925926 0.80078125 0.3287037037037037 0.7979166666666667 0.32083333333333336 0.79921875 0.2962962962962963 0.79765625 0.25277777777777777 0.8002604166666667 0.24351851851851852 0.8098958333333334 0.2412037037037037
0 0.8135416666666667 0.5537037037037037 0.8174479166666667 0.5564814814814815 0.82109375 0.5671296296296297 0.8234375 0.6157407407407407 0.82265625 0.6546296296296297 0.8208333333333333 0.6611111111111111 0.8145833333333333 0.6652777777777777 0.8002604166666667 0.6643518518518519 0.7955729166666666 0.6541666666666667 0.7973958333333333 0.6421296296296296 0.7947916666666667 0.5805555555555556 0.7955729166666666 0.5601851851851852 0.8 0.5537037037037037 0.81328125 0.5537037037037037
0 0.5799479166666667 0.6930555555555555 0.5901041666666667 0.6981481481481482 0.5919270833333333 0.7027777777777777 0.5919270833333333 0.7134259259259259 0.5888020833333333 0.812037037037037 0.5854166666666667 0.8203703703703704 0.5796875 0.8222222222222222 0.57109375 0.8217592592592593 0.5674479166666667 0.8180555555555555 0.5635416666666667 0.8106481481481481 0.5627604166666667 0.7967592592592593 0.565625 0.7657407407407407 0.5677083333333334 0.6995370370370371 0.57109375 0.6944444444444444 0.5796875 0.6930555555555555