0 0.8924479166666667 0.11527777777777778 0.8958333333333334 0.1175925925925926 0.8979166666666667 0.125 0.90078125 0.17175925925925925 0.8997395833333334 0.21851851851851853 0.8963541666666667 0.22824074074074074 0.88828125 0.23148148148148148 0.8765625 0.22962962962962963 0.8723958333333334 0.2222222222222222 0.8705729166666667 0.19953703703703704 0.871875 0.16666666666666666 0.8690104166666667 0.1398148148148148 0.8752604166666667 0.1175925925925926 0.88203125 0.11435185185185186 0.8921875 0.11527777777777778
0 0.8174479166666667 0.09537037037037037 0.8231770833333333 0.1087962962962963 0.8252604166666667 0.15833333333333333 0.821875 0.18935185185185185 0.81484375 0.19490740740740742 0.8036458333333333 0.19398148148148148 0.7979166666666667 0.18564814814814815 0.7984375 0.14212962962962963 0.7963541666666667 0.11342592592592593 0.8002604166666667 0.09953703703703703 0.80390625 0.09490740740740741 0.8171875 0.09537037037037037
0 0.62421875 0.675 0.634375 0.6819444444444445 0.6377604166666667 0.7171296296296297 0.6356770833333333 0.7870370370370371 0.6322916666666667 0.8004629629629629 0.6268229166666667 0.8046296296296296 0.6138020833333333 0.8037037037037037 0.6088541666666667 0.8 0.60625 0.7935185185185185 0.609375 0.6916666666666667 0.6111979166666667 0.6824074074074075 0.6143229166666667 0.6773148148148148 0.6239583333333333 0.675
0 0.8541666666666666 0.987037037037037 0.8645833333333334 0.9898148148148148 0.8690104166666667 0.999537037037037 0.8419270833333333 0.999537037037037 0.8455729166666667 0.9898148148148148 0.85390625 0.987037037037037
0 0.7453125 0.24583333333333332 0.7494791666666667 0.25 0.7526041666666666 0.2611111111111111 0.7549479166666667 0.34074074074074073 0.7518229166666667 0.3490740740740741 0.73828125 0.3509259259259259 0.7328125 0.3490740740740741 0.7291666666666666 0.3375 0.7265625 0.262037037037037 0.7333333333333333 0.24722222222222223 0.7450520833333333 0.24583333333333332
0 0.9645833333333333 0.11435185185185186 0.9744791666666667 0.12129629629629629 0.97734375 0.13333333333333333 0.9783854166666667 0.20694444444444443 0.975 0.22083333333333333 0.9669270833333333 0.22592592592592592 0.9557291666666666 0.22361111111111112 0.9515625 0.21805555555555556 0.9489583333333333 0.20833333333333334 0.9486979166666667 0.12916666666666668 0.953125 0.11805555555555555 0.9643229166666667 0.11435185185185186
0 0.8151041666666666 0.5407407407407407 0.8216145833333334 0.5430555555555555 0.8244791666666667 0.549537037037037 0.8276041666666667 0.5837962962962963 0.82734375 0.6407407407407407 0.8252604166666667 0.649074074074074 0.81796875 0.6527777777777778 0.8033854166666666 0.6509259259259259 0.8002604166666667 0.6449074074074074 0.7997395833333333 0.637962962962963 0.8010416666666667 0.6185185185185185 0.7994791666666666 0.6023148148148149 0.7994791666666666 0.55 0.803125 0.5421296296296296 0.81484375 0.5407407407407407
0 0.8609375 0.6828703703703703 0.8697916666666666 0.6875 0.8721354166666667 0.6967592592592593 0.8747395833333333 0.7620370370370371 0.8734375 0.7972222222222223 0.8697916666666666 0.8013888888888889 0.8630208333333333 0.8027777777777778 0.8505208333333333 0.8 0.8442708333333333 0.7837962962962963 0.8466145833333333 0.736574074074074 0.8440104166666667 0.6962962962962963 0.8505208333333333 0.6842592592592592 0.8606770833333334 0.6828703703703703
0 0.6255208333333333 0.5337962962962963 0.6317708333333333 0.538425925925926 0.63359375 0.5486111111111112 0.6364583333333333 0.6337962962962963 0.6317708333333333 0.6481481481481481 0.6203125 0.6523148148148148 0.6114583333333333 0.649537037037037 0.60859375 0.6416666666666667 0.60546875 0.5509259259259259 0.60625 0.5407407407407407 0.609375 0.5351851851851852 0.6252604166666667 0.5337962962962963
0 0.66484375 0.11203703703703703 0.6731770833333334 0.11527777777777778 0.6763020833333333 0.12546296296296297 0.6760416666666667 0.20046296296296295 0.678125 0.21388888888888888 0.6729166666666667 0.2222222222222222 0.6622395833333333 0.22777777777777777 0.6494791666666667 0.22083333333333333 0.6473958333333333 0.21296296296296297 0.6473958333333333 0.19814814814814816 0.6518229166666667 0.12314814814814815 0.6552083333333333 0.11481481481481481 0.6645833333333333 0.11203703703703703
0 0.78046875 0.5421296296296296 0.7875 0.5462962962962963 0.78984375 0.5537037037037037 0.7921875 0.6296296296296297 0.7893229166666667 0.6449074074074074 0.77734375 0.649537037037037 0.7703125 0.6472222222222223 0.765625 0.6351851851851852 0.7645833333333333 0.6092592592592593 0.7658854166666667 0.5916666666666667 0.76328125 0.5560185185185185 0.7653645833333333 0.5481481481481482 0.76875 0.5444444444444444 0.7802083333333333 0.5421296296296296
0 0.5958333333333333 0.11203703703703703 0.6002604166666666 0.1162037037037037 0.6018229166666667 0.12546296296296297 0.6010416666666667 0.1986111111111111 0.5971354166666667 0.2175925925925926 0.5885416666666666 0.22407407407407406 0.5786458333333333 0.22037037037037038 0.5736979166666667 0.20694444444444443 0.5760416666666667 0.11944444444444445 0.58125 0.1125 0.5955729166666667 0.11203703703703703
0 0.025260416666666667 0.7388888888888889 0.0328125 0.7472222222222222 0.033854166666666664 0.7564814814814815 0.0265625 0.8287037037037037 0.022916666666666665 0.8384259259259259 0.01640625 0.8398148148148148 0.004427083333333333 0.8361111111111111 0 0.8208333333333333 0.0018229166666666667 0.8203703703703704 0.0046875 0.7726851851851851 0.00859375 0.7439814814814815 0.015104166666666667 0.7384259259259259 0.025 0.7388888888888889
0 0.5955729166666667 0.23287037037037037 0.6010416666666667 0.23703703703703705 0.6020833333333333 0.24722222222222223 0.6026041666666667 0.3435185185185185 0.5986979166666667 0.35509259259259257 0.5903645833333333 0.3587962962962963 0.5815104166666667 0.3578703703703704 0.575 0.3458333333333333 0.5763020833333333 0.24675925925925926 0.5786458333333333 0.23564814814814813 0.5854166666666667 0.2324074074074074 0.5953125 0.23287037037037037
0 0.9375 0.5421296296296296 0.9427083333333334 0.5462962962962963 0.946875 0.5583333333333333 0.94921875 0.5875 0.9497395833333333 0.6509259259259259 0.9458333333333333 0.6652777777777777 0.9333333333333333 0.6671296296296296 0.9252604166666667 0.663425925925926 0.9213541666666667 0.6513888888888889 0.9177083333333333 0.5555555555555556 0.9182291666666667 0.5504629629629629 0.9247395833333333 0.5430555555555555 0.9372395833333333 0.5421296296296296
0 0.5885416666666666 0.6819444444444445 0.5942708333333333 0.6856481481481481 0.59765625 0.6958333333333333 0.5958333333333333 0.7203703703703703 0.5953125 0.7837962962962963 0.5924479166666666 0.8009259259259259 0.5885416666666666 0.8074074074074075 0.58203125 0.8092592592592592 0.5734375 0.8074074074074075 0.56796875 0.7967592592592593 0.5671875 0.7824074074074074 0.5690104166666666 0.7731481481481481 0.5682291666666667 0.7546296296296297 0.57109375 0.6958333333333333 0.57265625 0.6856481481481481 0.575 0.6824074074074075 0.58828125 0.6819444444444445
0 0.7049479166666667 0.675 0.7114583333333333 0.6814814814814815 0.7135416666666666 0.6925925925925925 0.7122395833333334 0.7865740740740741 0.7106770833333333 0.7912037037037037 0.7067708333333333 0.7935185185185185 0.6880208333333333 0.7907407407407407 0.6833333333333333 0.7828703703703703 0.6864583333333333 0.6828703703703703 0.6893229166666667 0.6759259259259259 0.6927083333333334 0.6736111111111112 0.7046875 0.675
0 0.7424479166666667 0.6851851851851852 0.7463541666666667 0.6916666666666667 0.7489583333333333 0.7064814814814815 0.7515625 0.7703703703703704 0.7484375 0.7791666666666667 0.7408854166666666 0.7824074074074074 0.7265625 0.7791666666666667 0.72109375 0.6949074074074074 0.7231770833333333 0.6888888888888889 0.7278645833333334 0.6856481481481481 0.7421875 0.6851851851851852
0 0.5434895833333333 0.6675925925925926 0.55 0.6699074074074074 0.55390625 0.675 0.5559895833333334 0.7402777777777778 0.5546875 0.7754629629629629 0.55078125 0.7833333333333333 0.5447916666666667 0.7865740740740741 0.5364583333333334 0.7856481481481481 0.53046875 0.7791666666666667 0.5276041666666667 0.7412037037037037 0.5291666666666667 0.6763888888888889 0.5333333333333333 0.6703703703703704 0.5432291666666667 0.6675925925925926
0 0.8572916666666667 0.1259259259259259 0.8606770833333334 0.1375 0.8604166666666667 0.20972222222222223 0.8567708333333334 0.2212962962962963 0.84765625 0.22407407407407406 0.8377604166666667 0.22175925925925927 0.834375 0.21481481481481482 0.8348958333333333 0.13148148148148148 0.83671875 0.12638888888888888 0.8416666666666667 0.12407407407407407 0.85703125 0.1259259259259259
0 0.6671875 0.2569444444444444 0.6723958333333333 0.2625 0.67421875 0.275 0.67265625 0.3388888888888889 0.6692708333333334 0.3439814814814815 0.65078125 0.34305555555555556 0.6473958333333333 0.33564814814814814 0.64921875 0.3189814814814815 0.6479166666666667 0.28888888888888886 0.6497395833333334 0.26342592592592595 0.6541666666666667 0.2574074074074074 0.6669270833333333 0.2569444444444444
0 0.8559895833333333 0.23935185185185184 0.8614583333333333 0.2439814814814815 0.8643229166666667 0.2513888888888889 0.86796875 0.325 0.865625 0.3402777777777778 0.8510416666666667 0.3458333333333333 0.8424479166666666 0.3425925925925926 0.83984375 0.3333333333333333 0.8361979166666667 0.2550925925925926 0.8380208333333333 0.24537037037037038 0.8421875 0.24027777777777778 0.8557291666666667 0.23935185185185184
0 0.74609375 0 0.7645833333333333 0 0.7690104166666667 0.012037037037037037 0.7690104166666667 0.020833333333333332 0.7658854166666667 0.03148148148148148 0.7411458333333333 0.09583333333333334 0.73515625 0.10648148148148148 0.73046875 0.10787037037037037 0.7231770833333333 0.10324074074074074 0.7145833333333333 0.08842592592592592 0.7169270833333333 0.07175925925925926 0.74609375 0.000462962962962963
0 0.5502604166666667 0.5259259259259259 0.5606770833333333 0.5319444444444444 0.5591145833333333 0.5810185185185185 0.5604166666666667 0.6240740740740741 0.5578125 0.6398148148148148 0.5510416666666667 0.6444444444444445 0.5364583333333334 0.6412037037037037 0.5333333333333333 0.6310185185185185 0.5354166666666667 0.5324074074074074 0.53984375 0.5263888888888889 0.55 0.5259259259259259
0 0.7174479166666666 0.36898148148148147 0.75234375 0.3731481481481482 0.7627604166666667 0.3773148148148148 0.765625 0.38657407407407407 0.7653645833333333 0.40879629629629627 0.7627604166666667 0.41805555555555557 0.75859375 0.4203703703703704 0.7161458333333334 0.41759259259259257 0.70546875 0.41388888888888886 0.7028645833333333 0.4078703703703704 0.703125 0.3814814814814815 0.7059895833333333 0.37407407407407406 0.7171875 0.36898148148148147
0 0.6307291666666667 0.22962962962962963 0.6372395833333333 0.2337962962962963 0.63984375 0.24722222222222223 0.63984375 0.3287037037037037 0.6377604166666667 0.3375 0.6265625 0.3416666666666667 0.61640625 0.3388888888888889 0.6130208333333333 0.3277777777777778 0.6125 0.2449074074074074 0.6135416666666667 0.23703703703703705 0.61640625 0.23194444444444445 0.63046875 0.22962962962962963
0 0.8971354166666666 0.5513888888888889 0.9049479166666666 0.5555555555555556 0.90703125 0.5606481481481481 0.909375 0.612037037037037 0.9080729166666667 0.6481481481481481 0.9020833333333333 0.6587962962962963 0.89765625 0.6606481481481481 0.8825520833333333 0.6569444444444444 0.8796875 0.6097222222222223 0.8809895833333333 0.5569444444444445 0.8846354166666667 0.5527777777777778 0.896875 0.5513888888888889
0 0.953125 0.8273148148148148 0.9997395833333333 0.8597222222222223 0.9997395833333333 0.9083333333333333 0.9888020833333333 0.9055555555555556 0.9393229166666667 0.8694444444444445 0.9364583333333333 0.8574074074074074 0.9395833333333333 0.8384259259259259 0.94609375 0.8268518518518518 0.9528645833333333 0.8273148148148148
0 0.6627604166666666 0.9648148148148148 0.6716145833333333 0.9763888888888889 0.6744791666666666 0.9944444444444445 0.6736979166666667 0.999537037037037 0.64375 0.999537037037037 0.6440104166666667 0.9796296296296296 0.64609375 0.9712962962962963 0.6510416666666666 0.9652777777777778 0.6625 0.9648148148148148
0 0.7442708333333333 0.5291666666666667 0.7489583333333333 0.5324074074074074 0.7520833333333333 0.5416666666666666 0.75234375 0.6171296296296296 0.7484375 0.6314814814814815 0.74140625 0.6347222222222222 0.7307291666666667 0.6333333333333333 0.7263020833333333 0.625 0.7270833333333333 0.5393518518518519 0.728125 0.5328703703703703 0.7302083333333333 0.5310185185185186 0.7440104166666667 0.5291666666666667
0 0.6291666666666667 0.09583333333333334 0.6356770833333333 0.10231481481481482 0.6377604166666667 0.1125 0.6385416666666667 0.18888888888888888 0.63515625 0.20416666666666666 0.6252604166666667 0.20879629629629629 0.6158854166666666 0.20694444444444443 0.6114583333333333 0.19537037037037036 0.6122395833333333 0.1111111111111111 0.6174479166666667 0.09861111111111111 0.62890625 0.09583333333333334
0 0.9684895833333333 0.24027777777777778 0.9739583333333334 0.2439814814814815 0.97734375 0.25324074074074077 0.9786458333333333 0.31851851851851853 0.9778645833333334 0.337037037037037 0.97578125 0.3449074074074074 0.9716145833333333 0.350462962962963 0.9645833333333333 0.3527777777777778 0.9528645833333333 0.35 0.9458333333333333 0.33611111111111114 0.9481770833333333 0.29583333333333334 0.9463541666666667 0.2587962962962963 0.94921875 0.24861111111111112 0.9549479166666667 0.24074074074074073 0.9682291666666667 0.24027777777777778
0 0.859375 0.5444444444444444 0.86875 0.55 0.8705729166666667 0.5680555555555555 0.8666666666666667 0.6527777777777778 0.8625 0.6648148148148149 0.85625 0.6675925925925926 0.84453125 0.6648148148148149 0.8401041666666667 0.6578703703703703 0.8390625 0.6486111111111111 0.8419270833333333 0.5740740740740741 0.84453125 0.5550925925925926 0.84921875 0.5449074074074074 0.8591145833333333 0.5444444444444444
0 0.7020833333333333 0.24166666666666667 0.7096354166666666 0.2449074074074074 0.7125 0.25277777777777777 0.7138020833333333 0.29953703703703705 0.7122395833333334 0.33611111111111114 0.709375 0.3449074074074074 0.6973958333333333 0.3476851851851852 0.6916666666666667 0.3453703703703704 0.6888020833333334 0.33935185185185185 0.68671875 0.2689814814814815 0.6888020833333334 0.24722222222222223 0.6927083333333334 0.24259259259259258 0.7018229166666666 0.24166666666666667
0 0.6604166666666667 0.6856481481481481 0.6734375 0.6912037037037037 0.67578125 0.7074074074074074 0.6744791666666666 0.7791666666666667 0.6690104166666667 0.7976851851851852 0.66171875 0.8009259259259259 0.6497395833333334 0.7972222222222223 0.6466145833333333 0.7902777777777777 0.6458333333333334 0.7777777777777778 0.64765625 0.7018518518518518 0.6510416666666666 0.6875 0.66015625 0.6856481481481481
0 0.7091145833333333 0.5476851851851852 0.7145833333333333 0.5523148148148148 0.7169270833333333 0.5699074074074074 0.7158854166666667 0.612037037037037 0.7135416666666666 0.6157407407407407 0.6953125 0.6157407407407407 0.6927083333333334 0.6143518518518518 0.6916666666666667 0.6092592592592593 0.69375 0.5953703703703703 0.6921875 0.5532407407407407 0.6963541666666667 0.5486111111111112 0.7088541666666667 0.5476851851851852
0 0.78359375 0.6726851851851852 0.78828125 0.6754629629629629 0.7911458333333333 0.6824074074074075 0.79296875 0.7027777777777777 0.79375 0.7759259259259259 0.7888020833333333 0.7930555555555555 0.7817708333333333 0.7962962962962963 0.7716145833333333 0.7939814814814815 0.76640625 0.7856481481481481 0.7640625 0.6944444444444444 0.7671875 0.675 0.7833333333333333 0.6726851851851852
0 0.7002604166666667 0.11296296296296296 0.7078125 0.11481481481481481 0.7111979166666667 0.11990740740740741 0.7127604166666667 0.16944444444444445 0.7114583333333333 0.2037037037037037 0.7065104166666667 0.21064814814814814 0.7005208333333334 0.2125 0.6893229166666667 0.20972222222222223 0.68671875 0.19814814814814816 0.6880208333333333 0.12222222222222222 0.6916666666666667 0.11527777777777778 0.7 0.11296296296296296
0 0.3734375 0.6777777777777778 0.37734375 0.6819444444444445 0.37916666666666665 0.6884259259259259 0.37994791666666666 0.7134259259259259 0.3776041666666667 0.7847222222222222 0.37473958333333335 0.8004629629629629 0.37005208333333334 0.8032407407407407 0.353125 0.8 0.35052083333333334 0.7902777777777777 0.3502604166666667 0.7754629629629629 0.35572916666666665 0.6861111111111111 0.3609375 0.6782407407407407 0.3731770833333333 0.6777777777777778
0 0.8161458333333333 0.22824074074074074 0.8216145833333334 0.23055555555555557 0.8252604166666667 0.24444444444444444 0.8265625 0.3074074074074074 0.8234375 0.3148148148148148 0.8080729166666667 0.31712962962962965 0.80390625 0.3148148148148148 0.8013020833333333 0.3060185185185185 0.8010416666666667 0.24259259259259258 0.8049479166666667 0.2300925925925926 0.8158854166666667 0.22824074074074074
0 0.7817708333333333 0.22685185185185186 0.78984375 0.2351851851851852 0.7924479166666667 0.25046296296296294 0.7919270833333333 0.324537037037037 0.7885416666666667 0.33564814814814814 0.7830729166666667 0.3384259259259259 0.77109375 0.3365740740740741 0.7661458333333333 0.32685185185185184 0.7640625 0.25462962962962965 0.7651041666666667 0.2375 0.76875 0.2300925925925926 0.7747395833333334 0.2263888888888889 0.7815104166666667 0.22685185185185186
0 0.7817708333333333 0.11064814814814815 0.78515625 0.11574074074074074 0.78671875 0.12962962962962962 0.7877604166666666 0.18472222222222223 0.7841145833333333 0.20787037037037037 0.7765625 0.21296296296296297 0.7674479166666667 0.2101851851851852 0.76015625 0.1986111111111111 0.7604166666666666 0.15092592592592594 0.7583333333333333 0.12453703703703704 0.76015625 0.1162037037037037 0.76484375 0.11018518518518519 0.7815104166666667 0.11064814814814815
0 0.9005208333333333 0.24722222222222223 0.9088541666666666 0.25462962962962965 0.915625 0.28935185185185186 0.9138020833333333 0.3 0.9153645833333334 0.32546296296296295 0.9140625 0.350462962962963 0.9111979166666667 0.35694444444444445 0.9010416666666666 0.36064814814814816 0.890625 0.3587962962962963 0.8828125 0.34814814814814815 0.8830729166666667 0.3351851851851852 0.8856770833333333 0.3282407407407407 0.8854166666666666 0.31574074074074077 0.88359375 0.28564814814814815 0.8796875 0.27870370370370373 0.8799479166666667 0.2726851851851852 0.8864583333333333 0.2523148148148148 0.8916666666666667 0.24768518518518517 0.9002604166666667 0.24722222222222223
0 0.5833333333333334 0.40324074074074073 0.5953125 0.4101851851851852 0.6338541666666667 0.4444444444444444 0.634375 0.4527777777777778 0.6299479166666667 0.47638888888888886 0.6252604166666667 0.48194444444444445 0.6130208333333333 0.4777777777777778 0.5690104166666666 0.4425925925925926 0.5671875 0.4287037037037037 0.57109375 0.4115740740740741 0.5755208333333334 0.4041666666666667 0.5830729166666667 0.40324074074074073
0 0.821875 0.6805555555555556 0.8263020833333333 0.6856481481481481 0.8283854166666667 0.7092592592592593 0.82734375 0.7754629629629629 0.8247395833333333 0.7847222222222222 0.8153645833333333 0.7902777777777777 0.8033854166666666 0.7847222222222222 0.8 0.7726851851851851 0.8026041666666667 0.7203703703703703 0.7997395833333333 0.6930555555555555 0.8020833333333334 0.6833333333333333 0.8057291666666667 0.6796296296296296 0.8216145833333334 0.6805555555555556