0 0.8869791666666667 0.1162037037037037 0.8950520833333333 0.11944444444444445 0.89765625 0.12685185185185185 0.9 0.17037037037037037 0.8997395833333334 0.21574074074074073 0.8981770833333333 0.2263888888888889 0.8953125 0.23055555555555557 0.88359375 0.23425925925925925 0.8765625 0.2324074074074074 0.871875 0.22314814814814815 0.8721354166666667 0.1763888888888889 0.86953125 0.14444444444444443 0.8731770833333333 0.12268518518518519 0.8770833333333333 0.11805555555555555 0.88671875 0.1162037037037037
0 0.7010416666666667 0.24351851851851852 0.71171875 0.25092592592592594 0.7140625 0.2828703703703704 0.7119791666666667 0.3421296296296296 0.7106770833333333 0.34629629629629627 0.7049479166666667 0.34953703703703703 0.6924479166666667 0.34814814814814815 0.6890625 0.3449074074074074 0.6877604166666667 0.33425925925925926 0.6864583333333333 0.2972222222222222 0.6877604166666667 0.25277777777777777 0.6921875 0.24537037037037038 0.70078125 0.24351851851851852
0 0.9703125 0.11944444444444445 0.9755208333333333 0.12546296296296297 0.9770833333333333 0.1337962962962963 0.9776041666666667 0.21342592592592594 0.9747395833333333 0.22268518518518518 0.965625 0.22824074074074074 0.95546875 0.22546296296296298 0.9497395833333333 0.21342592592592594 0.94765625 0.13842592592592592 0.9494791666666667 0.12731481481481483 0.95546875 0.11805555555555555 0.9638020833333333 0.11666666666666667 0.9700520833333334 0.11944444444444445
0 0.8125 0.09583333333333334 0.81796875 0.09861111111111111 0.82265625 0.10833333333333334 0.8252604166666667 0.14953703703703702 0.8221354166666667 0.19074074074074074 0.8125 0.19768518518518519 0.80078125 0.19490740740740742 0.7971354166666667 0.18888888888888888 0.7981770833333334 0.14583333333333334 0.7963541666666667 0.12083333333333333 0.7966145833333333 0.1125 0.80078125 0.10092592592592593 0.8036458333333333 0.09722222222222222 0.8122395833333333 0.09583333333333334
0 0.8171875 0.5430555555555555 0.8221354166666667 0.5458333333333333 0.8252604166666667 0.5537037037037037 0.82734375 0.6277777777777778 0.8263020833333333 0.6476851851851851 0.8174479166666667 0.6550925925925926 0.8065104166666667 0.6546296296296297 0.8 0.6476851851851851 0.8005208333333333 0.6143518518518518 0.7984375 0.5768518518518518 0.8 0.5486111111111112 0.8059895833333334 0.5430555555555555 0.8169270833333333 0.5430555555555555
0 0.7447916666666666 0.24814814814814815 0.75234375 0.26157407407407407 0.7544270833333333 0.34074074074074073 0.7520833333333333 0.350462962962963 0.7421875 0.3527777777777778 0.73359375 0.35185185185185186 0.7299479166666667 0.34444444444444444 0.7263020833333333 0.26666666666666666 0.7309895833333333 0.2513888888888889 0.7369791666666666 0.24722222222222223 0.74453125 0.24814814814814815
0 0.8692708333333333 0.8388888888888889 0.915625 0.8402777777777778 0.9231770833333334 0.8444444444444444 0.9260416666666667 0.8513888888888889 0.9276041666666667 0.8671296296296296 0.92578125 0.8833333333333333 0.9229166666666667 0.8870370370370371 0.8802083333333334 0.8898148148148148 0.86171875 0.8875 0.8544270833333333 0.8796296296296297 0.8526041666666667 0.8662037037037037 0.8526041666666667 0.8527777777777777 0.8544270833333333 0.8453703703703703 0.8588541666666667 0.8407407407407408 0.8690104166666667 0.8388888888888889
0 0.559375 0.5319444444444444 0.5606770833333333 0.5351851851851852 0.5598958333333334 0.6324074074074074 0.55703125 0.6435185185185185 0.55078125 0.6472222222222223 0.53828125 0.6449074074074074 0.53359375 0.6365740740740741 0.5359375 0.5324074074074074 0.5455729166666666 0.5277777777777778 0.5591145833333333 0.5319444444444444
0 0.6209635416666667 0.5958333333333333 0.031510416666666666 0.12037037037037036
0 0.859375 0.6851851851851852 0.8677083333333333 0.6888888888888889 0.871875 0.7 0.87421875 0.7541666666666667 0.8731770833333333 0.8 0.8697916666666666 0.8041666666666667 0.8596354166666667 0.8055555555555556 0.8486979166666667 0.8013888888888889 0.8463541666666666 0.7935185185185185 0.8447916666666667 0.7810185185185186 0.8458333333333333 0.7601851851851852 0.8440104166666667 0.7111111111111111 0.8458333333333333 0.6921296296296297 0.85234375 0.6856481481481481 0.8591145833333333 0.6851851851851852
0 0.6653645833333334 0.11481481481481481 0.6736979166666667 0.11898148148148148 0.6763020833333333 0.12824074074074074 0.6768229166666667 0.21342592592592594 0.6729166666666667 0.22407407407407406 0.6622395833333333 0.23055555555555557 0.6544270833333333 0.22824074074074074 0.6497395833333334 0.22314814814814815 0.6473958333333333 0.2162037037037037 0.6473958333333333 0.19444444444444445 0.6520833333333333 0.12361111111111112 0.6565104166666667 0.1162037037037037 0.6651041666666667 0.11481481481481481
0 0.7794270833333333 0.5439814814814815 0.78671875 0.5481481481481482 0.78984375 0.5578703703703703 0.7919270833333333 0.6282407407407408 0.78984375 0.6472222222222223 0.7794270833333333 0.6523148148148148 0.77109375 0.6509259259259259 0.765625 0.6402777777777777 0.7661458333333333 0.6018518518518519 0.7627604166666667 0.5638888888888889 0.765625 0.549537037037037 0.7791666666666667 0.5439814814814815
0 0.5955729166666667 0.23564814814814813 0.6010416666666667 0.24074074074074073 0.6028645833333334 0.32731481481481484 0.6015625 0.3490740740740741 0.5986979166666667 0.35694444444444445 0.59375 0.3611111111111111 0.58046875 0.3597222222222222 0.5755208333333334 0.35185185185185186 0.57421875 0.3425925925925926 0.5770833333333333 0.24166666666666667 0.58125 0.23657407407407408 0.5953125 0.23564814814814813
0 0.8559895833333333 0.9893518518518518 0.8630208333333333 0.9912037037037037 0.86796875 0.999537037037037 0.8421875 0.999537037037037 0.8453125 0.9907407407407407 0.8557291666666667 0.9893518518518518
0 0.9380208333333333 0.5449074074074074 0.94453125 0.5532407407407407 0.9473958333333333 0.5662037037037037 0.9494791666666667 0.6370370370370371 0.9494791666666667 0.6532407407407408 0.94765625 0.6615740740740741 0.9453125 0.6657407407407407 0.93828125 0.6689814814814815 0.928125 0.6680555555555555 0.9213541666666667 0.6587962962962963 0.9190104166666667 0.6199074074074075 0.91953125 0.5912037037037037 0.9177083333333333 0.5763888888888888 0.9177083333333333 0.5564814814814815 0.9197916666666667 0.549537037037037 0.9255208333333333 0.5449074074074074 0.9377604166666667 0.5449074074074074
0 0.6971354166666667 0.6759259259259259 0.7098958333333333 0.6810185185185185 0.7130208333333333 0.6949074074074074 0.7122395833333334 0.7861111111111111 0.7114583333333333 0.7925925925925926 0.7067708333333333 0.7958333333333333 0.6885416666666667 0.7939814814814815 0.6854166666666667 0.7916666666666666 0.6830729166666667 0.7842592592592592 0.6856770833333333 0.6888888888888889 0.6890625 0.6787037037037037 0.696875 0.6759259259259259
0 0.7380208333333333 0.6865740740740741 0.7453125 0.6912037037037037 0.7489583333333333 0.7097222222222223 0.7510416666666667 0.7754629629629629 0.7484375 0.7814814814814814 0.7421875 0.7842592592592592 0.7307291666666667 0.7842592592592592 0.7260416666666667 0.7800925925925926 0.7213541666666666 0.7208333333333333 0.721875 0.6930555555555555 0.72734375 0.687962962962963 0.7377604166666667 0.6865740740740741
0 0.5927083333333333 0.11388888888888889 0.5997395833333333 0.11805555555555555 0.6015625 0.12453703703703704 0.60078125 0.20046296296296295 0.5971354166666667 0.2199074074074074 0.5888020833333333 0.22592592592592592 0.578125 0.22268518518518518 0.57421875 0.2125 0.57578125 0.1259259259259259 0.578125 0.11666666666666667 0.5924479166666666 0.11388888888888889
0 0.8544270833333333 0.12685185185185185 0.8588541666666667 0.13055555555555556 0.8606770833333334 0.1398148148148148 0.8609375 0.20416666666666666 0.85859375 0.22037037037037038 0.85078125 0.22546296296296298 0.8377604166666667 0.22407407407407406 0.8341145833333333 0.21712962962962962 0.8348958333333333 0.13333333333333333 0.8393229166666667 0.12685185185185185 0.8541666666666666 0.12685185185185185
0 0.5856770833333333 0.4074074074074074 0.59921875 0.4148148148148148 0.63515625 0.4462962962962963 0.6369791666666667 0.45555555555555555 0.6328125 0.4810185185185185 0.6307291666666667 0.48564814814814816 0.6270833333333333 0.48657407407407405 0.61640625 0.4828703703703704 0.6057291666666667 0.47175925925925927 0.5778645833333333 0.4537037037037037 0.57109375 0.44583333333333336 0.5708333333333333 0.4324074074074074 0.5744791666666667 0.41759259259259257 0.5778645833333333 0.41064814814814815 0.5854166666666667 0.4074074074074074
0 0.6619791666666667 0.2587962962962963 0.6713541666666667 0.2625 0.6736979166666667 0.27175925925925926 0.6729166666666667 0.3421296296296296 0.66875 0.34675925925925927 0.65078125 0.3458333333333333 0.64765625 0.337037037037037 0.6494791666666667 0.30416666666666664 0.6489583333333333 0.2689814814814815 0.65234375 0.2611111111111111 0.66171875 0.2587962962962963
0 0.8533854166666667 0.24074074074074073 0.85859375 0.2439814814814815 0.86328125 0.2523148148148148 0.8677083333333333 0.32731481481481484 0.8645833333333334 0.3435185185185185 0.8515625 0.3472222222222222 0.8432291666666667 0.3453703703703704 0.8395833333333333 0.3351851851851852 0.8359375 0.2550925925925926 0.8377604166666667 0.24768518518518517 0.8408854166666667 0.2439814814814815 0.853125 0.24074074074074073
0 0.74453125 0.03194444444444444 0.7559895833333333 0.03981481481481482 0.7578125 0.04675925925925926 0.7575520833333333 0.05787037037037037 0.7520833333333333 0.08842592592592592 0.75 0.1125 0.74609375 0.12361111111111112 0.7416666666666667 0.1476851851851852 0.7354166666666667 0.15324074074074073 0.7200520833333334 0.14722222222222223 0.7166666666666667 0.1398148148148148 0.71640625 0.12916666666666668 0.73125 0.04953703703703704 0.7369791666666666 0.034722222222222224 0.7442708333333333 0.03194444444444444
0 0.7182291666666667 0.37222222222222223 0.75234375 0.37546296296296294 0.759375 0.37916666666666665 0.7611979166666667 0.38333333333333336 0.7619791666666667 0.40555555555555556 0.7598958333333333 0.4185185185185185 0.7557291666666667 0.4222222222222222 0.7265625 0.4212962962962963 0.70625 0.4185185185185185 0.70078125 0.4148148148148148 0.6986979166666667 0.4060185185185185 0.7 0.38055555555555554 0.70625 0.3731481481481482 0.71796875 0.37222222222222223
0 0.63046875 0.23148148148148148 0.6356770833333333 0.23425925925925925 0.6395833333333333 0.24768518518518517 0.6403645833333333 0.32314814814814813 0.6385416666666667 0.33796296296296297 0.63046875 0.3435185185185185 0.6184895833333334 0.3425925925925926 0.6135416666666667 0.3347222222222222 0.6119791666666666 0.25277777777777777 0.6127604166666667 0.24027777777777778 0.615625 0.2337962962962963 0.6302083333333334 0.23148148148148148
0 0.8984375 0.5541666666666667 0.90546875 0.5583333333333333 0.9080729166666667 0.5675925925925925 0.9080729166666667 0.6509259259259259 0.90234375 0.6611111111111111 0.8955729166666667 0.662962962962963 0.88671875 0.6620370370370371 0.8817708333333333 0.6550925925925926 0.8796875 0.6189814814814815 0.8802083333333334 0.5606481481481481 0.8869791666666667 0.5537037037037037 0.8981770833333333 0.5541666666666667
0 0.6669270833333333 0.6893518518518519 0.671875 0.6912037037037037 0.6747395833333333 0.6962962962962963 0.675 0.7736111111111111 0.6716145833333333 0.7939814814814815 0.6682291666666667 0.8 0.6630208333333333 0.8027777777777778 0.65078125 0.8013888888888889 0.6466145833333333 0.7935185185185185 0.646875 0.7273148148148149 0.6505208333333333 0.6898148148148148 0.6666666666666666 0.6893518518518519
0 0.6611979166666667 0.9666666666666667 0.6661458333333333 0.9699074074074074 0.671875 0.9810185185185185 0.6739583333333333 0.999537037037037 0.6447916666666667 0.999537037037037 0.6450520833333333 0.9851851851851852 0.6481770833333333 0.9708333333333333 0.6533854166666667 0.9666666666666667 0.6609375 0.9666666666666667
0 0.7427083333333333 0.5319444444444444 0.7497395833333333 0.5361111111111111 0.7515625 0.5421296296296296 0.7513020833333334 0.6180555555555556 0.7481770833333333 0.6337962962962963 0.7390625 0.6375 0.7299479166666667 0.6347222222222222 0.7263020833333333 0.6273148148148148 0.7270833333333333 0.538425925925926 0.73125 0.5328703703703703 0.7424479166666667 0.5319444444444444
0 0.625 0.09722222222222222 0.63046875 0.09861111111111111 0.6356770833333333 0.10601851851851851 0.6377604166666667 0.1175925925925926 0.6388020833333333 0.15046296296296297 0.6372395833333333 0.19953703703703704 0.634375 0.20694444444444443 0.6276041666666666 0.2111111111111111 0.6197916666666666 0.2111111111111111 0.6140625 0.2074074074074074 0.6119791666666666 0.20277777777777778 0.6104166666666667 0.18796296296296297 0.6119791666666666 0.11157407407407408 0.6161458333333333 0.10185185185185185 0.6247395833333333 0.09722222222222222
0 0.96796875 0.24259259259259258 0.9736979166666667 0.2462962962962963 0.9765625 0.2550925925925926 0.97890625 0.2833333333333333 0.9786458333333333 0.3226851851851852 0.9778645833333334 0.33796296296296297 0.975 0.34814814814814815 0.9661458333333334 0.35462962962962963 0.953125 0.3523148148148148 0.94609375 0.34074074074074073 0.9479166666666666 0.28703703703703703 0.9458333333333333 0.2625 0.9528645833333333 0.24444444444444444 0.9677083333333333 0.24259259259259258
0 0.6247395833333333 0.6731481481481482 0.6315104166666666 0.6777777777777778 0.6348958333333333 0.687037037037037 0.6377604166666667 0.7537037037037037 0.6341145833333334 0.7976851851851852 0.6299479166666667 0.8055555555555556 0.6252604166666667 0.8074074074074075 0.6109375 0.8041666666666667 0.6059895833333333 0.7935185185185185 0.6080729166666666 0.7685185185185185 0.60703125 0.737037037037037 0.6088541666666667 0.6962962962962963 0.61328125 0.6768518518518518 0.61640625 0.6736111111111112 0.6244791666666667 0.6731481481481482
0 0.7114583333333333 0.5518518518518518 0.7135416666666666 0.5537037037037037 0.7153645833333333 0.5657407407407408 0.7158854166666667 0.6134259259259259 0.7135416666666666 0.6180555555555556 0.6973958333333333 0.6185185185185185 0.6927083333333334 0.6175925925925926 0.6916666666666667 0.6143518518518518 0.6932291666666667 0.5925925925925926 0.6919270833333333 0.5546296296296296 0.7010416666666667 0.55 0.7111979166666667 0.5518518518518518
0 0.7817708333333333 0.11296296296296296 0.7846354166666667 0.1162037037037037 0.7872395833333333 0.1439814814814815 0.7869791666666667 0.19768518518518519 0.7830729166666667 0.21157407407407408 0.775 0.21712962962962962 0.76328125 0.2101851851851852 0.7606770833333333 0.20277777777777778 0.75859375 0.12407407407407407 0.7609375 0.1162037037037037 0.7653645833333333 0.11203703703703703 0.7815104166666667 0.11296296296296296
0 0.7833333333333333 0.6754629629629629 0.78984375 0.6814814814814815 0.7927083333333333 0.7027777777777777 0.7934895833333333 0.7777777777777778 0.7903645833333334 0.7930555555555555 0.78125 0.7986111111111112 0.7723958333333333 0.7967592592592593 0.7658854166666667 0.7861111111111111 0.7638020833333333 0.6944444444444444 0.7661458333333333 0.6782407407407407 0.7830729166666667 0.6754629629629629
0 0.7028645833333333 0.11574074074074074 0.7098958333333333 0.11898148148148148 0.7114583333333333 0.12407407407407407 0.7130208333333333 0.17222222222222222 0.7111979166666667 0.2064814814814815 0.7091145833333333 0.21064814814814814 0.7018229166666666 0.21435185185185185 0.6893229166666667 0.2125 0.6872395833333333 0.2064814814814815 0.68671875 0.19490740740740742 0.68828125 0.12222222222222222 0.69296875 0.11666666666666667 0.7026041666666667 0.11574074074074074
0 0.5458333333333333 0.6708333333333333 0.5520833333333334 0.674537037037037 0.5544270833333333 0.6814814814814815 0.5565104166666667 0.7662037037037037 0.5536458333333333 0.7814814814814814 0.55 0.7865740740740741 0.5434895833333333 0.7893518518518519 0.5325520833333334 0.7851851851851852 0.52890625 0.7759259259259259 0.5278645833333333 0.6898148148148148 0.5286458333333334 0.6791666666666667 0.53125 0.674537037037037 0.5455729166666666 0.6708333333333333
0 0.81796875 0.23148148148148148 0.8231770833333333 0.23657407407407408 0.825 0.24722222222222223 0.8265625 0.30833333333333335 0.8244791666666667 0.3162037037037037 0.8140625 0.32037037037037036 0.8072916666666666 0.3199074074074074 0.80234375 0.3138888888888889 0.80234375 0.27546296296296297 0.8002604166666667 0.25092592592592594 0.8036458333333333 0.23333333333333334 0.8177083333333334 0.23148148148148148
0 0.7807291666666667 0.22916666666666666 0.7875 0.2337962962962963 0.79140625 0.24537037037037038 0.7924479166666667 0.29305555555555557 0.7911458333333333 0.33055555555555555 0.7872395833333333 0.3388888888888889 0.7815104166666667 0.34074074074074073 0.7690104166666667 0.3384259259259259 0.765625 0.3282407407407407 0.7643229166666666 0.2587962962962963 0.765625 0.23796296296296296 0.771875 0.2300925925925926 0.78046875 0.22916666666666666
0 0.9026041666666667 0.25 0.9104166666666667 0.262037037037037 0.9151041666666667 0.28935185185185186 0.9135416666666667 0.3 0.9151041666666667 0.3263888888888889 0.9140625 0.3523148148148148 0.9109375 0.3592592592592593 0.9026041666666667 0.362962962962963 0.8901041666666667 0.36157407407407405 0.8830729166666667 0.3523148148148148 0.8825520833333333 0.3402777777777778 0.8854166666666666 0.33101851851851855 0.8838541666666667 0.2912037037037037 0.8794270833333333 0.2796296296296296 0.8799479166666667 0.27314814814814814 0.88671875 0.2537037037037037 0.8932291666666666 0.24953703703703703 0.90234375 0.25
0 0.58671875 0.6837962962962963 0.5934895833333333 0.6875 0.596875 0.6953703703703704 0.596875 0.750462962962963 0.59296875 0.8037037037037037 0.5885416666666666 0.8097222222222222 0.58359375 0.8115740740740741 0.57421875 0.8106481481481481 0.56953125 0.8041666666666667 0.5671875 0.7935185185185185 0.5669270833333333 0.7828703703703703 0.56875 0.7754629629629629 0.5666666666666667 0.7550925925925925 0.5690104166666666 0.7486111111111111 0.57109375 0.6930555555555555 0.575 0.6851851851851852 0.5864583333333333 0.6837962962962963
0 0.8591145833333333 0.5467592592592593 0.8682291666666667 0.5523148148148148 0.8705729166666667 0.5657407407407408 0.8671875 0.65 0.8638020833333333 0.6648148148148149 0.859375 0.6689814814814815 0.8484375 0.6685185185185185 0.8421875 0.6643518518518519 0.8395833333333333 0.6574074074074074 0.8388020833333333 0.6444444444444445 0.8421875 0.5916666666666667 0.8416666666666667 0.5736111111111111 0.84375 0.5574074074074075 0.8489583333333334 0.5472222222222223 0.8588541666666667 0.5467592592592593
0 0.8119791666666667 0.6805555555555556 0.82109375 0.6828703703703703 0.8263020833333333 0.6888888888888889 0.8278645833333333 0.7092592592592593 0.8276041666666667 0.7791666666666667 0.825 0.7870370370370371 0.8153645833333333 0.7930555555555555 0.8033854166666666 0.787962962962963 0.8002604166666667 0.7791666666666667 0.7994791666666666 0.7694444444444445 0.80234375 0.7226851851851852 0.8002604166666667 0.6902777777777778 0.8041666666666667 0.6828703703703703 0.81171875 0.6805555555555556