0 0.88828125 0.13055555555555556 0.8921875 0.13287037037037036 0.8947916666666667 0.14027777777777778 0.896875 0.2273148148148148 0.8953125 0.24166666666666667 0.8872395833333333 0.24722222222222223 0.8763020833333334 0.24675925925925926 0.8697916666666666 0.2375 0.8690104166666667 0.1884259259259259 0.86640625 0.15648148148148147 0.86953125 0.13796296296296295 0.8721354166666667 0.13287037037037036 0.8880208333333334 0.13055555555555556
0 0.5432291666666667 0.6828703703703703 0.5510416666666667 0.6875 0.553125 0.6925925925925925 0.5546875 0.7546296296296297 0.5533854166666666 0.7888888888888889 0.5502604166666667 0.7967592592592593 0.5432291666666667 0.8013888888888889 0.5322916666666667 0.799074074074074 0.52734375 0.7888888888888889 0.5270833333333333 0.7574074074074074 0.5239583333333333 0.7138888888888889 0.5252604166666667 0.7 0.52890625 0.6893518518518519 0.5364583333333334 0.6833333333333333 0.54296875 0.6828703703703703
0 0.6265625 0.6828703703703703 0.6299479166666667 0.687037037037037 0.6333333333333333 0.7060185185185185 0.6328125 0.7310185185185185 0.63515625 0.7773148148148148 0.63046875 0.8162037037037037 0.6208333333333333 0.8199074074074074 0.6088541666666667 0.8175925925925925 0.6041666666666666 0.8069444444444445 0.6075520833333333 0.7574074074074074 0.6057291666666667 0.7240740740740741 0.6075520833333333 0.7037037037037037 0.6122395833333333 0.6865740740740741 0.61640625 0.6828703703703703 0.6263020833333334 0.6828703703703703
0 0.18854166666666666 0.2916666666666667 0.19453125 0.2967592592592593 0.19609375 0.30972222222222223 0.1859375 0.37777777777777777 0.18255208333333334 0.3912037037037037 0.17942708333333332 0.3958333333333333 0.16432291666666668 0.39166666666666666 0.16015625 0.38472222222222224 0.15963541666666667 0.37592592592592594 0.16666666666666666 0.32546296296296295 0.17291666666666666 0.2972222222222222 0.17786458333333333 0.29074074074074074 0.18828125 0.2916666666666667
0 0.7033854166666667 0.1300925925925926 0.7088541666666667 0.13657407407407407 0.7104166666666667 0.20416666666666666 0.7078125 0.22175925925925927 0.69921875 0.22777777777777777 0.6895833333333333 0.22685185185185186 0.68515625 0.21944444444444444 0.68515625 0.14027777777777778 0.6890625 0.1310185185185185 0.703125 0.1300925925925926
0 0.9640625 0.13148148148148148 0.9721354166666667 0.14074074074074075 0.9739583333333334 0.14722222222222223 0.9747395833333333 0.16805555555555557 0.97421875 0.2273148148148148 0.9705729166666667 0.23657407407407408 0.9640625 0.2412037037037037 0.9565104166666667 0.24074074074074073 0.9479166666666666 0.23055555555555557 0.9458333333333333 0.21712962962962962 0.94375 0.1587962962962963 0.9447916666666667 0.14722222222222223 0.9489583333333333 0.13518518518518519 0.95625 0.13055555555555556 0.9638020833333333 0.13148148148148148
0 0.8106770833333333 0.10972222222222222 0.8190104166666666 0.11944444444444445 0.821875 0.14305555555555555 0.821875 0.19074074074074074 0.81875 0.20555555555555555 0.8127604166666667 0.21064814814814814 0.8005208333333333 0.20972222222222223 0.7947916666666667 0.20277777777777778 0.7953125 0.16111111111111112 0.7932291666666667 0.14444444444444443 0.7932291666666667 0.13240740740740742 0.7966145833333333 0.11712962962962963 0.80234375 0.11018518518518519 0.8104166666666667 0.10972222222222222
0 0.8578125 0.6972222222222222 0.8661458333333333 0.7013888888888888 0.8705729166666667 0.7166666666666667 0.8721354166666667 0.8050925925925926 0.8697916666666666 0.8143518518518519 0.8627604166666667 0.8175925925925925 0.8473958333333333 0.8138888888888889 0.84296875 0.799074074074074 0.84375 0.7671296296296296 0.8411458333333334 0.7106481481481481 0.8466145833333333 0.6995370370370371 0.8575520833333333 0.6972222222222222
0 0.9028645833333333 0.2652777777777778 0.9078125 0.27546296296296297 0.9091145833333333 0.29305555555555557 0.9125 0.30324074074074076 0.9104166666666667 0.3125 0.9119791666666667 0.3560185185185185 0.9098958333333333 0.36944444444444446 0.9013020833333333 0.37592592592592594 0.8869791666666667 0.37453703703703706 0.8799479166666667 0.362962962962963 0.88203125 0.3055555555555556 0.8776041666666666 0.29305555555555557 0.8776041666666666 0.287962962962963 0.8815104166666666 0.2722222222222222 0.8861979166666667 0.2652777777777778 0.8911458333333333 0.26296296296296295 0.9026041666666667 0.2652777777777778
0 0.0296875 0.33611111111111114 0.039322916666666666 0.3416666666666667 0.04088541666666667 0.3486111111111111 0.040364583333333336 0.36435185185185187 0.0328125 0.4222222222222222 0.029166666666666667 0.4324074074074074 0.023177083333333334 0.43657407407407406 0.015364583333333333 0.4351851851851852 0.0078125 0.4287037037037037 0.005729166666666666 0.41805555555555557 0.005989583333333334 0.40555555555555556 0.014583333333333334 0.3421296296296296 0.01953125 0.33796296296296297 0.029427083333333333 0.33611111111111114
0 0.6260416666666667 0.549074074074074 0.6299479166666667 0.5532407407407407 0.63203125 0.5675925925925925 0.6346354166666667 0.65 0.63046875 0.663425925925926 0.6239583333333333 0.6666666666666666 0.6106770833333334 0.6657407407407407 0.6059895833333333 0.6537037037037037 0.603125 0.5717592592592593 0.6059895833333333 0.5518518518518518 0.6127604166666667 0.5486111111111112 0.62578125 0.549074074074074
0 0.8572916666666667 0.5597222222222222 0.8635416666666667 0.5625 0.8671875 0.5685185185185185 0.8671875 0.6273148148148148 0.8640625 0.6699074074074074 0.86015625 0.6796296296296296 0.8565104166666667 0.6814814814814815 0.8411458333333334 0.6787037037037037 0.8375 0.6712962962962963 0.8369791666666667 0.6620370370370371 0.8419270833333333 0.5703703703703704 0.8463541666666666 0.5601851851851852 0.85703125 0.5597222222222222
0 0.73984375 0.2601851851851852 0.74609375 0.26435185185185184 0.7486979166666666 0.26944444444444443 0.7513020833333334 0.2972222222222222 0.75234375 0.3574074074074074 0.7505208333333333 0.362962962962963 0.7447916666666666 0.3662037037037037 0.7307291666666667 0.36342592592592593 0.728125 0.35833333333333334 0.7268229166666667 0.3476851851851852 0.7244791666666667 0.275 0.73046875 0.26296296296296295 0.7395833333333334 0.2601851851851852
0 0.6614583333333334 0.12824074074074074 0.671875 0.13333333333333333 0.6747395833333333 0.15462962962962962 0.6731770833333334 0.22962962962962963 0.66953125 0.2375 0.66015625 0.24351851851851852 0.6536458333333334 0.24259259259259258 0.6489583333333333 0.23796296296296296 0.6458333333333334 0.2310185185185185 0.6447916666666667 0.2199074074074074 0.65 0.13703703703703704 0.6533854166666667 0.1300925925925926 0.6611979166666667 0.12824074074074074
0 0.7447916666666666 0.5458333333333333 0.7486979166666666 0.55 0.7497395833333333 0.5550925925925926 0.7489583333333333 0.6370370370370371 0.7453125 0.6472222222222223 0.7390625 0.649537037037037 0.72734375 0.6476851851851851 0.7239583333333334 0.6402777777777777 0.72421875 0.5555555555555556 0.725 0.55 0.7302083333333333 0.5449074074074074 0.74453125 0.5458333333333333
0 0.5893229166666667 0.25277777777777777 0.59921875 0.25833333333333336 0.60078125 0.29907407407407405 0.6005208333333333 0.36203703703703705 0.5955729166666667 0.3763888888888889 0.5903645833333333 0.37824074074074077 0.5778645833333333 0.3763888888888889 0.5736979166666667 0.3699074074074074 0.57109375 0.3560185185185185 0.57421875 0.26435185185185184 0.578125 0.25462962962962965 0.5890625 0.25277777777777777
0 0.58515625 0.6962962962962963 0.59375 0.7027777777777777 0.5953125 0.7175925925925926 0.5927083333333333 0.7615740740740741 0.59296875 0.8060185185185185 0.58984375 0.8208333333333333 0.58359375 0.8245370370370371 0.5721354166666667 0.8240740740740741 0.5669270833333333 0.8171296296296297 0.5658854166666667 0.7643518518518518 0.5684895833333333 0.7449074074074075 0.5697916666666667 0.7037037037037037 0.5744791666666667 0.6958333333333333 0.5848958333333333 0.6962962962962963
0 0.7046875 0.562962962962963 0.7109375 0.5657407407407408 0.71328125 0.5745370370370371 0.7140625 0.625 0.71328125 0.6296296296296297 0.7109375 0.6310185185185185 0.6934895833333333 0.6310185185185185 0.6893229166666667 0.6268518518518519 0.69140625 0.6097222222222223 0.68984375 0.5675925925925925 0.6932291666666667 0.5638888888888889 0.7044270833333334 0.562962962962963
0 0.696875 0.6884259259259259 0.7065104166666667 0.6916666666666667 0.71015625 0.6995370370370371 0.7111979166666667 0.7092592592592593 0.71171875 0.7759259259259259 0.7098958333333333 0.8037037037037037 0.7057291666666666 0.8078703703703703 0.6885416666666667 0.8069444444444445 0.6838541666666667 0.8041666666666667 0.6809895833333334 0.7972222222222223 0.6841145833333333 0.7 0.6885416666666667 0.6898148148148148 0.6966145833333334 0.6884259259259259
0 0.7385416666666667 0.6990740740740741 0.7434895833333334 0.7032407407407407 0.7455729166666667 0.712037037037037 0.7489583333333333 0.7583333333333333 0.7481770833333333 0.7898148148148149 0.7447916666666666 0.7949074074074074 0.7377604166666667 0.7972222222222223 0.7270833333333333 0.7967592592592593 0.7236979166666667 0.7930555555555555 0.7190104166666667 0.7074074074074074 0.7247395833333333 0.700462962962963 0.73828125 0.6990740740740741
0 0.85 0.1398148148148148 0.8559895833333333 0.14351851851851852 0.8572916666666667 0.14953703703703702 0.8575520833333333 0.2222222222222222 0.8546875 0.2351851851851852 0.8479166666666667 0.2388888888888889 0.8348958333333333 0.2375 0.8315104166666667 0.2310185185185185 0.83203125 0.15046296296296297 0.8348958333333333 0.14166666666666666 0.8497395833333333 0.1398148148148148
0 0.81484375 0.6930555555555555 0.8213541666666667 0.6967592592592593 0.8239583333333333 0.7027777777777777 0.82578125 0.7444444444444445 0.8247395833333333 0.7902777777777777 0.82109375 0.8009259259259259 0.8151041666666666 0.8046296296296296 0.80625 0.8037037037037037 0.7997395833333333 0.7962962962962963 0.7989583333333333 0.7328703703703704 0.7971354166666667 0.7134259259259259 0.79765625 0.7032407407407407 0.80078125 0.6958333333333333 0.8145833333333333 0.6930555555555555
0 0.6588541666666666 0.27175925925925926 0.66875 0.2759259259259259 0.671875 0.28703703703703703 0.6703125 0.35555555555555557 0.6619791666666667 0.36018518518518516 0.6502604166666667 0.3597222222222222 0.6466145833333333 0.35694444444444445 0.6453125 0.3523148148148148 0.6473958333333333 0.2791666666666667 0.6510416666666666 0.27314814814814814 0.65859375 0.27175925925925926
0 0.55390625 0.5425925925925926 0.5583333333333333 0.5449074074074074 0.559375 0.55 0.5583333333333333 0.637962962962963 0.5557291666666667 0.6541666666666667 0.54765625 0.6597222222222222 0.5364583333333334 0.6574074074074074 0.5330729166666667 0.6541666666666667 0.5315104166666667 0.6472222222222223 0.5333333333333333 0.5467592592592593 0.53984375 0.5407407407407407 0.5536458333333333 0.5425925925925926
0 0.69609375 0.2564814814814815 0.7080729166666667 0.2611111111111111 0.7109375 0.27175925925925926 0.7098958333333333 0.35694444444444445 0.7065104166666667 0.3611111111111111 0.6953125 0.3625 0.6885416666666667 0.3597222222222222 0.6864583333333333 0.35555555555555557 0.6848958333333334 0.26666666666666666 0.6890625 0.25833333333333336 0.6958333333333333 0.2569444444444444
0 0.6234375 0.2439814814814815 0.6328125 0.24675925925925926 0.6372395833333333 0.2550925925925926 0.6388020833333333 0.32407407407407407 0.6369791666666667 0.3490740740740741 0.6302083333333334 0.3560185185185185 0.6244791666666667 0.35694444444444445 0.6169270833333333 0.3560185185185185 0.6127604166666667 0.35138888888888886 0.6109375 0.33240740740740743 0.6104166666666667 0.2587962962962963 0.6140625 0.24768518518518517 0.6231770833333333 0.2439814814814815
0 0.89765625 0.5675925925925925 0.9020833333333333 0.5708333333333333 0.9046875 0.5782407407407407 0.90625 0.6546296296296297 0.9010416666666666 0.6717592592592593 0.89609375 0.675 0.8838541666666667 0.6736111111111112 0.8799479166666667 0.6685185185185185 0.8765625 0.6111111111111112 0.8786458333333333 0.5708333333333333 0.8841145833333334 0.5666666666666667 0.8973958333333333 0.5675925925925925
0 0.9330729166666667 0.5564814814814815 0.9393229166666667 0.5601851851851852 0.9447916666666667 0.5773148148148148 0.946875 0.612037037037037 0.946875 0.6648148148148149 0.9434895833333333 0.6773148148148148 0.9328125 0.6814814814814815 0.921875 0.6763888888888889 0.9182291666666667 0.6652777777777777 0.9177083333333333 0.6189814814814815 0.9145833333333333 0.5768518518518518 0.91484375 0.5685185185185185 0.9184895833333333 0.5601851851851852 0.9328125 0.5564814814814815
0 0.659375 0.9787037037037037 0.6666666666666666 0.9847222222222223 0.6708333333333333 0.9944444444444445 0.6708333333333333 0.999537037037037 0.6421875 0.999537037037037 0.6458333333333334 0.9842592592592593 0.6505208333333333 0.9800925925925926 0.6591145833333333 0.9787037037037037
0 0.853125 0.25462962962962965 0.859375 0.26296296296296295 0.8614583333333333 0.2722222222222222 0.8651041666666667 0.33287037037037037 0.8630208333333333 0.3574074074074074 0.8567708333333334 0.36018518518518516 0.8432291666666667 0.3597222222222222 0.83828125 0.35555555555555557 0.83359375 0.28379629629629627 0.8341145833333333 0.26666666666666666 0.8372395833333334 0.25787037037037036 0.84296875 0.25416666666666665 0.8528645833333334 0.25462962962962965
0 0.7216145833333333 0.38425925925925924 0.7533854166666667 0.3921296296296296 0.7552083333333334 0.3976851851851852 0.7549479166666667 0.425462962962963 0.75234375 0.43287037037037035 0.7453125 0.4351851851851852 0.7041666666666667 0.43194444444444446 0.69375 0.42592592592592593 0.6924479166666667 0.4041666666666667 0.6955729166666667 0.3888888888888889 0.7026041666666667 0.38472222222222224 0.7213541666666666 0.38425925925925924
0 0.6231770833333333 0.11064814814814815 0.63125 0.11527777777777778 0.6356770833333333 0.1300925925925926 0.63671875 0.1726851851851852 0.6341145833333334 0.21666666666666667 0.62578125 0.22407407407407406 0.6171875 0.22407407407407406 0.6114583333333333 0.2199074074074074 0.609375 0.20833333333333334 0.609375 0.1300925925925926 0.61328125 0.1162037037037037 0.6229166666666667 0.1111111111111111
0 0.9614583333333333 0.2550925925925926 0.971875 0.26296296296296295 0.9760416666666667 0.29305555555555557 0.9747395833333333 0.35462962962962963 0.9703125 0.36435185185185187 0.96328125 0.3680555555555556 0.94921875 0.36435185185185187 0.9427083333333334 0.3490740740740741 0.9455729166666667 0.3074074074074074 0.9453125 0.2912037037037037 0.94296875 0.2810185185185185 0.94375 0.27175925925925926 0.94921875 0.2587962962962963 0.9611979166666667 0.2550925925925926
0 0.7802083333333333 0.687962962962963 0.7861979166666667 0.6902777777777778 0.7885416666666667 0.6972222222222222 0.7916666666666666 0.7828703703703703 0.78984375 0.8 0.7859375 0.8074074074074075 0.7809895833333333 0.8106481481481481 0.7684895833333333 0.8078703703703703 0.7630208333333334 0.7967592592592593 0.7619791666666667 0.7375 0.7619791666666667 0.7083333333333334 0.7643229166666666 0.6925925925925925 0.7682291666666666 0.6888888888888889 0.7799479166666666 0.687962962962963
0 0.7760416666666666 0.5564814814814815 0.7830729166666667 0.5592592592592592 0.7869791666666667 0.5648148148148148 0.7901041666666667 0.6287037037037037 0.78828125 0.6574074074074074 0.78515625 0.6615740740740741 0.7770833333333333 0.6643518518518519 0.7674479166666667 0.6620370370370371 0.7630208333333334 0.6504629629629629 0.7635416666666667 0.6087962962962963 0.7606770833333333 0.5763888888888888 0.7619791666666667 0.5648148148148148 0.7643229166666666 0.5606481481481481 0.77578125 0.5564814814814815
0 0.6229166666666667 0.42453703703703705 0.6369791666666667 0.44722222222222224 0.6614583333333334 0.5009259259259259 0.659375 0.5152777777777777 0.6479166666666667 0.5310185185185186 0.64375 0.5300925925925926 0.6372395833333333 0.5217592592592593 0.628125 0.49907407407407406 0.6197916666666666 0.48703703703703705 0.6135416666666667 0.4708333333333333 0.6044270833333333 0.45601851851851855 0.6044270833333333 0.4425925925925926 0.609375 0.43148148148148147 0.6161458333333333 0.42407407407407405 0.62265625 0.42453703703703705
0 0.5901041666666667 0.12731481481481483 0.5989583333333334 0.1337962962962963 0.6005208333333333 0.17222222222222222 0.5984375 0.22361111111111112 0.5940104166666667 0.2351851851851852 0.5875 0.23935185185185184 0.578125 0.23842592592592593 0.5744791666666667 0.23425925925925925 0.57109375 0.22314814814814815 0.5708333333333333 0.21203703703703702 0.57421875 0.13425925925925927 0.57734375 0.12916666666666668 0.58984375 0.12731481481481483
0 0.66796875 0.7023148148148148 0.6729166666666667 0.7097222222222223 0.6721354166666667 0.7870370370370371 0.6690104166666667 0.8074074074074075 0.6611979166666667 0.8157407407407408 0.6497395833333334 0.8138888888888889 0.6450520833333333 0.8055555555555556 0.64609375 0.7162037037037037 0.65078125 0.7023148148148148 0.6677083333333333 0.7023148148148148
0 0.7416666666666667 0.09861111111111111 0.7463541666666667 0.10277777777777777 0.7489583333333333 0.11481481481481481 0.74765625 0.2 0.7447916666666666 0.21388888888888888 0.7346354166666667 0.2199074074074074 0.7239583333333334 0.2175925925925926 0.7192708333333333 0.2101851851851852 0.7213541666666666 0.17083333333333334 0.7205729166666667 0.12638888888888888 0.7223958333333333 0.10972222222222222 0.7260416666666667 0.10138888888888889 0.7317708333333334 0.09768518518518518 0.74140625 0.09861111111111111
0 0.8161458333333333 0.5564814814814815 0.8208333333333333 0.5601851851851852 0.8229166666666666 0.5671296296296297 0.8255208333333334 0.6268518518518519 0.82421875 0.6611111111111111 0.8158854166666667 0.6675925925925926 0.803125 0.6666666666666666 0.7984375 0.6611111111111111 0.7986979166666667 0.6148148148148148 0.7963541666666667 0.5745370370370371 0.7973958333333333 0.5638888888888889 0.8002604166666667 0.5574074074074075 0.8158854166666667 0.5564814814814815
0 0.8145833333333333 0.2439814814814815 0.8190104166666666 0.2462962962962963 0.8216145833333334 0.2518518518518518 0.8239583333333333 0.2828703703703704 0.8236979166666667 0.3236111111111111 0.82109375 0.33101851851851855 0.8174479166666667 0.33287037037037037 0.8033854166666666 0.33240740740740743 0.8 0.325 0.7994791666666666 0.2518518518518518 0.8041666666666667 0.2449074074074074 0.8143229166666667 0.2439814814814815
0 0.7747395833333334 0.2412037037037037 0.7856770833333333 0.24814814814814815 0.78984375 0.26157407407407407 0.7901041666666667 0.3384259259259259 0.7877604166666666 0.3490740740740741 0.7817708333333333 0.35324074074074074 0.7682291666666666 0.3523148148148148 0.7651041666666667 0.3486111111111111 0.76328125 0.33796296296296297 0.7611979166666667 0.2796296296296296 0.7619791666666667 0.2550925925925926 0.765625 0.24583333333333332 0.7744791666666667 0.2412037037037037
0 0.77109375 0.12546296296296297 0.7822916666666667 0.1300925925925926 0.7856770833333333 0.17453703703703705 0.78359375 0.2199074074074074 0.77265625 0.2300925925925926 0.76484375 0.22592592592592592 0.7627604166666667 0.21851851851851853 0.7578125 0.21481481481481482 0.7565104166666666 0.1537037037037037 0.7583333333333333 0.1300925925925926 0.7619791666666667 0.12638888888888888 0.7708333333333334 0.12546296296296297
0 0.5721354166666667 0.8537037037037037 0.5755208333333334 0.8560185185185185 0.5776041666666667 0.8657407407407407 0.578125 0.8907407407407407 0.5760416666666667 0.8976851851851851 0.56015625 0.9032407407407408 0.5270833333333333 0.9064814814814814 0.5166666666666667 0.9055555555555556 0.5122395833333333 0.9004629629629629 0.51015625 0.887962962962963 0.51015625 0.8699074074074075 0.5122395833333333 0.8625 0.521875 0.8569444444444444 0.571875 0.8537037037037037