0 0.115625 0.287962962962963 0.052083333333333336 0.04259259259259259
0 0.1109375 0.33611111111111114 0.057291666666666664 0.03888888888888889
0 0.42916666666666664 0.28888888888888886 0.05416666666666667 0.040740740740740744
0 0.9328125 0.2490740740740741 0.051041666666666666 0.03888888888888889
0 0.9390625 0.5777777777777777 0.05520833333333333 0.040740740740740744
0 0.94375 0.4361111111111111 0.0625 0.03888888888888889
0 0.9411458333333333 0.3888888888888889 0.065625 0.040740740740740744
0 0.8765625 0.42962962962962964 0.057291666666666664 0.04814814814814815
0 0.5927083333333333 0.24351851851851852 0.05625 0.05
0 0.2682291666666667 0.337037037037037 0.051041666666666666 0.037037037037037035
0 0.7036458333333333 0.24259259259259258 0.053125 0.04814814814814815
0 0.8864583333333333 0.48518518518518516 0.06666666666666667 0.037037037037037035
0 0.7119791666666667 0.537962962962963 0.057291666666666664 0.03888888888888889
0 0.7666666666666667 0.725925925925926 0.05625 0.037037037037037035
0 0.42864583333333334 0.7759259259259259 0.057291666666666664 0.040740740740740744
0 0.21614583333333334 0.575 0.051041666666666666 0.03888888888888889
0 0.7614583333333333 0.3351851851851852 0.052083333333333336 0.040740740740740744
0 0.5981770833333333 0.5328703703703703 0.059895833333333336 0.04351851851851852
0 0.27239583333333334 0.24351851851851852 0.053125 0.03888888888888889
0 0.8760416666666667 0.34444444444444444 0.058333333333333334 0.040740740740740744
0 0.9416666666666667 0.6259259259259259 0.05416666666666667 0.040740740740740744
0 0.7609375 0.8712962962962963 0.065625 0.04259259259259259
0 0.7072916666666667 0.725925925925926 0.052083333333333336 0.040740740740740744
0 0.875 0.25462962962962965 0.05625 0.04259259259259259
0 0.9481770833333333 0.8736111111111111 0.0671875 0.04722222222222222
0 0.8864583333333333 0.5342592592592592 0.058333333333333334 0.03888888888888889
0 0.4348958333333333 0.575 0.053125 0.03888888888888889
0 0.59375 0.7805555555555556 0.0625 0.04259259259259259
0 0.5380208333333333 0.3851851851851852 0.057291666666666664 0.044444444444444446
0 0.5989583333333334 0.5824074074074074 0.05416666666666667 0.03888888888888889
0 0.8822916666666667 0.5768518518518518 0.05416666666666667 0.03518518518518519
0 0.37552083333333336 0.3888888888888889 0.04895833333333333 0.040740740740740744
0 0.5395833333333333 0.725 0.06458333333333334 0.04259259259259259
0 0.7625 0.3925925925925926 0.0625 0.04814814814814815
0 0.37083333333333335 0.8222222222222222 0.052083333333333336 0.040740740740740744
0 0.11822916666666666 0.4351851851851852 0.057291666666666664 0.037037037037037035
0 0.27291666666666664 0.2916666666666667 0.05 0.03888888888888889
0 0.7630208333333334 0.5796296296296296 0.057291666666666664 0.040740740740740744
0 0.275 0.575925925925926 0.05 0.040740740740740744
0 0.7619791666666667 0.18888888888888888 0.07604166666666666 0.05185185185185185
0 0.11302083333333333 0.387037037037037 0.051041666666666666 0.040740740740740744
0 0.9473958333333333 0.7731481481481481 0.05520833333333333 0.03888888888888889
0 0.940625 0.29444444444444445 0.058333333333333334 0.040740740740740744
0 0.10520833333333333 0.5425925925925926 0.06875 0.04814814814814815
0 0.10208333333333333 0.8703703703703703 0.058333333333333334 0.040740740740740744
0 0.9489583333333333 0.8231481481481482 0.05625 0.03888888888888889
0 0.2140625 0.6240740740740741 0.051041666666666666 0.040740740740740744
0 0.11041666666666666 0.674074074074074 0.052083333333333336 0.040740740740740744
0 0.05625 0.43425925925925923 0.05 0.03888888888888889
0 0.9307291666666667 0.2037037037037037 0.051041666666666666 0.040740740740740744
0 0.10572916666666667 0.7712962962962963 0.04895833333333333 0.03518518518518519
0 0.5328125 0.825925925925926 0.059375 0.044444444444444446
0 0.11354166666666667 0.4824074074074074 0.04791666666666667 0.03888888888888889
0 0.7630208333333334 0.8203703703703704 0.051041666666666666 0.037037037037037035
0 0.43125 0.7157407407407408 0.0625 0.03888888888888889
0 0.37552083333333336 0.6268518518518519 0.051041666666666666 0.04259259259259259
0 0.8755208333333333 0.2074074074074074 0.051041666666666666 0.037037037037037035
0 0.2640625 0.3824074074074074 0.057291666666666664 0.03888888888888889
0 0.0546875 0.48333333333333334 0.05520833333333333 0.037037037037037035
0 0.7682291666666666 0.6814814814814815 0.06145833333333333 0.037037037037037035
0 0.26458333333333334 0.4351851851851852 0.04791666666666667 0.037037037037037035
0 0.43072916666666666 0.43148148148148147 0.05520833333333333 0.037037037037037035
0 0.2682291666666667 0.8203703703703704 0.057291666666666664 0.037037037037037035
0 0.5994791666666667 0.4305555555555556 0.057291666666666664 0.046296296296296294
0 0.7666666666666667 0.6351851851851852 0.06041666666666667 0.040740740740740744
0 0.534375 0.8870370370370371 0.06041666666666667 0.044444444444444446
0 0.4317708333333333 0.38425925925925924 0.057291666666666664 0.03888888888888889
0 0.7005208333333334 0.30092592592592593 0.04895833333333333 0.04259259259259259
0 0.6052083333333333 0.3416666666666667 0.075 0.06111111111111111
0 0.7578125 0.24537037037037038 0.051041666666666666 0.03888888888888889
0 0.40520833333333334 0.8833333333333333 0.09583333333333334 0.05185185185185185
0 0.7510416666666667 0.4925925925925926 0.04583333333333333 0.037037037037037035
0 0.8875 0.7722222222222223 0.05 0.037037037037037035
0 0.27239583333333334 0.6777777777777778 0.053125 0.044444444444444446
0 0.049479166666666664 0.7175925925925926 0.051041666666666666 0.03148148148148148
0 0.3765625 0.33611111111111114 0.046875 0.03888888888888889
0 0.540625 0.4351851851851852 0.05416666666666667 0.040740740740740744
0 0.43645833333333334 0.6324074074074074 0.05416666666666667 0.046296296296296294
0 0.2125 0.7694444444444445 0.05 0.03888888888888889
0 0.22786458333333334 0.1125 0.0609375 0.05648148148148148
0 0.065625 0.2490740740740741 0.04791666666666667 0.03888888888888889
0 0.11979166666666667 0.2462962962962963 0.04791666666666667 0.037037037037037035
0 0.5380208333333333 0.4861111111111111 0.06145833333333333 0.04259259259259259
0 0.7635416666666667 0.774074074074074 0.058333333333333334 0.040740740740740744
0 0.11197916666666667 0.7222222222222222 0.03229166666666667 0.037037037037037035
0 0.8864583333333333 0.8231481481481482 0.052083333333333336 0.03888888888888889
0 0.2671875 0.8731481481481481 0.05520833333333333 0.03888888888888889
0 0.5625 0.025 0.05625 0.05
0 0.7041666666666667 0.6324074074074074 0.05416666666666667 0.03888888888888889
0 0.5973958333333333 0.8305555555555556 0.057291666666666664 0.03888888888888889
0 0.0515625 0.6481481481481481 0.05520833333333333 0.040740740740740744
0 0.88125 0.6296296296296297 0.05625 0.040740740740740744
0 0.10572916666666667 0.8194444444444444 0.051041666666666666 0.03888888888888889
0 0.20729166666666668 0.8768518518518519 0.052083333333333336 0.04259259259259259
0 0.153125 0.023148148148148147 0.05416666666666667 0.04259259259259259
0 0.7005208333333334 0.4759259259259259 0.06354166666666666 0.05185185185185185
0 0.21770833333333334 0.33611111111111114 0.04791666666666667 0.03888888888888889
0 0.5453125 0.6296296296296297 0.053125 0.040740740740740744
0 0.6015625 0.6296296296296297 0.057291666666666664 0.040740740740740744
0 0.38177083333333334 0.19814814814814816 0.04895833333333333 0.040740740740740744
0 0.2677083333333333 0.4824074074074074 0.05416666666666667 0.03888888888888889
0 0.4322916666666667 0.48518518518518516 0.052083333333333336 0.040740740740740744
0 0.94375 0.7245370370370371 0.06875 0.049074074074074076
0 0.05677083333333333 0.29444444444444445 0.05520833333333333 0.040740740740740744
0 0.8729166666666667 0.10277777777777777 0.05416666666666667 0.04259259259259259
0 0.21875 0.5305555555555556 0.05625 0.03888888888888889
0 0.6994791666666667 0.3861111111111111 0.05520833333333333 0.03888888888888889
0 0.43854166666666666 0.19166666666666668 0.05625 0.046296296296296294
0 0.04791666666666667 0.7712962962962963 0.052083333333333336 0.04259259259259259
0 0.046875 0.5824074074074074 0.058333333333333334 0.03888888888888889
0 0.6552083333333333 0.6435185185185185 0.027083333333333334 0.07962962962962963
0 0.384375 0.2490740740740741 0.05 0.03888888888888889