0 0.8921875 0.12638888888888888 0.8958333333333334 0.12962962962962962 0.8973958333333333 0.13796296296296295 0.9010416666666666 0.1962962962962963 0.8979166666666667 0.2351851851851852 0.89453125 0.24074074074074073 0.8880208333333334 0.24212962962962964 0.8763020833333334 0.2412037037037037 0.8723958333333334 0.23472222222222222 0.8708333333333333 0.22361111111111112 0.8716145833333333 0.1814814814814815 0.8690104166666667 0.15416666666666667 0.8734375 0.1300925925925926 0.8799479166666667 0.12546296296296297 0.8919270833333334 0.12638888888888888
0 0.671875 0.6986111111111111 0.6747395833333333 0.7027777777777777 0.6755208333333333 0.7097222222222223 0.6744791666666666 0.7865740740740741 0.671875 0.8041666666666667 0.6653645833333334 0.8115740740740741 0.6541666666666667 0.8111111111111111 0.646875 0.8032407407407407 0.64765625 0.7231481481481481 0.6510416666666666 0.6986111111111111 0.6716145833333333 0.6986111111111111
0 0.8151041666666666 0.1050925925925926 0.8221354166666667 0.11851851851851852 0.8252604166666667 0.14583333333333334 0.8252604166666667 0.17175925925925925 0.8213541666666667 0.2 0.8140625 0.20555555555555555 0.8033854166666666 0.2050925925925926 0.7997395833333333 0.20277777777777778 0.7966145833333333 0.19583333333333333 0.7981770833333334 0.1597222222222222 0.7958333333333333 0.12685185185185185 0.79765625 0.11574074074074074 0.8026041666666667 0.10648148148148148 0.81484375 0.1050925925925926
0 0.6268229166666667 0.6787037037037037 0.6338541666666667 0.6810185185185185 0.6348958333333333 0.6851851851851852 0.6372395833333333 0.7194444444444444 0.63671875 0.7837962962962963 0.6328125 0.8101851851851852 0.6294270833333333 0.8148148148148148 0.6203125 0.8157407407407408 0.6114583333333333 0.8125 0.6057291666666667 0.8018518518518518 0.6059895833333333 0.7578703703703704 0.6080729166666666 0.7425925925925926 0.6088541666666667 0.7064814814814815 0.6122395833333333 0.6884259259259259 0.6158854166666666 0.6805555555555556 0.6265625 0.6787037037037037
0 0.7411458333333333 0.25555555555555554 0.7484375 0.26064814814814813 0.7520833333333333 0.275 0.7549479166666667 0.34444444444444444 0.75390625 0.35555555555555557 0.74921875 0.3592592592592593 0.7375 0.36018518518518516 0.7307291666666667 0.35555555555555557 0.7294270833333333 0.35 0.7260416666666667 0.2722222222222222 0.7325520833333333 0.2587962962962963 0.7408854166666666 0.25601851851851853
0 0.08411458333333334 0.014814814814814815 0.09322916666666667 0.020370370370370372 0.0953125 0.025 0.09713541666666667 0.040740740740740744 0.09635416666666667 0.06759259259259259 0.08307291666666666 0.12268518518518519 0.07864583333333333 0.12731481481481483 0.06354166666666666 0.12129629629629629 0.05911458333333333 0.11203703703703703 0.058854166666666666 0.10416666666666667 0.0625 0.07546296296296297 0.07395833333333333 0.020370370370370372 0.07760416666666667 0.014351851851851852 0.08385416666666666 0.014814814814814815
0 0.7020833333333333 0.2523148148148148 0.7078125 0.25416666666666665 0.71171875 0.25972222222222224 0.7140625 0.32314814814814813 0.7111979166666667 0.35324074074074074 0.7 0.35833333333333334 0.6919270833333333 0.35648148148148145 0.6888020833333334 0.35138888888888886 0.6864583333333333 0.2828703703703704 0.6885416666666667 0.2564814814814815 0.6921875 0.25324074074074077 0.7018229166666666 0.2523148148148148
0 0.9604166666666667 0.12453703703703704 0.9684895833333333 0.12685185185185185 0.97421875 0.13333333333333333 0.9763020833333333 0.14074074074074075 0.9770833333333333 0.15787037037037038 0.9768229166666667 0.22453703703703703 0.9716145833333333 0.23425925925925925 0.9638020833333333 0.23657407407407408 0.953125 0.2324074074074074 0.9479166666666666 0.21898148148148147 0.946875 0.14444444444444443 0.9520833333333333 0.12962962962962962 0.96015625 0.12453703703703704
0 0.8177083333333334 0.5513888888888889 0.8239583333333333 0.5569444444444445 0.8268229166666666 0.5773148148148148 0.8270833333333333 0.6527777777777778 0.8244791666666667 0.6611111111111111 0.8151041666666666 0.6643518518518519 0.8033854166666666 0.6611111111111111 0.8 0.6537037037037037 0.80078125 0.6055555555555555 0.7989583333333333 0.5666666666666667 0.7997395833333333 0.5574074074074075 0.8028645833333333 0.5523148148148148 0.8174479166666667 0.5513888888888889
0 0.8614583333333333 0.6930555555555555 0.8674479166666667 0.6953703703703704 0.8713541666666667 0.7023148148148148 0.8744791666666667 0.7393518518518518 0.87421875 0.8050925925925926 0.871875 0.8106481481481481 0.8651041666666667 0.8134259259259259 0.8486979166666667 0.8092592592592592 0.8440104166666667 0.7916666666666666 0.8463541666666666 0.7662037037037037 0.8434895833333333 0.7171296296296297 0.8442708333333333 0.7050925925925926 0.8489583333333334 0.6953703703703704 0.8611979166666667 0.6930555555555555
0 0.89921875 0.25787037037037036 0.90859375 0.2657407407407407 0.9153645833333334 0.29907407407407405 0.9135416666666667 0.31296296296296294 0.9135416666666667 0.3625 0.9106770833333333 0.3675925925925926 0.9018229166666667 0.37083333333333335 0.890625 0.36944444444444446 0.8825520833333333 0.35833333333333334 0.8848958333333333 0.33055555555555555 0.8828125 0.2935185185185185 0.8796875 0.2898148148148148 0.8799479166666667 0.2824074074074074 0.88671875 0.26157407407407407 0.8989583333333333 0.25787037037037036
0 0.6635416666666667 0.8481481481481481 0.67734375 0.8486111111111111 0.6841145833333333 0.8527777777777777 0.6864583333333333 0.8662037037037037 0.6846354166666667 0.8935185185185185 0.6796875 0.8967592592592593 0.6359375 0.8976851851851851 0.6265625 0.8972222222222223 0.61953125 0.8912037037037037 0.6171875 0.8699074074074075 0.61953125 0.8532407407407407 0.6263020833333334 0.8481481481481481 0.66328125 0.8481481481481481
0 0.55078125 0.5370370370370371 0.5606770833333333 0.5416666666666666 0.5611979166666666 0.5666666666666667 0.559375 0.6435185185185185 0.5572916666666666 0.6513888888888889 0.5510416666666667 0.6550925925925926 0.5359375 0.6509259259259259 0.5333333333333333 0.6388888888888888 0.5361979166666667 0.5407407407407407 0.5401041666666667 0.5370370370370371 0.5505208333333333 0.5370370370370371
0 0.8950520833333333 0.5615740740740741 0.90546875 0.5666666666666667 0.9078125 0.5740740740740741 0.9091145833333333 0.6199074074074075 0.9080729166666667 0.6583333333333333 0.9046875 0.6666666666666666 0.8984375 0.6708333333333333 0.88359375 0.6685185185185185 0.88125 0.6606481481481481 0.8802083333333334 0.5708333333333333 0.8828125 0.5638888888888889 0.8947916666666667 0.5615740740740741
0 0.6671875 0.12407407407407407 0.6731770833333334 0.12685185185185185 0.6760416666666667 0.1398148148148148 0.6763020833333333 0.22407407407407406 0.6729166666666667 0.23333333333333334 0.6651041666666667 0.23842592592592593 0.6510416666666666 0.23472222222222222 0.64765625 0.2273148148148148 0.646875 0.2199074074074074 0.65234375 0.1300925925925926 0.6572916666666667 0.12453703703703704 0.6669270833333333 0.12407407407407407
0 0.7794270833333333 0.5523148148148148 0.7869791666666667 0.5564814814814815 0.78984375 0.5648148148148148 0.7921875 0.6337962962962963 0.790625 0.6541666666666667 0.7807291666666667 0.6597222222222222 0.771875 0.6592592592592592 0.765625 0.6472222222222223 0.7651041666666667 0.5902777777777778 0.7630208333333334 0.575 0.7635416666666667 0.5638888888888889 0.7661458333333333 0.5569444444444445 0.7791666666666667 0.5523148148148148
0 0.59453125 0.12268518518518519 0.59921875 0.12546296296296297 0.6013020833333333 0.13194444444444445 0.60078125 0.20879629629629629 0.5973958333333333 0.2273148148148148 0.5885416666666666 0.2351851851851852 0.5786458333333333 0.2310185185185185 0.5739583333333333 0.2199074074074074 0.57578125 0.13194444444444445 0.5778645833333333 0.125 0.5809895833333333 0.12314814814814815 0.5942708333333333 0.12268518518518519
0 0.5950520833333334 0.2439814814814815 0.6 0.2462962962962963 0.6018229166666667 0.25462962962962965 0.6026041666666667 0.3537037037037037 0.6015625 0.3592592592592593 0.5963541666666666 0.36712962962962964 0.58671875 0.3699074074074074 0.57734375 0.3648148148148148 0.57421875 0.3523148148148148 0.5763020833333333 0.2574074074074074 0.578125 0.24675925925925926 0.5947916666666667 0.2439814814814815
0 0.7 0.6842592592592592 0.71015625 0.6893518518518519 0.71328125 0.7018518518518518 0.7138020833333333 0.7722222222222223 0.7111979166666667 0.799074074074074 0.7065104166666667 0.8037037037037037 0.6888020833333334 0.8018518518518518 0.68359375 0.7944444444444444 0.6859375 0.6953703703703704 0.6908854166666667 0.6851851851851852 0.6997395833333333 0.6842592592592592
0 0.7411458333333333 0.6953703703703704 0.7458333333333333 0.7 0.7481770833333333 0.711574074074074 0.7510416666666667 0.7828703703703703 0.7484375 0.7893518518518519 0.7408854166666666 0.7925925925925926 0.7299479166666667 0.7925925925925926 0.7263020833333333 0.7888888888888889 0.72109375 0.712037037037037 0.7216145833333333 0.7032407407407407 0.72421875 0.6981481481481482 0.7408854166666666 0.6953703703703704
0 0.5466145833333333 0.6782407407407407 0.5515625 0.6814814814814815 0.5546875 0.6898148148148148 0.55625 0.7726851851851851 0.5533854166666666 0.7898148148148149 0.5505208333333333 0.7944444444444444 0.5440104166666667 0.7972222222222223 0.5348958333333333 0.7953703703703704 0.52890625 0.7837962962962963 0.5278645833333333 0.6981481481481482 0.52890625 0.687962962962963 0.5322916666666667 0.6810185185185185 0.5463541666666667 0.6782407407407407
0 0.6091145833333333 0.4152777777777778 0.6234375 0.42916666666666664 0.6557291666666667 0.47962962962962963 0.6565104166666667 0.4847222222222222 0.6544270833333333 0.49444444444444446 0.6484375 0.5092592592592593 0.6440104166666667 0.513425925925926 0.6302083333333334 0.5032407407407408 0.6177083333333333 0.48148148148148145 0.5950520833333334 0.4532407407407407 0.59375 0.44074074074074077 0.5953125 0.43148148148148147 0.60234375 0.41759259259259257 0.6088541666666667 0.4152777777777778
0 0.6244791666666667 0.5435185185185185 0.6296875 0.5462962962962963 0.6333333333333333 0.5574074074074075 0.63671875 0.6449074074074074 0.6333333333333333 0.6574074074074074 0.6234375 0.662962962962963 0.61328125 0.6615740740740741 0.6088541666666667 0.6527777777777778 0.60546875 0.5657407407407408 0.6059895833333333 0.5537037037037037 0.6088541666666667 0.5462962962962963 0.62421875 0.5435185185185185
0 0.8494791666666667 0.13472222222222222 0.8567708333333334 0.13657407407407407 0.8596354166666667 0.14027777777777778 0.8611979166666667 0.1814814814814815 0.8596354166666667 0.22453703703703703 0.8567708333333334 0.2310185185185185 0.85078125 0.23425925925925925 0.8359375 0.2310185185185185 0.8333333333333334 0.21666666666666667 0.8348958333333333 0.1388888888888889 0.83828125 0.13518518518518519 0.84921875 0.13472222222222222
0 0.6643229166666667 0.2671296296296296 0.66953125 0.2689814814814815 0.6731770833333334 0.2759259259259259 0.6747395833333333 0.31203703703703706 0.6721354166666667 0.35185185185185186 0.66328125 0.35555555555555557 0.65078125 0.3537037037037037 0.6473958333333333 0.3435185185185185 0.6494791666666667 0.324537037037037 0.6479166666666667 0.29583333333333334 0.64921875 0.2759259259259259 0.6533854166666667 0.26805555555555555 0.6640625 0.2671296296296296
0 0.71796875 0.37962962962962965 0.7549479166666667 0.38657407407407407 0.7580729166666667 0.4009259259259259 0.7565104166666666 0.4236111111111111 0.7541666666666667 0.4287037037037037 0.7484375 0.4305555555555556 0.70234375 0.4263888888888889 0.696875 0.42314814814814816 0.6947916666666667 0.4083333333333333 0.69609375 0.3875 0.7026041666666667 0.38055555555555554 0.7177083333333333 0.37962962962962965
0 0.6302083333333334 0.23981481481481481 0.63671875 0.24351851851851852 0.6393229166666666 0.2513888888888889 0.6408854166666667 0.2689814814814815 0.6388020833333333 0.30416666666666664 0.640625 0.33240740740740743 0.6369791666666667 0.34814814814814815 0.6283854166666667 0.3523148148148148 0.6166666666666667 0.35 0.6130208333333333 0.34074074074074073 0.6125 0.2569444444444444 0.6153645833333333 0.24351851851851852 0.6231770833333333 0.23935185185185184 0.6299479166666667 0.23981481481481481
0 0.9375 0.5523148148148148 0.9427083333333334 0.5569444444444445 0.9466145833333334 0.5685185185185185 0.9486979166666667 0.5944444444444444 0.9494791666666667 0.6620370370370371 0.9458333333333333 0.674074074074074 0.9372395833333333 0.6768518518518518 0.9255208333333333 0.6736111111111112 0.9216145833333333 0.6648148148148149 0.91875 0.6337962962962963 0.91875 0.5944444444444444 0.9169270833333333 0.5740740740740741 0.9174479166666667 0.5638888888888889 0.9216145833333333 0.5550925925925926 0.9372395833333333 0.5523148148148148
0 0.6640625 0.975925925925926 0.6716145833333333 0.9875 0.6736979166666667 0.999537037037037 0.6453125 0.999537037037037 0.6479166666666667 0.9805555555555555 0.65546875 0.975462962962963 0.6638020833333333 0.975925925925926
0 0.853125 0.2490740740740741 0.8598958333333333 0.2537037037037037 0.8635416666666667 0.2625 0.8677083333333333 0.33611111111111114 0.8640625 0.3527777777777778 0.8528645833333334 0.3560185185185185 0.84453125 0.35509259259259257 0.840625 0.3486111111111111 0.8361979166666667 0.27037037037037037 0.8385416666666666 0.25462962962962965 0.8434895833333333 0.25046296296296294 0.8528645833333334 0.2490740740740741
0 0.7825520833333334 0.23796296296296296 0.7888020833333333 0.24444444444444444 0.7916666666666666 0.25277777777777777 0.7924479166666667 0.3148148148148148 0.7901041666666667 0.3439814814814815 0.7809895833333333 0.3486111111111111 0.77109375 0.34675925925925927 0.765625 0.3384259259259259 0.7640625 0.262037037037037 0.76484375 0.24768518518518517 0.76796875 0.2412037037037037 0.7739583333333333 0.23657407407407408 0.7822916666666667 0.23796296296296296
0 0.7385416666666667 0.5388888888888889 0.75 0.5430555555555555 0.75234375 0.5689814814814815 0.7510416666666667 0.6337962962962963 0.7484375 0.6412037037037037 0.7401041666666667 0.6453703703703704 0.7302083333333333 0.6430555555555556 0.7270833333333333 0.638425925925926 0.7263020833333333 0.6314814814814815 0.7270833333333333 0.5467592592592593 0.7296875 0.5421296296296296 0.73828125 0.5388888888888889
0 0.6270833333333333 0.10601851851851851 0.6348958333333333 0.1125 0.63828125 0.13333333333333333 0.63671875 0.17824074074074073 0.6380208333333334 0.20185185185185187 0.6341145833333334 0.2152777777777778 0.6270833333333333 0.21944444444444444 0.615625 0.21712962962962962 0.6125 0.21203703703703702 0.6109375 0.20324074074074075 0.6125 0.11944444444444445 0.6174479166666667 0.1087962962962963 0.6268229166666667 0.10601851851851851
0 0.9653645833333333 0.25046296296296294 0.975 0.25833333333333336 0.9776041666666667 0.28888888888888886 0.9776041666666667 0.3388888888888889 0.9760416666666667 0.3537037037037037 0.9736979166666667 0.3592592592592593 0.9653645833333333 0.36342592592592593 0.953125 0.36018518518518516 0.9453125 0.3458333333333333 0.94765625 0.30787037037037035 0.94609375 0.26944444444444443 0.9526041666666667 0.25324074074074077 0.9651041666666667 0.25046296296296294
0 0.859375 0.5546296296296296 0.8692708333333333 0.5611111111111111 0.8703125 0.5856481481481481 0.86640625 0.6648148148148149 0.8627604166666667 0.675 0.85703125 0.6777777777777778 0.84296875 0.6731481481481482 0.8401041666666667 0.6671296296296296 0.8390625 0.6564814814814814 0.8411458333333334 0.6351851851851852 0.8419270833333333 0.5805555555555556 0.8440104166666667 0.5652777777777778 0.8486979166666667 0.5555555555555556 0.8591145833333333 0.5546296296296296
0 0.7065104166666667 0.5583333333333333 0.7135416666666666 0.562037037037037 0.7153645833333333 0.5680555555555555 0.71640625 0.6166666666666667 0.7158854166666667 0.6231481481481481 0.7135416666666666 0.6268518518518519 0.6958333333333333 0.6268518518518519 0.6919270833333333 0.6217592592592592 0.6924479166666667 0.5625 0.70625 0.5583333333333333
0 0.7825520833333334 0.6833333333333333 0.7875 0.6861111111111111 0.7911458333333333 0.6962962962962963 0.7940104166666667 0.7842592592592592 0.7901041666666667 0.8004629629629629 0.7809895833333333 0.8064814814814815 0.771875 0.8041666666666667 0.7666666666666667 0.7972222222222223 0.7638020833333333 0.7407407407407407 0.765625 0.6893518518518519 0.7690104166666667 0.6847222222222222 0.7822916666666667 0.6833333333333333
0 0.703125 0.12453703703703704 0.7091145833333333 0.12638888888888888 0.7114583333333333 0.13148148148148148 0.7119791666666667 0.2064814814814815 0.71015625 0.2175925925925926 0.6994791666666667 0.22268518518518518 0.6893229166666667 0.21944444444444444 0.68671875 0.21064814814814814 0.6875 0.13333333333333333 0.6916666666666667 0.12638888888888888 0.7028645833333333 0.12453703703703704
0 0.7453125 0.09351851851851851 0.7502604166666667 0.10185185185185185 0.7513020833333334 0.11574074074074074 0.75 0.1875 0.7481770833333333 0.2064814814814815 0.73828125 0.21481481481481482 0.7270833333333333 0.21342592592592594 0.7221354166666667 0.20601851851851852 0.7247395833333333 0.15787037037037038 0.7239583333333334 0.125 0.7263020833333333 0.10231481481481482 0.7296875 0.09490740740740741 0.73671875 0.09212962962962963 0.7450520833333333 0.09351851851851851
0 0.5927083333333333 0.6949074074074074 0.59609375 0.7018518518518518 0.5981770833333333 0.7231481481481481 0.5953125 0.7615740740740741 0.5947916666666667 0.8013888888888889 0.5908854166666667 0.8148148148148148 0.5822916666666667 0.8203703703703704 0.57109375 0.8148148148148148 0.5674479166666667 0.8018518518518518 0.571875 0.7041666666666667 0.5731770833333333 0.6962962962962963 0.5770833333333333 0.6925925925925925 0.5859375 0.6916666666666667 0.5924479166666666 0.6949074074074074
0 0.8145833333333333 0.2388888888888889 0.82109375 0.2412037037037037 0.8244791666666667 0.2518518518518518 0.8265625 0.3013888888888889 0.825 0.3236111111111111 0.8135416666666667 0.3282407407407407 0.80703125 0.32731481481481484 0.8020833333333334 0.32083333333333336 0.80078125 0.2523148148148148 0.8041666666666667 0.2412037037037037 0.8143229166666667 0.2388888888888889
0 0.77421875 0.11944444444444445 0.7825520833333334 0.12175925925925926 0.7846354166666667 0.12638888888888888 0.7875 0.17777777777777778 0.7864583333333334 0.2101851851851852 0.7830729166666667 0.2199074074074074 0.7760416666666666 0.22361111111111112 0.76484375 0.22175925925925927 0.76015625 0.2101851851851852 0.76015625 0.1763888888888889 0.7578125 0.1574074074074074 0.75859375 0.13425925925925927 0.76171875 0.12314814814814815 0.7739583333333333 0.11944444444444445
0 0.8166666666666667 0.6898148148148148 0.825 0.6939814814814815 0.8270833333333333 0.6995370370370371 0.8278645833333333 0.7708333333333334 0.82578125 0.7935185185185185 0.8208333333333333 0.799074074074074 0.8145833333333333 0.8009259259259259 0.8049479166666667 0.7967592592592593 0.8010416666666667 0.7861111111111111 0.8018229166666667 0.7333333333333333 0.7994791666666666 0.7018518518518518 0.8028645833333333 0.6921296296296297 0.81640625 0.6898148148148148