0 0.8877604166666667 0.11805555555555555 0.8947916666666667 0.12129629629629629 0.89765625 0.12962962962962962 0.9002604166666667 0.1912037037037037 0.8986979166666667 0.22546296296296298 0.8953125 0.2324074074074074 0.8903645833333333 0.23564814814814813 0.8763020833333334 0.23425925925925925 0.87265625 0.22777777777777777 0.8713541666666667 0.2199074074074074 0.871875 0.17916666666666667 0.8697916666666666 0.1476851851851852 0.87109375 0.13425925925925927 0.8747395833333333 0.12175925925925926 0.8875 0.11805555555555555
0 0.7807291666666667 0.11435185185185186 0.7846354166666667 0.11898148148148148 0.7861979166666667 0.13333333333333333 0.7872395833333333 0.19814814814814816 0.7828125 0.21388888888888888 0.7736979166666667 0.21851851851851853 0.7658854166666667 0.21342592592592594 0.76015625 0.20277777777777778 0.7588541666666667 0.12777777777777777 0.7604166666666666 0.11944444444444445 0.7643229166666666 0.11435185185185186 0.78046875 0.11435185185185186
0 0.6231770833333333 0.6731481481481482 0.6299479166666667 0.675 0.634375 0.6805555555555556 0.6369791666666667 0.7064814814814815 0.63671875 0.7837962962962963 0.63359375 0.8018518518518518 0.6276041666666666 0.8087962962962963 0.61171875 0.8064814814814815 0.6075520833333333 0.8013888888888889 0.60546875 0.7935185185185185 0.6080729166666666 0.775 0.60625 0.7546296296296297 0.6088541666666667 0.6990740740740741 0.6138020833333333 0.6773148148148148 0.6161458333333333 0.674074074074074 0.6229166666666667 0.6731481481481482
0 0.703125 0.24537037037037038 0.7106770833333333 0.25092592592592594 0.7122395833333334 0.2569444444444444 0.7138020833333333 0.324537037037037 0.7114583333333333 0.34629629629629627 0.7088541666666667 0.34953703703703703 0.7005208333333334 0.3509259259259259 0.6924479166666667 0.35 0.6880208333333333 0.3421296296296296 0.6872395833333333 0.2671296296296296 0.6895833333333333 0.2490740740740741 0.7028645833333333 0.24537037037037038
0 0.7028645833333333 0.1175925925925926 0.7088541666666667 0.11944444444444445 0.7114583333333333 0.125 0.7119791666666667 0.1986111111111111 0.7104166666666667 0.21064814814814814 0.6997395833333333 0.21666666666666667 0.6893229166666667 0.21435185185185185 0.6872395833333333 0.20879629629629629 0.6875 0.13148148148148148 0.6893229166666667 0.12083333333333333 0.7026041666666667 0.1175925925925926
0 0.9640625 0.11851851851851852 0.97265625 0.12314814814814815 0.9765625 0.13333333333333333 0.9776041666666667 0.21296296296296297 0.9747395833333333 0.22407407407407406 0.9638020833333333 0.23055555555555557 0.9552083333333333 0.22685185185185186 0.94921875 0.21481481481481482 0.94765625 0.175 0.9489583333333333 0.15694444444444444 0.9473958333333333 0.1449074074074074 0.9489583333333333 0.1300925925925926 0.953125 0.12175925925925926 0.9638020833333333 0.11851851851851852
0 0.8140625 0.09814814814814815 0.8182291666666667 0.10138888888888889 0.8223958333333333 0.11157407407407408 0.825 0.16620370370370371 0.8221354166666667 0.1925925925925926 0.8138020833333334 0.19907407407407407 0.8041666666666667 0.19814814814814816 0.7973958333333333 0.19212962962962962 0.7979166666666667 0.13842592592592592 0.7963541666666667 0.11944444444444445 0.80078125 0.10231481481481482 0.80625 0.09768518518518518 0.8138020833333334 0.09814814814814815
0 0.8145833333333333 0.5439814814814815 0.82109375 0.5462962962962963 0.8247395833333333 0.5523148148148148 0.8265625 0.5736111111111111 0.8270833333333333 0.6435185185185185 0.82578125 0.6509259259259259 0.8203125 0.6560185185185186 0.8036458333333333 0.6546296296296297 0.7997395833333333 0.6472222222222223 0.7989583333333333 0.5541666666666667 0.8026041666666667 0.5458333333333333 0.8143229166666667 0.5439814814814815
0 0.8604166666666667 0.6865740740740741 0.8682291666666667 0.6912037037037037 0.8716145833333333 0.7 0.87421875 0.7527777777777778 0.8734375 0.8 0.8700520833333333 0.8050925925925926 0.8638020833333333 0.8069444444444445 0.8497395833333333 0.8037037037037037 0.84453125 0.7851851851851852 0.8458333333333333 0.762962962962963 0.84375 0.7027777777777777 0.8453125 0.6949074074074074 0.8489583333333334 0.6888888888888889 0.86015625 0.6865740740740741
0 0.6625 0.9680555555555556 0.6661458333333333 0.9703703703703703 0.6713541666666667 0.9810185185185185 0.6739583333333333 0.999537037037037 0.64453125 0.999537037037037 0.6473958333333333 0.9740740740740741 0.6520833333333333 0.9689814814814814 0.6622395833333333 0.9680555555555556
0 0.5546875 0.5310185185185186 0.5588541666666667 0.5328703703703703 0.5609375 0.538425925925926 0.559375 0.5851851851851851 0.5609375 0.6041666666666666 0.5591145833333333 0.6398148148148148 0.5572916666666666 0.6449074074074074 0.5518229166666667 0.6481481481481481 0.54296875 0.6481481481481481 0.5361979166666667 0.6444444444444445 0.5333333333333333 0.6347222222222222 0.5330729166666667 0.6162037037037037 0.5346354166666667 0.6097222222222223 0.5361979166666667 0.5328703703703703 0.5455729166666666 0.5296296296296297 0.5544270833333333 0.5310185185185186
0 0.6278645833333333 0.537962962962963 0.6317708333333333 0.5430555555555555 0.63359375 0.5550925925925926 0.63671875 0.637962962962963 0.6309895833333333 0.6541666666666667 0.6177083333333333 0.6583333333333333 0.6109375 0.6527777777777778 0.6080729166666666 0.6407407407407407 0.6057291666666667 0.5884259259259259 0.6059895833333333 0.549074074074074 0.61015625 0.5393518518518519 0.6276041666666666 0.537962962962963
0 0.7427083333333333 0.2490740740740741 0.7486979166666666 0.2537037037037037 0.75234375 0.262037037037037 0.7536458333333333 0.2949074074074074 0.7544270833333333 0.3449074074074074 0.7520833333333333 0.35138888888888886 0.7455729166666667 0.3541666666666667 0.7346354166666667 0.3537037037037037 0.7302083333333333 0.3476851851851852 0.7260416666666667 0.27314814814814814 0.7270833333333333 0.262037037037037 0.7309895833333333 0.25324074074074077 0.7377604166666667 0.24861111111111112 0.7424479166666667 0.2490740740740741
0 0.671875 0.11851851851851852 0.6747395833333333 0.12314814814814815 0.6765625 0.13703703703703704 0.6760416666666667 0.21342592592592594 0.6721354166666667 0.22546296296296298 0.6627604166666666 0.23194444444444445 0.6528645833333333 0.22824074074074074 0.6473958333333333 0.2175925925925926 0.6505208333333333 0.1375 0.6546875 0.11944444444444445 0.6609375 0.11666666666666667 0.6716145833333333 0.11851851851851852
0 0.5895833333333333 0.11527777777777778 0.5984375 0.11805555555555555 0.6013020833333333 0.12361111111111112 0.6010416666666667 0.19953703703703704 0.5986979166666667 0.21805555555555556 0.5955729166666667 0.22361111111111112 0.5885416666666666 0.22824074074074074 0.58125 0.2273148148148148 0.57578125 0.22037037037037038 0.5736979166666667 0.20972222222222223 0.5736979166666667 0.19537037037037036 0.5760416666666667 0.12314814814814815 0.5783854166666667 0.11805555555555555 0.5893229166666667 0.11527777777777778
0 0.5955729166666667 0.2375 0.5994791666666667 0.23935185185185184 0.6010416666666667 0.24351851851851852 0.6028645833333334 0.2828703703703704 0.60234375 0.3509259259259259 0.5955729166666667 0.362962962962963 0.5815104166666667 0.362962962962963 0.5768229166666666 0.3560185185185185 0.57421875 0.34629629629629627 0.5770833333333333 0.24351851851851852 0.578125 0.24027777777777778 0.5846354166666666 0.23703703703703705 0.5953125 0.2375
0 0.9380208333333333 0.5462962962962963 0.9440104166666666 0.5537037037037037 0.94765625 0.5680555555555555 0.9494791666666667 0.6523148148148148 0.94609375 0.6666666666666666 0.9375 0.6708333333333333 0.9263020833333333 0.6685185185185185 0.9216145833333333 0.6587962962962963 0.9184895833333333 0.6175925925925926 0.9171875 0.5625 0.9182291666666667 0.5537037037037037 0.9216145833333333 0.5486111111111112 0.9377604166666667 0.5462962962962963
0 0.5864583333333333 0.6851851851851852 0.59453125 0.6893518518518519 0.5973958333333333 0.6958333333333333 0.5963541666666666 0.7476851851851852 0.5947916666666667 0.7550925925925925 0.5953125 0.7870370370370371 0.5924479166666666 0.8064814814814815 0.5822916666666667 0.8134259259259259 0.5734375 0.8115740740740741 0.56875 0.8037037037037037 0.5677083333333334 0.7842592592592592 0.5697916666666667 0.7791666666666667 0.5700520833333333 0.7703703703703704 0.5674479166666667 0.7541666666666667 0.5703125 0.7324074074074074 0.5721354166666667 0.6925925925925925 0.578125 0.6851851851851852 0.5861979166666667 0.6851851851851852
0 0.69921875 0.6777777777777778 0.71015625 0.6824074074074075 0.71328125 0.6981481481481482 0.7122395833333334 0.7898148148148149 0.7104166666666667 0.7949074074074074 0.7067708333333333 0.7967592592592593 0.6932291666666667 0.7967592592592593 0.6856770833333333 0.7935185185185185 0.68359375 0.7898148148148149 0.6856770833333333 0.6912037037037037 0.6893229166666667 0.6800925925925926 0.6989583333333333 0.6777777777777778
0 0.74140625 0.6888888888888889 0.7453125 0.6925925925925925 0.7481770833333333 0.7023148148148148 0.7513020833333334 0.7731481481481481 0.7486979166666666 0.7833333333333333 0.7411458333333333 0.7861111111111111 0.72734375 0.7842592592592592 0.7255208333333333 0.7787037037037037 0.72109375 0.7074074074074074 0.7216145833333333 0.6958333333333333 0.7236979166666667 0.6916666666666667 0.73359375 0.687962962962963 0.7411458333333333 0.6888888888888889
0 0.546875 0.6722222222222223 0.5528645833333333 0.6763888888888889 0.5546875 0.6833333333333333 0.5565104166666667 0.7689814814814815 0.55390625 0.7828703703703703 0.54453125 0.7902777777777777 0.5338541666666666 0.7875 0.52890625 0.7763888888888889 0.528125 0.6907407407407408 0.53125 0.6754629629629629 0.5466145833333333 0.6722222222222223
0 0.8533854166666667 0.12824074074074074 0.8580729166666666 0.1310185185185185 0.8604166666666667 0.1388888888888889 0.8606770833333334 0.2064814814814815 0.8591145833333333 0.22037037037037038 0.8497395833333333 0.22777777777777777 0.83828125 0.22592592592592592 0.834375 0.2199074074074074 0.8348958333333333 0.13518518518518519 0.8390625 0.1287037037037037 0.853125 0.12824074074074074
0 0.8734375 0.8425925925925926 0.8802083333333334 0.8467592592592592 0.88359375 0.8560185185185185 0.8841145833333334 0.8773148148148148 0.8822916666666667 0.8875 0.8744791666666667 0.8912037037037037 0.83515625 0.8925925925925926 0.8203125 0.8921296296296296 0.81328125 0.8865740740740741 0.8106770833333333 0.8685185185185185 0.8114583333333333 0.8527777777777777 0.81328125 0.8481481481481481 0.8205729166666667 0.8435185185185186 0.8731770833333333 0.8425925925925926
0 0.66796875 0.26157407407407407 0.671875 0.2652777777777778 0.6736979166666667 0.2759259259259259 0.6729166666666667 0.3416666666666667 0.6708333333333333 0.34675925925925927 0.66484375 0.3486111111111111 0.6513020833333333 0.3476851851851852 0.6479166666666667 0.3416666666666667 0.64921875 0.32407407407407407 0.6484375 0.27175925925925926 0.65 0.2657407407407407 0.6544270833333333 0.2611111111111111 0.6677083333333333 0.26157407407407407
0 0.8565104166666667 0.24351851851851852 0.8611979166666667 0.24814814814814815 0.8640625 0.25925925925925924 0.8674479166666667 0.3337962962962963 0.8661458333333333 0.34120370370370373 0.8625 0.3472222222222222 0.85 0.3490740740740741 0.8419270833333333 0.3453703703703704 0.8401041666666667 0.3384259259259259 0.8359375 0.25833333333333336 0.8377604166666667 0.2490740740740741 0.8416666666666667 0.24444444444444444 0.85625 0.24351851851851852
0 0.7421875 0.05092592592592592 0.7515625 0.05648148148148148 0.7544270833333333 0.06342592592592593 0.7546875 0.0699074074074074 0.7484375 0.1162037037037037 0.7489583333333333 0.1300925925925926 0.74296875 0.1638888888888889 0.7377604166666667 0.17314814814814813 0.721875 0.1685185185185185 0.71640625 0.16111111111111112 0.71640625 0.1550925925925926 0.72734375 0.07222222222222222 0.7341145833333333 0.05277777777777778 0.7419270833333333 0.05092592592592592
0 0.7197916666666667 0.37407407407407406 0.75 0.3763888888888889 0.7591145833333334 0.38101851851851853 0.76171875 0.4027777777777778 0.7591145833333334 0.4212962962962963 0.7557291666666667 0.4236111111111111 0.7065104166666667 0.4203703703703704 0.7 0.4152777777777778 0.6981770833333333 0.4041666666666667 0.6994791666666667 0.3819444444444444 0.7059895833333333 0.37453703703703706 0.71953125 0.37407407407407406
0 0.6299479166666667 0.23287037037037037 0.6359375 0.2375 0.63984375 0.2518518518518518 0.6390625 0.30787037037037035 0.6408854166666667 0.324537037037037 0.6375 0.3425925925925926 0.6286458333333333 0.3458333333333333 0.6190104166666667 0.3449074074074074 0.6151041666666667 0.34074074074074073 0.6135416666666667 0.33425925925925926 0.6119791666666666 0.2523148148148148 0.6127604166666667 0.24259259259259258 0.6158854166666666 0.2361111111111111 0.6296875 0.23287037037037037
0 0.8950520833333333 0.5550925925925926 0.9018229166666667 0.5569444444444445 0.90703125 0.5634259259259259 0.90859375 0.6074074074074074 0.9083333333333333 0.6509259259259259 0.903125 0.6620370370370371 0.8955729166666667 0.6648148148148149 0.8841145833333334 0.6625 0.8815104166666666 0.6583333333333333 0.8796875 0.6199074074074075 0.8802083333333334 0.5615740740740741 0.8833333333333333 0.5569444444444445 0.8947916666666667 0.5550925925925926
0 0.7388020833333333 0.5333333333333333 0.7484375 0.5361111111111111 0.7515625 0.5430555555555555 0.7515625 0.6212962962962963 0.7486979166666666 0.6347222222222222 0.7411458333333333 0.638425925925926 0.7307291666666667 0.6370370370370371 0.7270833333333333 0.6328703703703704 0.7260416666666667 0.6263888888888889 0.7270833333333333 0.5412037037037037 0.7302083333333333 0.5351851851851852 0.7385416666666667 0.5333333333333333
0 0.7127604166666667 0.5537037037037037 0.7161458333333334 0.5745370370370371 0.7161458333333334 0.6134259259259259 0.7130208333333333 0.6199074074074075 0.6947916666666667 0.6199074074074075 0.69140625 0.6143518518518518 0.6932291666666667 0.5958333333333333 0.6924479166666667 0.5550925925925926 0.69921875 0.5518518518518518 0.7125 0.5537037037037037
0 0.6299479166666667 0.1 0.63515625 0.10601851851851851 0.6377604166666667 0.11851851851851852 0.6377604166666667 0.19675925925925927 0.634375 0.20833333333333334 0.6268229166666667 0.21342592592592594 0.6161458333333333 0.2111111111111111 0.6114583333333333 0.20277777777777778 0.61171875 0.11944444444444445 0.6127604166666667 0.11018518518518519 0.61796875 0.10185185185185185 0.6296875 0.1
0 0.9658854166666667 0.24351851851851852 0.975 0.25046296296296294 0.9786458333333333 0.2865740740740741 0.9760416666666667 0.3453703703703704 0.9736979166666667 0.35185185185185186 0.9651041666666667 0.35648148148148145 0.9526041666666667 0.35324074074074074 0.94609375 0.34074074074074073 0.9479166666666666 0.3 0.94609375 0.26481481481481484 0.95234375 0.24675925925925926 0.965625 0.24351851851851852
0 0.65078125 0.6888888888888889 0.671875 0.6921296296296297 0.6752604166666667 0.7027777777777777 0.6744791666666666 0.7810185185185186 0.6723958333333333 0.7935185185185185 0.6643229166666667 0.8041666666666667 0.6510416666666666 0.8027777777777778 0.6471354166666666 0.7953703703703704 0.64609375 0.7847222222222222 0.6481770833333333 0.7060185185185185 0.65078125 0.6893518518518519
0 0.784375 0.6773148148148148 0.7895833333333333 0.6814814814814815 0.79140625 0.6888888888888889 0.79375 0.7814814814814814 0.78984375 0.7944444444444444 0.7828125 0.8004629629629629 0.7716145833333333 0.7976851851851852 0.7661458333333333 0.788425925925926 0.7666666666666667 0.7611111111111111 0.7645833333333333 0.75 0.7638020833333333 0.6958333333333333 0.7674479166666667 0.6782407407407407 0.7841145833333333 0.6773148148148148
0 0.7822916666666667 0.5462962962962963 0.7869791666666667 0.549537037037037 0.7901041666666667 0.5597222222222222 0.7919270833333333 0.637962962962963 0.7895833333333333 0.649074074074074 0.7809895833333333 0.6537037037037037 0.77109375 0.6523148148148148 0.7658854166666667 0.6407407407407407 0.765625 0.5916666666666667 0.7630208333333334 0.5601851851851852 0.7640625 0.5537037037037037 0.7690104166666667 0.5476851851851852 0.78203125 0.5462962962962963
0 0.8190104166666666 0.23333333333333334 0.8231770833333333 0.2375 0.8252604166666667 0.24768518518518517 0.8263020833333333 0.3111111111111111 0.8239583333333333 0.3189814814814815 0.8140625 0.32175925925925924 0.80625 0.32037037037037036 0.8020833333333334 0.3143518518518518 0.8028645833333333 0.28194444444444444 0.80078125 0.24675925925925926 0.8020833333333334 0.23796296296296296 0.8049479166666667 0.2337962962962963 0.81875 0.23333333333333334
0 0.7763020833333333 0.22962962962962963 0.78671875 0.23472222222222222 0.79140625 0.24768518518518517 0.7916666666666666 0.3296296296296296 0.7885416666666667 0.3388888888888889 0.78125 0.3421296296296296 0.76875 0.33935185185185185 0.7653645833333333 0.325 0.76484375 0.2449074074074074 0.76875 0.23425925925925925 0.7760416666666666 0.22962962962962963
0 0.9020833333333333 0.2518518518518518 0.9078125 0.2574074074074074 0.91171875 0.26851851851851855 0.9125 0.2824074074074074 0.9151041666666667 0.29212962962962963 0.9130208333333333 0.3 0.91484375 0.33564814814814814 0.9143229166666667 0.35185185185185186 0.9122395833333333 0.3587962962962963 0.9013020833333333 0.36435185185185187 0.8890625 0.362962962962963 0.8825520833333333 0.35138888888888886 0.8822916666666667 0.3416666666666667 0.88515625 0.3314814814814815 0.8841145833333334 0.29259259259259257 0.8796875 0.2824074074074074 0.8796875 0.2759259259259259 0.8869791666666667 0.2550925925925926 0.8934895833333333 0.2513888888888889 0.9018229166666667 0.2518518518518518
0 0.59296875 0.4101851851851852 0.6333333333333333 0.4444444444444444 0.640625 0.4537037037037037 0.640625 0.47175925925925927 0.6369791666666667 0.4875 0.6341145833333334 0.49166666666666664 0.6203125 0.4875 0.6098958333333333 0.475462962962963 0.5776041666666667 0.449537037037037 0.5747395833333333 0.4388888888888889 0.5809895833333333 0.4148148148148148 0.5859375 0.4101851851851852 0.5927083333333333 0.4101851851851852
0 0.8533854166666667 0.5472222222222223 0.8674479166666667 0.5523148148148148 0.8697916666666666 0.5574074074074075 0.8705729166666667 0.5666666666666667 0.8669270833333333 0.6513888888888889 0.8643229166666667 0.6648148148148149 0.85625 0.6708333333333333 0.8450520833333334 0.6685185185185185 0.8408854166666667 0.6638888888888889 0.8395833333333333 0.6560185185185186 0.8424479166666666 0.5717592592592593 0.8453125 0.5541666666666667 0.8484375 0.5486111111111112 0.853125 0.5472222222222223
0 0.8174479166666667 0.6828703703703703 0.825 0.6875 0.8270833333333333 0.6939814814814815 0.82734375 0.7722222222222223 0.8268229166666666 0.7828703703703703 0.82421875 0.7893518518518519 0.8140625 0.7944444444444444 0.8036458333333333 0.7898148148148149 0.7997395833333333 0.7791666666666667 0.7986979166666667 0.7620370370370371 0.8018229166666667 0.7342592592592593 0.7994791666666666 0.6981481481481482 0.8033854166666666 0.6847222222222222 0.8171875 0.6828703703703703