0 0.1125 0.33611111111111114 0.05625 0.04259259259259259
0 0.7052083333333333 0.24074074074074073 0.052083333333333336 0.044444444444444446
0 0.5927083333333333 0.23981481481481481 0.06041666666666667 0.04259259259259259
0 0.8760416666666667 0.2537037037037037 0.058333333333333334 0.040740740740740744
0 0.8765625 0.3435185185185185 0.059375 0.04259259259259259
0 0.7635416666666667 0.38981481481481484 0.0625 0.04259259259259259
0 0.9380208333333333 0.575925925925926 0.05520833333333333 0.040740740740740744
0 0.11875 0.287962962962963 0.05416666666666667 0.04259259259259259
0 0.8791666666666667 0.4305555555555556 0.05625 0.046296296296296294
0 0.9359375 0.24722222222222223 0.051041666666666666 0.03888888888888889
0 0.2755208333333333 0.2916666666666667 0.051041666666666666 0.03888888888888889
0 0.43072916666666666 0.28888888888888886 0.051041666666666666 0.040740740740740744
0 0.6005208333333333 0.5310185185185186 0.057291666666666664 0.04351851851851852
0 0.9427083333333334 0.6240740740740741 0.05416666666666667 0.040740740740740744
0 0.9421875 0.3861111111111111 0.065625 0.03888888888888889
0 0.6 0.8287037037037037 0.05625 0.03888888888888889
0 0.9442708333333333 0.43703703703703706 0.06145833333333333 0.040740740740740744
0 0.8869791666666667 0.48148148148148145 0.06770833333333333 0.037037037037037035
0 0.2796875 0.24074074074074073 0.04479166666666667 0.040740740740740744
0 0.4296875 0.7722222222222223 0.059375 0.037037037037037035
0 0.275 0.6759259259259259 0.05625 0.044444444444444446
0 0.10572916666666667 0.8675925925925926 0.057291666666666664 0.03888888888888889
0 0.21875 0.575925925925926 0.05 0.040740740740740744
0 0.053125 0.7166666666666667 0.05416666666666667 0.03333333333333333
0 0.76875 0.6805555555555556 0.0625 0.03518518518518519
0 0.7635416666666667 0.18611111111111112 0.07708333333333334 0.053703703703703705
0 0.2703125 0.3351851851851852 0.046875 0.037037037037037035
0 0.3765625 0.3861111111111111 0.051041666666666666 0.04259259259259259
0 0.43072916666666666 0.7148148148148148 0.06770833333333333 0.040740740740740744
0 0.05364583333333333 0.5277777777777778 0.05520833333333333 0.037037037037037035
0 0.7598958333333333 0.3351851851851852 0.05520833333333333 0.040740740740740744
0 0.5411458333333333 0.725925925925926 0.06354166666666666 0.044444444444444446
0 0.6 0.5805555555555556 0.05 0.03888888888888889
0 0.7635416666666667 0.5768518518518518 0.058333333333333334 0.04259259259259259
0 0.8864583333333333 0.5324074074074074 0.058333333333333334 0.03888888888888889
0 0.2755208333333333 0.575925925925926 0.051041666666666666 0.040740740740740744
0 0.5354166666666667 0.8222222222222222 0.06041666666666667 0.044444444444444446
0 0.35 0.9648148148148148 0.07291666666666667 0.04814814814814815
0 0.40572916666666664 0.8796296296296297 0.09270833333333334 0.05185185185185185
0 0.9510416666666667 0.8712962962962963 0.06041666666666667 0.04259259259259259
0 0.7677083333333333 0.7222222222222222 0.05625 0.037037037037037035
0 0.94375 0.29074074074074074 0.05625 0.037037037037037035
0 0.7072916666666667 0.7240740740740741 0.05416666666666667 0.040740740740740744
0 0.10677083333333333 0.5416666666666666 0.06770833333333333 0.046296296296296294
0 0.2708333333333333 0.38055555555555554 0.04791666666666667 0.04259259259259259
0 0.12239583333333333 0.38425925925925924 0.040625 0.03888888888888889
0 0.37864583333333335 0.625 0.053125 0.04259259259259259
0 0.7010416666666667 0.30092592592592593 0.052083333333333336 0.04259259259259259
0 0.12083333333333333 0.4351851851851852 0.05416666666666667 0.037037037037037035
0 0.5411458333333333 0.48518518518518516 0.065625 0.040740740740740744
0 0.7614583333333333 0.8694444444444445 0.06666666666666667 0.04259259259259259
0 0.1171875 0.48055555555555557 0.04895833333333333 0.03518518518518519
0 0.43645833333333334 0.5740740740740741 0.05416666666666667 0.040740740740740744
0 0.058333333333333334 0.43425925925925923 0.052083333333333336 0.03888888888888889
0 0.37395833333333334 0.8203703703703704 0.052083333333333336 0.040740740740740744
0 0.5354166666666667 0.8851851851851852 0.0625 0.044444444444444446
0 0.6041666666666666 0.6305555555555555 0.05625 0.04259259259259259
0 0.3802083333333333 0.33425925925925926 0.05 0.03888888888888889
0 0.7671875 0.6314814814814815 0.059375 0.040740740740740744
0 0.1078125 0.8157407407407408 0.053125 0.03518518518518519
0 0.1125 0.6731481481481482 0.05 0.03888888888888889
0 0.9322916666666666 0.2037037037037037 0.04791666666666667 0.040740740740740744
0 0.05677083333333333 0.48333333333333334 0.05520833333333333 0.037037037037037035
0 0.4322916666666667 0.4305555555555556 0.05625 0.03888888888888889
0 0.8822916666666667 0.575925925925926 0.052083333333333336 0.037037037037037035
0 0.2708333333333333 0.8175925925925925 0.05625 0.03518518518518519
0 0.9494791666666667 0.7703703703703704 0.05520833333333333 0.037037037037037035
0 0.8755208333333333 0.20462962962962963 0.05520833333333333 0.03888888888888889
0 0.9119791666666667 0.03425925925925926 0.06354166666666666 0.06111111111111111
0 0.4348958333333333 0.38425925925925924 0.057291666666666664 0.03888888888888889
0 0.5390625 0.3851851851851852 0.057291666666666664 0.040740740740740744
0 0.20729166666666668 0.8759259259259259 0.05 0.04814814814814815
0 0.7546875 0.4888888888888889 0.04895833333333333 0.040740740740740744
0 0.7604166666666666 0.24444444444444444 0.05 0.040740740740740744
0 0.70625 0.549074074074074 0.05625 0.05
0 0.2682291666666667 0.43333333333333335 0.04895833333333333 0.037037037037037035
0 0.1125 0.7212962962962963 0.04375 0.03518518518518519
0 0.6015625 0.42685185185185187 0.059375 0.046296296296296294
0 0.5953125 0.7805555555555556 0.057291666666666664 0.04259259259259259
0 0.7635416666666667 0.8212962962962963 0.052083333333333336 0.03518518518518519
0 0.06145833333333333 0.2962962962962963 0.052083333333333336 0.040740740740740744
0 0.2203125 0.337037037037037 0.046875 0.040740740740740744
0 0.95 0.8194444444444444 0.06041666666666667 0.03888888888888889
0 0.21666666666666667 0.7685185185185185 0.052083333333333336 0.037037037037037035
0 0.546875 0.6296296296296297 0.05 0.040740740740740744
0 0.6075520833333333 0.33796296296296297 0.0765625 0.05740740740740741
0 0.8880208333333334 0.8212962962962963 0.051041666666666666 0.03888888888888889
0 0.23177083333333334 0.1111111111111111 0.059375 0.05185185185185185
0 0.26979166666666665 0.8694444444444445 0.05416666666666667 0.03888888888888889
0 0.6953125 0.18703703703703703 0.04895833333333333 0.05185185185185185
0 0.2140625 0.8175925925925925 0.04479166666666667 0.03888888888888889
0 0.06875 0.2490740740740741 0.05 0.03888888888888889
0 0.21822916666666667 0.6222222222222222 0.051041666666666666 0.037037037037037035
0 0.8822916666666667 0.625 0.058333333333333334 0.04259259259259259
0 0.2708333333333333 0.47962962962962963 0.05625 0.040740740740740744
0 0.3848958333333333 0.19537037037037036 0.046875 0.03888888888888889
0 0.05520833333333333 0.6453703703703704 0.052083333333333336 0.03888888888888889
0 0.3854166666666667 0.24722222222222223 0.05 0.03888888888888889
0 0.22083333333333333 0.28888888888888886 0.04791666666666667 0.040740740740740744
0 0.8880208333333334 0.7722222222222223 0.051041666666666666 0.037037037037037035
0 0.5421875 0.43148148148148147 0.053125 0.040740740740740744
0 0.1078125 0.7694444444444445 0.046875 0.03888888888888889
0 0.4359375 0.48148148148148145 0.05520833333333333 0.040740740740740744
0 0.4375 0.6287037037037037 0.05625 0.05
0 0.4395833333333333 0.19166666666666668 0.05625 0.046296296296296294
0 0.9455729166666667 0.7212962962962963 0.06614583333333333 0.040740740740740744
0 0.12395833333333334 0.2462962962962963 0.05 0.037037037037037035
0 0.17395833333333333 0.026851851851851852 0.05416666666666667 0.05
0 0.7052083333333333 0.6305555555555555 0.05416666666666667 0.03888888888888889
0 0.0515625 0.7694444444444445 0.05520833333333333 0.04259259259259259
0 0.4348958333333333 0.2462962962962963 0.03854166666666667 0.03333333333333333
0 0.21822916666666667 0.387037037037037 0.051041666666666666 0.040740740740740744
0 0.384375 0.10925925925925926 0.05625 0.06296296296296296
0 0.021875 0.9462962962962963 0.041666666666666664 0.044444444444444446
0 0.7640625 0.7731481481481481 0.059375 0.04259259259259259
0 0.7 0.387037037037037 0.05625 0.040740740740740744
0 0.050520833333333334 0.5805555555555556 0.05520833333333333 0.03888888888888889
0 0.9885416666666667 0.1361111111111111 0.020833333333333332 0.09444444444444444
0 0.6494791666666667 0.7814814814814814 0.036458333333333336 0.09259259259259259
0 0.54296875 0.10925925925925926 0.058854166666666666 0.05185185185185185
0 0.8895833333333333 0.8740740740740741 0.06041666666666667 0.04814814814814815
0 0.22083333333333333 0.5296296296296297 0.05 0.040740740740740744
0 0.70625 0.774074074074074 0.05 0.04814814814814815