0 0.8893229166666666 0.13194444444444445 0.8950520833333333 0.1398148148148148 0.8971354166666666 0.23055555555555557 0.8963541666666667 0.2412037037037037 0.8942708333333333 0.2449074074074074 0.8861979166666667 0.2490740740740741 0.8752604166666667 0.24814814814814815 0.86953125 0.23703703703703705 0.8692708333333333 0.18333333333333332 0.8661458333333333 0.16064814814814815 0.86953125 0.1412037037037037 0.87265625 0.13425925925925927 0.8890625 0.13194444444444445
0 0.5434895833333333 0.6842592592592592 0.5528645833333333 0.6925925925925925 0.5546875 0.7296296296296296 0.55390625 0.7888888888888889 0.5505208333333333 0.7981481481481482 0.54375 0.8032407407407407 0.5328125 0.8009259259259259 0.5283854166666667 0.7939814814814815 0.5268229166666667 0.7490740740740741 0.5283854166666667 0.7310185185185185 0.5252604166666667 0.7157407407407408 0.5260416666666666 0.6995370370370371 0.5291666666666667 0.6907407407407408 0.5354166666666667 0.6851851851851852 0.5432291666666667 0.6842592592592592
0 0.77109375 0.1259259259259259 0.7794270833333333 0.12777777777777777 0.7825520833333334 0.13148148148148148 0.7856770833333333 0.17453703703703705 0.78359375 0.22314814814814815 0.7731770833333333 0.23148148148148148 0.76484375 0.22777777777777777 0.76328125 0.21944444444444444 0.7583333333333333 0.21712962962962962 0.7567708333333333 0.15462962962962962 0.7580729166666667 0.13287037037037036 0.7622395833333333 0.12777777777777777 0.7708333333333334 0.1259259259259259
0 0.6229166666666667 0.687962962962963 0.6302083333333334 0.6921296296296297 0.6328125 0.6995370370370371 0.6364583333333333 0.7754629629629629 0.63203125 0.8134259259259259 0.6294270833333333 0.8189814814814815 0.6244791666666667 0.8212962962962963 0.6088541666666667 0.8185185185185185 0.6044270833333333 0.8074074074074075 0.60703125 0.7097222222222223 0.6119791666666666 0.6902777777777778 0.62265625 0.687962962962963
0 0.703125 0.2587962962962963 0.7075520833333333 0.26157407407407407 0.7109375 0.27175925925925926 0.7111979166666667 0.3486111111111111 0.709375 0.36064814814814816 0.7002604166666667 0.36435185185185187 0.6888020833333334 0.3611111111111111 0.6864583333333333 0.35509259259259257 0.6848958333333334 0.2722222222222222 0.6856770833333333 0.26481481481481484 0.6893229166666667 0.25972222222222224 0.7028645833333333 0.2587962962962963
0 0.7018229166666666 0.13055555555555556 0.709375 0.13703703703703704 0.7106770833333333 0.2101851851851852 0.7098958333333333 0.21898148148148147 0.70703125 0.225 0.6963541666666667 0.22916666666666666 0.6890625 0.22777777777777777 0.68515625 0.2199074074074074 0.6854166666666667 0.1398148148148148 0.6888020833333334 0.13240740740740742 0.7015625 0.13055555555555556
0 0.9643229166666667 0.13287037037037036 0.9703125 0.1375 0.9739583333333334 0.14675925925925926 0.9752604166666666 0.22361111111111112 0.9734375 0.23472222222222222 0.9627604166666667 0.24305555555555555 0.9518229166666666 0.23842592592592593 0.9458333333333333 0.22407407407407406 0.9442708333333333 0.15648148148148147 0.9494791666666667 0.1361111111111111 0.95625 0.13148148148148148 0.9640625 0.13287037037037036
0 0.8104166666666667 0.11064814814814815 0.8151041666666666 0.11342592592592593 0.8197916666666667 0.12314814814814815 0.8223958333333333 0.15462962962962962 0.82265625 0.1884259259259259 0.8208333333333333 0.20277777777777778 0.8174479166666667 0.20925925925925926 0.8119791666666667 0.21203703703703702 0.8 0.2101851851851852 0.7950520833333333 0.20277777777777778 0.7947916666666667 0.12685185185185185 0.8002604166666667 0.11342592592592593 0.81015625 0.11064814814814815
0 0.8591145833333333 0.7 0.8671875 0.7050925925925926 0.8708333333333333 0.7175925925925926 0.8723958333333334 0.8074074074074075 0.8697916666666666 0.8162037037037037 0.8630208333333333 0.8194444444444444 0.84765625 0.8152777777777778 0.8421875 0.8 0.8440104166666667 0.7680555555555556 0.8411458333333334 0.7138888888888889 0.8471354166666667 0.7013888888888888 0.8588541666666667 0.7
0 0.5471354166666667 0.5421296296296296 0.5575520833333333 0.5453703703703704 0.559375 0.55 0.5578125 0.6504629629629629 0.55390625 0.6583333333333333 0.5471354166666667 0.6611111111111111 0.53359375 0.6555555555555556 0.53125 0.6407407407407407 0.53359375 0.6106481481481482 0.5322916666666667 0.6023148148148149 0.5341145833333333 0.5462962962962963 0.5390625 0.5425925925925926 0.546875 0.5421296296296296
0 0.8559895833333333 0.5601851851851852 0.8669270833333333 0.5671296296296297 0.8684895833333334 0.5842592592592593 0.8651041666666667 0.6680555555555555 0.8614583333333333 0.6805555555555556 0.8552083333333333 0.6833333333333333 0.8408854166666667 0.6796296296296296 0.8380208333333333 0.674074074074074 0.8369791666666667 0.6643518518518519 0.8416666666666667 0.5717592592592593 0.8479166666666667 0.5606481481481481 0.8557291666666667 0.5601851851851852
0 0.7419270833333333 0.2625 0.7453125 0.26481481481481484 0.7497395833333333 0.27546296296296297 0.7528645833333333 0.34444444444444444 0.7520833333333333 0.36203703703703705 0.7434895833333334 0.36712962962962964 0.7333333333333333 0.3662037037037037 0.7278645833333334 0.35833333333333334 0.725 0.28055555555555556 0.7265625 0.27037037037037037 0.7294270833333333 0.2652777777777778 0.7361979166666667 0.26157407407407407 0.7416666666666667 0.2625
0 0.6640625 0.1300925925925926 0.6697916666666667 0.13194444444444445 0.67265625 0.13657407407407407 0.6747395833333333 0.15092592592592594 0.6744791666666666 0.16944444444444445 0.6723958333333333 0.23333333333333334 0.6700520833333333 0.23842592592592593 0.6619791666666667 0.2449074074074074 0.65078125 0.2412037037037037 0.6463541666666667 0.2324074074074074 0.6453125 0.2199074074074074 0.6502604166666667 0.13796296296296295 0.65546875 0.13055555555555556 0.6638020833333333 0.1300925925925926
0 0.74375 0.5462962962962963 0.7489583333333333 0.55 0.7502604166666667 0.5541666666666667 0.7497395833333333 0.6356481481481482 0.7463541666666667 0.6476851851851851 0.7380208333333333 0.6513888888888889 0.7270833333333333 0.6481481481481481 0.72421875 0.6402777777777777 0.725 0.5546296296296296 0.7270833333333333 0.5481481481481482 0.7302083333333333 0.5462962962962963 0.7434895833333334 0.5462962962962963
0 0.5942708333333333 0.13055555555555556 0.5997395833333333 0.14027777777777778 0.60078125 0.17175925925925925 0.5989583333333334 0.22037037037037038 0.5950520833333334 0.23472222222222222 0.58671875 0.24074074074074073 0.57734375 0.23796296296296296 0.5736979166666667 0.23287037037037037 0.5716145833333334 0.22407407407407406 0.5739583333333333 0.1425925925925926 0.5752604166666667 0.13333333333333333 0.5778645833333333 0.1300925925925926 0.5864583333333333 0.12824074074074074 0.5940104166666667 0.13055555555555556
0 0.9341145833333333 0.5583333333333333 0.9401041666666666 0.5625 0.94375 0.5712962962962963 0.946875 0.6018518518518519 0.9466145833333334 0.6699074074074074 0.9434895833333333 0.6791666666666667 0.9359375 0.6828703703703703 0.9252604166666667 0.6810185185185185 0.91953125 0.6712962962962963 0.9153645833333334 0.5893518518518519 0.9161458333333333 0.5675925925925925 0.9184895833333333 0.562037037037037 0.925 0.5583333333333333 0.9338541666666667 0.5583333333333333
0 0.5864583333333333 0.6981481481481482 0.5927083333333333 0.7018518518518518 0.5955729166666667 0.7092592592592593 0.5947916666666667 0.7550925925925925 0.59296875 0.7620370370370371 0.5942708333333333 0.7819444444444444 0.5932291666666667 0.8074074074074075 0.5895833333333333 0.8212962962962963 0.5786458333333333 0.8263888888888888 0.57109375 0.825 0.5658854166666667 0.8125 0.56875 0.7134259259259259 0.5700520833333333 0.7046296296296296 0.5736979166666667 0.6986111111111111 0.5861979166666667 0.6981481481481482
0 0.7020833333333333 0.5638888888888889 0.7109375 0.5666666666666667 0.71328125 0.5736111111111111 0.7143229166666667 0.6236111111111111 0.7135416666666666 0.6305555555555555 0.7109375 0.6324074074074074 0.6919270833333333 0.6319444444444444 0.6893229166666667 0.6268518518518519 0.69140625 0.6106481481481482 0.6903645833333333 0.5685185185185185 0.7018229166666666 0.5638888888888889
0 0.6255208333333333 0.55 0.6302083333333334 0.5546296296296296 0.63203125 0.5666666666666667 0.6348958333333333 0.6481481481481481 0.6341145833333334 0.6564814814814814 0.63046875 0.6648148148148149 0.62109375 0.6685185185185185 0.609375 0.6657407407407407 0.6059895833333333 0.6532407407407408 0.6036458333333333 0.5643518518518519 0.60546875 0.5537037037037037 0.6088541666666667 0.5509259259259259 0.6252604166666667 0.55
0 0.7 0.6902777777777778 0.7075520833333333 0.6944444444444444 0.7111979166666667 0.7092592592592593 0.7104166666666667 0.8041666666666667 0.703125 0.8092592592592592 0.68515625 0.8074074074074075 0.68125 0.8 0.6841145833333333 0.7027777777777777 0.6888020833333334 0.6912037037037037 0.6997395833333333 0.6902777777777778
0 0.7375 0.7 0.74296875 0.7041666666666667 0.74609375 0.7157407407407408 0.7489583333333333 0.7675925925925926 0.7484375 0.7935185185185185 0.7432291666666667 0.7976851851851852 0.7322916666666667 0.7986111111111112 0.72578125 0.7972222222222223 0.7234375 0.7916666666666666 0.7190104166666667 0.7097222222222223 0.7239583333333334 0.7023148148148148 0.7372395833333333 0.700462962962963
0 0.8158854166666667 0.6949074074074074 0.8229166666666666 0.6995370370370371 0.825 0.7069444444444445 0.8260416666666667 0.7699074074074074 0.8234375 0.8 0.81484375 0.8064814814814815 0.8041666666666667 0.8037037037037037 0.79921875 0.7953703703703704 0.79765625 0.7759259259259259 0.7989583333333333 0.7328703703703704 0.7971354166666667 0.7097222222222223 0.79921875 0.7 0.8015625 0.6972222222222222 0.815625 0.6949074074074074
0 0.6625 0.27361111111111114 0.66875 0.27685185185185185 0.6716145833333333 0.2851851851851852 0.6705729166666666 0.3560185185185185 0.6682291666666667 0.36018518518518516 0.65546875 0.3611111111111111 0.6479166666666667 0.3592592592592593 0.6458333333333334 0.3541666666666667 0.6463541666666667 0.2898148148148148 0.6479166666666667 0.2791666666666667 0.65078125 0.275 0.6622395833333333 0.27361111111111114
0 0.85078125 0.25555555555555554 0.85625 0.25833333333333336 0.8614583333333333 0.27175925925925926 0.8653645833333333 0.3351851851851852 0.8627604166666667 0.35833333333333334 0.8515625 0.36203703703703705 0.8424479166666666 0.3611111111111111 0.83828125 0.35462962962962963 0.8338541666666667 0.2847222222222222 0.834375 0.2657407407407407 0.83671875 0.26064814814814813 0.8416666666666667 0.2564814814814815 0.8505208333333333 0.25555555555555554
0 0.5856770833333333 0.2865740740740741 0.5986979166666667 0.2962962962962963 0.5986979166666667 0.31574074074074077 0.5859375 0.3972222222222222 0.58125 0.4083333333333333 0.5744791666666667 0.4115740740740741 0.5606770833333333 0.40185185185185185 0.5580729166666667 0.38333333333333336 0.5630208333333333 0.36342592592592593 0.5703125 0.30972222222222223 0.5747395833333333 0.29305555555555557 0.5778645833333333 0.28703703703703703 0.5854166666666667 0.2865740740740741
0 0.7825520833333334 0.5601851851851852 0.7864583333333334 0.5643518518518519 0.78828125 0.5731481481481482 0.790625 0.6439814814814815 0.7880208333333333 0.6606481481481481 0.7809895833333333 0.6657407407407407 0.76953125 0.6648148148148149 0.7638020833333333 0.6537037037037037 0.7611979166666667 0.5703703703703704 0.7666666666666667 0.5601851851851852 0.7822916666666667 0.5601851851851852
0 0.6299479166666667 0.2462962962962963 0.6356770833333333 0.2518518518518518 0.6380208333333334 0.2625 0.6385416666666667 0.3351851851851852 0.6372395833333333 0.3486111111111111 0.6348958333333333 0.3537037037037037 0.6236979166666666 0.35833333333333334 0.6161458333333333 0.35694444444444445 0.6119791666666666 0.3486111111111111 0.61015625 0.2625 0.6119791666666666 0.2518518518518518 0.61640625 0.24675925925925926 0.6296875 0.2462962962962963
0 0.890625 0.5671296296296297 0.9018229166666667 0.5708333333333333 0.9046875 0.5768518518518518 0.9052083333333333 0.5837962962962963 0.9065104166666667 0.6263888888888889 0.90546875 0.6615740740740741 0.9002604166666667 0.674537037037037 0.8940104166666667 0.6763888888888889 0.8833333333333333 0.675 0.8794270833333333 0.6685185185185185 0.8768229166666667 0.6222222222222222 0.8783854166666667 0.5740740740740741 0.8830729166666667 0.5685185185185185 0.8903645833333333 0.5671296296296297
0 0.659375 0.9800925925925926 0.665625 0.9837962962962963 0.6708333333333333 0.999537037037037 0.6424479166666667 0.999537037037037 0.64296875 0.9925925925925926 0.6473958333333333 0.9833333333333333 0.6591145833333333 0.9800925925925926
0 0.85234375 0.14166666666666666 0.8572916666666667 0.1486111111111111 0.8580729166666666 0.22268518518518518 0.8552083333333333 0.2361111111111111 0.8455729166666667 0.24027777777777778 0.8348958333333333 0.23842592592592593 0.8322916666666667 0.23425925925925925 0.8315104166666667 0.1574074074074074 0.8354166666666667 0.14305555555555555 0.8520833333333333 0.14166666666666666
0 0.7104166666666667 0.38564814814814813 0.7526041666666666 0.3921296296296296 0.7552083333333334 0.39861111111111114 0.7549479166666667 0.4273148148148148 0.75234375 0.43425925925925923 0.7481770833333333 0.4361111111111111 0.70234375 0.43287037037037035 0.6942708333333333 0.4287037037037037 0.6927083333333334 0.4027777777777778 0.6955729166666667 0.3902777777777778 0.703125 0.38564814814814813 0.71015625 0.38564814814814813
0 0.6239583333333333 0.11203703703703703 0.6299479166666667 0.11435185185185186 0.634375 0.12268518518518519 0.6372395833333333 0.1685185185185185 0.6346354166666667 0.21805555555555556 0.6302083333333334 0.22361111111111112 0.6231770833333333 0.22592592592592592 0.61484375 0.22453703703703703 0.6106770833333334 0.2199074074074074 0.60859375 0.19166666666666668 0.6109375 0.12268518518518519 0.6158854166666666 0.11481481481481481 0.6236979166666666 0.11203703703703703
0 0.9638020833333333 0.2569444444444444 0.9708333333333333 0.26157407407407407 0.97421875 0.26990740740740743 0.9763020833333333 0.29583333333333334 0.97578125 0.3398148148148148 0.9731770833333333 0.3625 0.96875 0.3675925925925926 0.96171875 0.3699074074074074 0.9494791666666667 0.36574074074074076 0.9434895833333333 0.3527777777777778 0.9455729166666667 0.30185185185185187 0.94375 0.2777777777777778 0.94609375 0.2657407407407407 0.9489583333333333 0.26064814814814813 0.9549479166666667 0.2569444444444444 0.9635416666666666 0.2569444444444444
0 0.63359375 0.4310185185185185 0.6403645833333333 0.44074074074074077 0.6682291666666667 0.5222222222222223 0.6658854166666667 0.5333333333333333 0.6510416666666666 0.5462962962962963 0.6440104166666667 0.538425925925926 0.615625 0.4601851851851852 0.615625 0.4486111111111111 0.6190104166666667 0.44166666666666665 0.6268229166666667 0.43333333333333335 0.6333333333333333 0.4310185185185185
0 0.65859375 0.7032407407407407 0.66875 0.7041666666666667 0.6731770833333334 0.7106481481481481 0.671875 0.7967592592592593 0.66875 0.8101851851851852 0.6619791666666667 0.8171296296296297 0.6479166666666667 0.8138888888888889 0.6447916666666667 0.8064814814814815 0.64375 0.7962962962962963 0.64609375 0.7527777777777778 0.6458333333333334 0.7157407407407408 0.6489583333333333 0.7041666666666667 0.6583333333333333 0.7032407407407407
0 0.78359375 0.6907407407407408 0.7877604166666666 0.6949074074074074 0.7893229166666667 0.7055555555555556 0.7919270833333333 0.7870370370370371 0.78984375 0.8027777777777778 0.7856770833333333 0.8101851851851852 0.78046875 0.8125 0.7705729166666667 0.8106481481481481 0.7640625 0.8023148148148148 0.7619791666666667 0.7097222222222223 0.7651041666666667 0.6921296296296297 0.7833333333333333 0.6907407407407408
0 0.7385416666666667 0.09861111111111111 0.7455729166666667 0.10231481481481482 0.74921875 0.11203703703703703 0.7481770833333333 0.19953703703703704 0.7450520833333333 0.2152777777777778 0.7356770833333334 0.22083333333333333 0.7268229166666667 0.22037037037037038 0.72109375 0.2152777777777778 0.71953125 0.2111111111111111 0.71953125 0.19537037037037036 0.7216145833333333 0.17592592592592593 0.72109375 0.12638888888888888 0.7229166666666667 0.10925925925925926 0.72734375 0.10138888888888889 0.73828125 0.09861111111111111
0 0.8158854166666667 0.5574074074074075 0.8216145833333334 0.5625 0.8239583333333333 0.5745370370370371 0.82578125 0.6439814814814815 0.8244791666666667 0.6625 0.82109375 0.6671296296296296 0.8140625 0.6689814814814815 0.8033854166666666 0.6675925925925926 0.7984375 0.6615740740740741 0.7989583333333333 0.6129629629629629 0.796875 0.5712962962962963 0.8002604166666667 0.5587962962962963 0.815625 0.5574074074074075
0 0.81875 0.24722222222222223 0.821875 0.25277777777777777 0.8244791666666667 0.27824074074074073 0.8244791666666667 0.324537037037037 0.8221354166666667 0.33194444444444443 0.8153645833333333 0.3347222222222222 0.8033854166666666 0.3333333333333333 0.8002604166666667 0.3282407407407407 0.79921875 0.2569444444444444 0.8033854166666666 0.24675925925925926 0.8184895833333333 0.24722222222222223
0 0.7765625 0.24259259259259258 0.7861979166666667 0.24953703703703703 0.78984375 0.26342592592592595 0.78984375 0.3425925925925926 0.78671875 0.3523148148148148 0.7802083333333333 0.35462962962962963 0.7669270833333334 0.3523148148148148 0.7640625 0.3453703703703704 0.7630208333333334 0.3347222222222222 0.76171875 0.28055555555555556 0.7630208333333334 0.25462962962962965 0.7674479166666667 0.2462962962962963 0.7763020833333333 0.24259259259259258
0 0.8953125 0.2638888888888889 0.9020833333333333 0.2662037037037037 0.9065104166666667 0.2722222222222222 0.9096354166666667 0.2949074074074074 0.91328125 0.30694444444444446 0.9098958333333333 0.31342592592592594 0.9122395833333333 0.337037037037037 0.9114583333333334 0.36712962962962964 0.90859375 0.3731481481481482 0.9013020833333333 0.3773148148148148 0.8869791666666667 0.3763888888888889 0.88046875 0.3662037037037037 0.8796875 0.3597222222222222 0.8825520833333333 0.3439814814814815 0.88203125 0.3060185185185185 0.8776041666666666 0.2898148148148148 0.884375 0.26851851851851855 0.8950520833333333 0.2638888888888889
0 0.5364583333333334 0.8685185185185185 0.5432291666666667 0.8819444444444444 0.5463541666666667 0.8967592592592593 0.54375 0.9106481481481481 0.5075520833333333 0.9490740740740741 0.49244791666666665 0.9597222222222223 0.48802083333333335 0.9574074074074074 0.48072916666666665 0.9388888888888889 0.48020833333333335 0.924074074074074 0.4817708333333333 0.9189814814814815 0.52890625 0.8699074074074075 0.5361979166666667 0.8685185185185185