0 0.8869791666666667 0.12685185185185185 0.8916666666666667 0.13055555555555556 0.89375 0.14027777777777778 0.89609375 0.19907407407407407 0.89453125 0.23425925925925925 0.8911458333333333 0.24074074074074073 0.8869791666666667 0.24259259259259258 0.87265625 0.24212962962962964 0.8690104166666667 0.2361111111111111 0.8671875 0.22083333333333333 0.8682291666666667 0.19490740740740742 0.86640625 0.15925925925925927 0.8666666666666667 0.1439814814814815 0.8708333333333333 0.12962962962962962 0.8768229166666667 0.12638888888888888 0.88671875 0.12685185185185185
0 0.7697916666666667 0.12037037037037036 0.77578125 0.12129629629629629 0.78046875 0.12638888888888888 0.78359375 0.18703703703703703 0.7799479166666666 0.2199074074074074 0.7690104166666667 0.22685185185185186 0.7625 0.22361111111111112 0.75546875 0.2101851851851852 0.75703125 0.19212962962962962 0.7544270833333333 0.13703703703703704 0.7549479166666667 0.1300925925925926 0.7580729166666667 0.12314814814814815 0.76953125 0.12037037037037036
0 0.6229166666666667 0.687037037037037 0.6276041666666666 0.6898148148148148 0.63046875 0.6958333333333333 0.6322916666666667 0.7555555555555555 0.63046875 0.8023148148148148 0.6263020833333334 0.812962962962963 0.621875 0.8152777777777778 0.6096354166666667 0.8152777777777778 0.6049479166666667 0.812037037037037 0.6015625 0.8032407407407407 0.60078125 0.7819444444444444 0.60546875 0.6953703703703704 0.6091145833333333 0.687962962962963 0.62265625 0.687037037037037
0 0.2640625 0.04861111111111111 0.27369791666666665 0.05740740740740741 0.27578125 0.07037037037037037 0.2625 0.14027777777777778 0.25859375 0.1449074074074074 0.2520833333333333 0.1439814814814815 0.24192708333333332 0.13703703703703704 0.23984375 0.11944444444444445 0.246875 0.08194444444444444 0.24661458333333333 0.07407407407407407 0.2515625 0.0587962962962963 0.25729166666666664 0.05 0.2638020833333333 0.04861111111111111
0 0.6994791666666667 0.12546296296296297 0.70546875 0.1287037037037037 0.7078125 0.13703703703703704 0.7083333333333334 0.19953703703703704 0.7065104166666667 0.21666666666666667 0.6963541666666667 0.22361111111111112 0.6856770833333333 0.22037037037037038 0.6822916666666666 0.21296296296296297 0.6833333333333333 0.1388888888888889 0.6856770833333333 0.12824074074074074 0.69921875 0.12546296296296297
0 0.7377604166666667 0.2564814814814815 0.7450520833333333 0.262037037037037 0.7481770833333333 0.275 0.7502604166666667 0.3509259259259259 0.7481770833333333 0.35833333333333334 0.7421875 0.3611111111111111 0.72734375 0.3574074074074074 0.7239583333333334 0.3458333333333333 0.7247395833333333 0.3277777777777778 0.721875 0.27175925925925926 0.7268229166666667 0.2601851851851852 0.7375 0.2564814814814815
0 0.9635416666666666 0.12777777777777777 0.9705729166666667 0.13657407407407407 0.97265625 0.1476851851851852 0.9729166666666667 0.2212962962962963 0.9697916666666667 0.23148148148148148 0.9622395833333334 0.23796296296296296 0.9505208333333334 0.2351851851851852 0.9432291666666667 0.22314814814814815 0.9442708333333333 0.1935185185185185 0.94296875 0.16435185185185186 0.9408854166666667 0.15648148148148147 0.9432291666666667 0.1398148148148148 0.9484375 0.1300925925925926 0.9549479166666667 0.12638888888888888 0.96328125 0.12777777777777777
0 0.8083333333333333 0.10555555555555556 0.8138020833333334 0.1087962962962963 0.81875 0.11990740740740741 0.8205729166666667 0.17175925925925925 0.8184895833333333 0.19907407407407407 0.81484375 0.20416666666666666 0.8046875 0.2074074074074074 0.7958333333333333 0.20277777777777778 0.7921875 0.19537037037037036 0.7919270833333333 0.1259259259259259 0.796875 0.10925925925925926 0.8002604166666667 0.10601851851851851 0.8080729166666667 0.10555555555555556
0 0.7734375 0.5527777777777778 0.7794270833333333 0.5546296296296296 0.784375 0.5615740740740741 0.7880208333333333 0.6300925925925925 0.7859375 0.6546296296296297 0.7833333333333333 0.6583333333333333 0.7723958333333333 0.6611111111111111 0.7653645833333333 0.6587962962962963 0.7614583333333333 0.6481481481481481 0.7583333333333333 0.5699074074074074 0.7622395833333333 0.5574074074074075 0.7731770833333333 0.5527777777777778
0 0.8622395833333333 0.6967592592592593 0.8661458333333333 0.7037037037037037 0.86796875 0.7148148148148148 0.8697916666666666 0.7791666666666667 0.8692708333333333 0.8083333333333333 0.8627604166666667 0.8143518518518519 0.8486979166666667 0.8134259259259259 0.8416666666666667 0.8069444444444445 0.8395833333333333 0.7967592592592593 0.8411458333333334 0.762962962962963 0.83828125 0.7134259259259259 0.8408854166666667 0.7013888888888888 0.8455729166666667 0.6962962962962963 0.8536458333333333 0.6939814814814815 0.8619791666666666 0.6967592592592593
0 0.8955729166666667 0.25925925925925924 0.90078125 0.26157407407407407 0.9049479166666666 0.2675925925925926 0.9078125 0.29259259259259257 0.9106770833333333 0.3 0.90859375 0.30694444444444446 0.91015625 0.35324074074074074 0.909375 0.3625 0.9057291666666667 0.3699074074074074 0.8927083333333333 0.3726851851851852 0.8848958333333333 0.37037037037037035 0.8783854166666667 0.3597222222222222 0.87890625 0.30277777777777776 0.8763020833333334 0.28564814814814815 0.878125 0.2722222222222222 0.8828125 0.26157407407407407 0.8953125 0.25925925925925924
0 0.6580729166666667 0.975462962962963 0.6658854166666667 0.9828703703703704 0.6690104166666667 0.999537037037037 0.6395833333333333 0.999537037037037 0.6403645833333333 0.9879629629629629 0.6432291666666666 0.9805555555555555 0.65078125 0.975462962962963 0.6578125 0.975462962962963
0 0.6200520833333333 0.5444444444444444 0.6263020833333334 0.5481481481481482 0.6286458333333333 0.5578703703703703 0.6315104166666666 0.6458333333333334 0.6278645833333333 0.6597222222222222 0.6197916666666666 0.663425925925926 0.6091145833333333 0.6615740740740741 0.6044270833333333 0.6537037037037037 0.6010416666666667 0.5888888888888889 0.6026041666666667 0.5504629629629629 0.6083333333333333 0.5453703703703704 0.6197916666666666 0.5444444444444444
0 0.8502604166666666 0.5555555555555556 0.8627604166666667 0.5601851851851852 0.865625 0.5694444444444444 0.8627604166666667 0.6583333333333333 0.8604166666666667 0.6712962962962963 0.8567708333333334 0.6768518518518518 0.85234375 0.6782407407407407 0.83828125 0.674074074074074 0.8341145833333333 0.6611111111111111 0.8385416666666666 0.5745370370370371 0.8432291666666667 0.5574074074074075 0.85 0.5555555555555556
0 0.7015625 0.38101851851851853 0.7380208333333333 0.38425925925925924 0.7442708333333333 0.38842592592592595 0.7458333333333333 0.3962962962962963 0.74453125 0.42453703703703705 0.7421875 0.4287037037037037 0.7359375 0.4305555555555556 0.6856770833333333 0.425 0.6822916666666666 0.41203703703703703 0.6825520833333333 0.3962962962962963 0.6848958333333334 0.3861111111111111 0.6888020833333334 0.3819444444444444 0.7013020833333333 0.38101851851851853
0 0.6604166666666667 0.12407407407407407 0.6677083333333333 0.1259259259259259 0.6705729166666666 0.1300925925925926 0.6723958333333333 0.13703703703703704 0.6729166666666667 0.15787037037037038 0.6697916666666667 0.2 0.67109375 0.2263888888888889 0.66640625 0.23425925925925925 0.659375 0.2388888888888889 0.6473958333333333 0.23472222222222222 0.6432291666666666 0.2263888888888889 0.6427083333333333 0.2175925925925926 0.6453125 0.19444444444444445 0.64765625 0.13333333333333333 0.6510416666666666 0.12638888888888888 0.66015625 0.12407407407407407
0 0.5856770833333333 0.12222222222222222 0.5921875 0.12407407407407407 0.5971354166666667 0.12962962962962962 0.5973958333333333 0.1837962962962963 0.5955729166666667 0.22037037037037038 0.590625 0.2310185185185185 0.5841145833333333 0.23472222222222222 0.5768229166666666 0.2337962962962963 0.57109375 0.22685185185185186 0.56875 0.2101851851851852 0.56875 0.19166666666666668 0.5716145833333334 0.13055555555555556 0.5747395833333333 0.12453703703703704 0.5854166666666667 0.12222222222222222
0 0.9315104166666667 0.5532407407407407 0.93671875 0.5564814814814815 0.94140625 0.5675925925925925 0.9453125 0.6050925925925926 0.94453125 0.6638888888888889 0.940625 0.6754629629629629 0.9338541666666667 0.6782407407407407 0.921875 0.6759259259259259 0.9166666666666666 0.6657407407407407 0.9119791666666667 0.5814814814814815 0.9122395833333333 0.5689814814814815 0.91484375 0.5592592592592592 0.91953125 0.5546296296296296 0.93125 0.5532407407407407
0 0.70078125 0.5583333333333333 0.7078125 0.5606481481481481 0.7104166666666667 0.5671296296296297 0.7114583333333333 0.6212962962962963 0.7098958333333333 0.6268518518518519 0.7067708333333333 0.6273148148148148 0.6890625 0.6273148148148148 0.6872395833333333 0.6231481481481481 0.6888020833333334 0.600462962962963 0.6875 0.5638888888888889 0.6903645833333333 0.5601851851851852 0.7005208333333334 0.5583333333333333
0 0.6940104166666666 0.6847222222222222 0.7046875 0.6888888888888889 0.7078125 0.6958333333333333 0.7091145833333333 0.7055555555555556 0.70703125 0.799537037037037 0.6971354166666667 0.8041666666666667 0.6825520833333333 0.8013888888888889 0.6778645833333333 0.7930555555555555 0.6815104166666667 0.6958333333333333 0.6854166666666667 0.6865740740740741 0.69375 0.6847222222222222
0 0.7341145833333333 0.6953703703703704 0.73984375 0.6986111111111111 0.7424479166666667 0.7055555555555556 0.7466145833333333 0.7814814814814814 0.7442708333333333 0.7898148148148149 0.7354166666666667 0.7935185185185185 0.725 0.7930555555555555 0.721875 0.7888888888888889 0.7166666666666667 0.7208333333333333 0.7169270833333333 0.7032407407407407 0.71875 0.6990740740740741 0.7338541666666667 0.6953703703703704
0 0.48463541666666665 0.5643518518518519 0.49947916666666664 0.5726851851851852 0.5002604166666667 0.5930555555555556 0.4908854166666667 0.6787037037037037 0.48828125 0.687037037037037 0.48072916666666665 0.6944444444444444 0.4708333333333333 0.6925925925925925 0.4635416666666667 0.6861111111111111 0.4609375 0.6787037037037037 0.4609375 0.6712962962962963 0.46953125 0.6231481481481481 0.47317708333333336 0.5800925925925926 0.47734375 0.5666666666666667 0.484375 0.5643518518518519
0 0.69609375 0.25277777777777777 0.703125 0.25462962962962965 0.7075520833333333 0.262037037037037 0.7098958333333333 0.2967592592592593 0.71015625 0.3277777777777778 0.7083333333333334 0.3486111111111111 0.7059895833333333 0.35509259259259257 0.7010416666666667 0.3574074074074074 0.68515625 0.3537037037037037 0.6817708333333333 0.3111111111111111 0.6833333333333333 0.26157407407407407 0.68671875 0.25462962962962965 0.6958333333333333 0.25277777777777777
0 0.6393229166666666 0.3907407407407407 0.6440104166666667 0.3962962962962963 0.6473958333333333 0.4115740740740741 0.6588541666666666 0.49444444444444446 0.6583333333333333 0.5013888888888889 0.65546875 0.5050925925925925 0.6411458333333333 0.5120370370370371 0.6372395833333333 0.5097222222222222 0.63359375 0.500462962962963 0.6197916666666666 0.41203703703703703 0.6203125 0.4046296296296296 0.6231770833333333 0.39814814814814814 0.6390625 0.3907407407407407
0 0.8140625 0.6907407407407408 0.8197916666666667 0.6944444444444444 0.8216145833333334 0.7 0.8239583333333333 0.7449074074074075 0.8216145833333334 0.7902777777777777 0.81796875 0.7981481481481482 0.8125 0.8009259259259259 0.8005208333333333 0.7986111111111112 0.7963541666666667 0.7930555555555555 0.7947916666666667 0.7583333333333333 0.7966145833333333 0.7518518518518519 0.7971354166666667 0.7333333333333333 0.7950520833333333 0.7018518518518518 0.79609375 0.6958333333333333 0.79921875 0.6921296296296297 0.8138020833333334 0.6907407407407408
0 0.66015625 0.26805555555555555 0.66875 0.2759259259259259 0.6700520833333333 0.29305555555555557 0.6682291666666667 0.34629629629629627 0.6643229166666667 0.35555555555555557 0.6471354166666666 0.35462962962962963 0.6440104166666667 0.35138888888888886 0.6432291666666666 0.3453703703703704 0.6450520833333333 0.32314814814814813 0.6450520833333333 0.27546296296296297 0.6497395833333334 0.26805555555555555 0.6598958333333333 0.26805555555555555
0 0.5473958333333333 0.5370370370370371 0.5549479166666667 0.5398148148148149 0.5567708333333333 0.5458333333333333 0.5559895833333334 0.6337962962962963 0.55390625 0.649537037037037 0.54609375 0.6555555555555556 0.5307291666666667 0.6509259259259259 0.5286458333333334 0.6314814814814815 0.5315104166666667 0.5430555555555555 0.5354166666666667 0.5375 0.5471354166666667 0.5370370370370371
0 0.6260416666666667 0.24027777777777778 0.6315104166666666 0.24351851851851852 0.63515625 0.2518518518518518 0.63671875 0.324537037037037 0.634375 0.3453703703703704 0.63046875 0.350462962962963 0.6223958333333334 0.3523148148148148 0.6127604166666667 0.3509259259259259 0.6098958333333333 0.3453703703703704 0.6080729166666666 0.26805555555555555 0.60859375 0.2518518518518518 0.6106770833333334 0.24444444444444444 0.6161458333333333 0.24027777777777778 0.62578125 0.24027777777777778
0 0.8903645833333333 0.5625 0.8984375 0.5657407407407408 0.9018229166666667 0.5717592592592593 0.90390625 0.6305555555555555 0.9018229166666667 0.6643518518518519 0.896875 0.6694444444444444 0.8877604166666667 0.6712962962962963 0.8791666666666667 0.6685185185185185 0.8768229166666667 0.6643518518518519 0.87578125 0.6018518518518519 0.8736979166666666 0.5777777777777777 0.8765625 0.5652777777777778 0.8901041666666667 0.5625
0 0.7424479166666667 0.5416666666666666 0.7466145833333333 0.5458333333333333 0.7481770833333333 0.5592592592592592 0.7481770833333333 0.6199074074074075 0.7450520833333333 0.6402777777777777 0.7356770833333334 0.6467592592592593 0.7268229166666667 0.6453703703703704 0.7216145833333333 0.6375 0.7213541666666666 0.6083333333333333 0.7231770833333333 0.5995370370370371 0.721875 0.549537037037037 0.7239583333333334 0.5430555555555555 0.7270833333333333 0.5412037037037037 0.7421875 0.5416666666666666
0 0.8489583333333334 0.25046296296296294 0.8559895833333333 0.2564814814814815 0.8596354166666667 0.2689814814814815 0.8630208333333333 0.32731481481481484 0.8606770833333334 0.3523148148148148 0.8489583333333334 0.35694444444444445 0.8388020833333333 0.35509259259259257 0.8361979166666667 0.3490740740740741 0.8309895833333333 0.2689814814814815 0.834375 0.2550925925925926 0.8403645833333333 0.25092592592592594 0.8486979166666667 0.25046296296296294
0 0.7760416666666666 0.23796296296296296 0.7828125 0.24305555555555555 0.78671875 0.25277777777777777 0.78828125 0.3106481481481482 0.78671875 0.3416666666666667 0.7770833333333333 0.34953703703703703 0.7677083333333333 0.3486111111111111 0.7619791666666667 0.3416666666666667 0.7596354166666667 0.27824074074074073 0.7614583333333333 0.24722222222222223 0.7684895833333333 0.23842592592592593 0.77578125 0.23796296296296296
0 0.8427083333333333 0.13564814814814816 0.8533854166666667 0.13842592592592592 0.85625 0.15416666666666667 0.8557291666666667 0.22268518518518518 0.8526041666666667 0.23194444444444445 0.8463541666666666 0.2351851851851852 0.8315104166666667 0.23194444444444445 0.8294270833333334 0.21898148148148147 0.8307291666666666 0.14212962962962963 0.8346354166666666 0.13657407407407407 0.8424479166666666 0.13564814814814816
0 0.6200520833333333 0.10648148148148148 0.6270833333333333 0.10833333333333334 0.63125 0.11342592592592593 0.6346354166666667 0.13935185185185187 0.63359375 0.2064814814814815 0.6302083333333334 0.21574074074074073 0.6231770833333333 0.21944444444444444 0.6106770833333334 0.21712962962962962 0.6072916666666667 0.20462962962962963 0.60859375 0.11898148148148148 0.6122395833333333 0.11018518518518519 0.6197916666666666 0.10648148148148148
0 0.96015625 0.2513888888888889 0.9674479166666666 0.25462962962962965 0.9716145833333333 0.262037037037037 0.9747395833333333 0.3074074074074074 0.9723958333333333 0.35185185185185186 0.9684895833333333 0.36064814814814816 0.9622395833333334 0.36435185185185187 0.94921875 0.3625 0.9419270833333333 0.3523148148148148 0.9408854166666667 0.3458333333333333 0.9427083333333334 0.33194444444444443 0.9424479166666667 0.26666666666666666 0.94921875 0.25324074074074077 0.9598958333333333 0.2513888888888889
0 0.6596354166666667 0.6967592592592593 0.66796875 0.700462962962963 0.6700520833333333 0.7055555555555556 0.6716145833333333 0.7412037037037037 0.66796875 0.799537037037037 0.66484375 0.8087962962962963 0.6588541666666666 0.812037037037037 0.6497395833333334 0.8115740740740741 0.6440104166666667 0.8064814814814815 0.6416666666666667 0.7782407407407408 0.6440104166666667 0.7134259259259259 0.6463541666666667 0.7023148148148148 0.6510416666666666 0.6962962962962963 0.659375 0.6967592592592593
0 0.7794270833333333 0.6847222222222222 0.78359375 0.687037037037037 0.78671875 0.6958333333333333 0.7890625 0.7828703703703703 0.7875 0.7967592592592593 0.784375 0.8041666666666667 0.7734375 0.8083333333333333 0.765625 0.8050925925925926 0.7604166666666666 0.7921296296296296 0.7591145833333334 0.7092592592592593 0.7622395833333333 0.687962962962963 0.76796875 0.6847222222222222 0.7791666666666667 0.6847222222222222
0 0.7369791666666666 0.09305555555555556 0.7427083333333333 0.09583333333333334 0.74609375 0.10138888888888889 0.7473958333333334 0.12222222222222222 0.7455729166666667 0.20694444444444443 0.7427083333333333 0.2125 0.7372395833333333 0.21574074074074073 0.72109375 0.21342592592592594 0.71796875 0.20694444444444443 0.7171875 0.19907407407407407 0.7197916666666667 0.17314814814814813 0.71953125 0.13287037037037036 0.7213541666666666 0.1050925925925926 0.7270833333333333 0.09444444444444444 0.73671875 0.09305555555555556
0 0.8169270833333333 0.5546296296296296 0.8197916666666667 0.5606481481481481 0.82109375 0.5708333333333333 0.8234375 0.6166666666666667 0.82265625 0.6541666666666667 0.8197916666666667 0.6606481481481481 0.8119791666666667 0.6638888888888889 0.8 0.6625 0.7955729166666666 0.6541666666666667 0.796875 0.6240740740740741 0.7940104166666667 0.5675925925925925 0.79609375 0.5564814814814815 0.7989583333333333 0.5527777777777778 0.8166666666666667 0.5546296296296296
0 0.5471354166666667 0.6819444444444445 0.5502604166666667 0.6884259259259259 0.5513020833333333 0.7833333333333333 0.5471354166666667 0.7939814814814815 0.5388020833333333 0.7976851851851852 0.5291666666666667 0.7958333333333333 0.5244791666666667 0.7861111111111111 0.5234375 0.7444444444444445 0.5255208333333333 0.7351851851851852 0.5255208333333333 0.7226851851851852 0.5223958333333333 0.6953703703703704 0.5244791666666667 0.6851851851851852 0.5294270833333333 0.6805555555555556 0.53984375 0.6787037037037037 0.546875 0.6819444444444445
0 0.81484375 0.2412037037037037 0.8192708333333333 0.24814814814814815 0.8216145833333334 0.26481481481481484 0.8229166666666666 0.3106481481481482 0.8208333333333333 0.325 0.8130208333333333 0.32916666666666666 0.80078125 0.3277777777777778 0.7981770833333334 0.32175925925925924 0.7989583333333333 0.2935185185185185 0.7971354166666667 0.25277777777777777 0.7989583333333333 0.2439814814814815 0.8015625 0.2412037037037037 0.8145833333333333 0.2412037037037037
0 0.5890625 0.6953703703703704 0.5921875 0.7037037037037037 0.5901041666666667 0.799074074074074 0.58671875 0.8171296296296297 0.5791666666666667 0.8212962962962963 0.5682291666666667 0.8185185185185185 0.56328125 0.8087962962962963 0.5674479166666667 0.700462962962963 0.5690104166666666 0.6953703703703704 0.5734375 0.6921296296296297 0.5888020833333333 0.6953703703703704