0 0.8872395833333333 0.1310185185185185 0.8919270833333334 0.13333333333333333 0.8950520833333333 0.14027777777777778 0.8973958333333333 0.21342592592592594 0.89609375 0.24166666666666667 0.8864583333333333 0.24861111111111112 0.8755208333333333 0.24768518518518517 0.8697916666666666 0.2375 0.8692708333333333 0.1824074074074074 0.8666666666666667 0.15787037037037038 0.8697916666666666 0.14027777777777778 0.8729166666666667 0.1337962962962963 0.8869791666666667 0.1310185185185185
0 0.7802083333333333 0.12824074074074074 0.7828125 0.13194444444444445 0.784375 0.1439814814814815 0.7848958333333333 0.21064814814814814 0.7828125 0.22407407407407406 0.7729166666666667 0.23148148148148148 0.765625 0.22824074074074074 0.7625 0.22037037037037038 0.7583333333333333 0.21666666666666667 0.7567708333333333 0.14212962962962963 0.7580729166666667 0.13287037037037036 0.7619791666666667 0.12777777777777777 0.7729166666666667 0.1259259259259259 0.7799479166666666 0.12824074074074074
0 0.6231770833333333 0.6851851851851852 0.6299479166666667 0.6884259259259259 0.6330729166666667 0.6958333333333333 0.6356770833333333 0.7546296296296297 0.6333333333333333 0.8074074074074075 0.6296875 0.8185185185185185 0.6236979166666666 0.8208333333333333 0.6088541666666667 0.8180555555555555 0.6044270833333333 0.8046296296296296 0.609375 0.6962962962962963 0.6127604166666667 0.6875 0.6229166666666667 0.6851851851851852
0 0.7390625 0.5449074074074074 0.7479166666666667 0.5486111111111112 0.7502604166666667 0.5537037037037037 0.7494791666666667 0.6393518518518518 0.7458333333333333 0.6481481481481481 0.7390625 0.6509259259259259 0.7270833333333333 0.6476851851851851 0.72421875 0.6370370370370371 0.7252604166666666 0.5527777777777778 0.7296875 0.5462962962962963 0.7388020833333333 0.5449074074074074
0 0.7002604166666667 0.1300925925925926 0.7067708333333333 0.13240740740740742 0.709375 0.13703703703703704 0.7106770833333333 0.20833333333333334 0.7096354166666666 0.2199074074074074 0.70703125 0.225 0.6986979166666667 0.22870370370370371 0.6893229166666667 0.22777777777777777 0.6854166666666667 0.22037037037037038 0.6854166666666667 0.1425925925925926 0.6880208333333333 0.13287037037037036 0.7 0.1300925925925926
0 0.9606770833333333 0.13148148148148148 0.96953125 0.13657407407407407 0.9744791666666667 0.15092592592592594 0.9747395833333333 0.23055555555555557 0.9708333333333333 0.23842592592592593 0.9638020833333333 0.24259259259259258 0.9559895833333333 0.24166666666666667 0.9479166666666666 0.2300925925925926 0.94453125 0.1625 0.9447916666666667 0.15138888888888888 0.9489583333333333 0.13703703703703704 0.9526041666666667 0.13287037037037036 0.9604166666666667 0.13148148148148148
0 0.8119791666666667 0.1111111111111111 0.8184895833333333 0.11851851851851852 0.82109375 0.12962962962962962 0.82265625 0.18611111111111112 0.8190104166666666 0.2064814814814815 0.8109375 0.21203703703703702 0.8 0.20972222222222223 0.7953125 0.20324074074074075 0.7942708333333334 0.13055555555555556 0.7966145833333333 0.11944444444444445 0.8005208333333333 0.11296296296296296 0.81171875 0.1111111111111111
0 0.86015625 0.6990740740740741 0.86640625 0.7027777777777777 0.8703125 0.7134259259259259 0.87265625 0.7731481481481481 0.871875 0.8106481481481481 0.8697916666666666 0.8157407407407408 0.8630208333333333 0.8185185185185185 0.853125 0.8175925925925925 0.8453125 0.8106481481481481 0.84296875 0.7962962962962963 0.8440104166666667 0.7703703703703704 0.8408854166666667 0.7203703703703703 0.8416666666666667 0.7106481481481481 0.8450520833333334 0.7027777777777777 0.8515625 0.6986111111111111 0.8598958333333333 0.6990740740740741
0 0.89765625 0.2638888888888889 0.9046875 0.26805555555555555 0.9078125 0.27546296296296297 0.909375 0.29305555555555557 0.9130208333333333 0.3037037037037037 0.91015625 0.31342592592592594 0.9125 0.3453703703703704 0.9114583333333334 0.36666666666666664 0.9080729166666667 0.3736111111111111 0.8979166666666667 0.3773148148148148 0.8869791666666667 0.37546296296296294 0.8802083333333334 0.362962962962963 0.8802083333333334 0.3527777777777778 0.8822916666666667 0.3449074074074074 0.88203125 0.3050925925925926 0.8776041666666666 0.2935185185185185 0.8794270833333333 0.2814814814814815 0.8841145833333334 0.2689814814814815 0.8901041666666667 0.26435185185185184 0.8973958333333333 0.2638888888888889
0 0 0.5564814814814815 0.009375 0.5606481481481481 0.0125 0.5708333333333333 0.009114583333333334 0.6236111111111111 0.005989583333333334 0.6407407407407407 0.0067708333333333336 0.6472222222222223 0 0.6555555555555556 0 0.5569444444444445
0 0.5481770833333334 0.5421296296296296 0.5591145833333333 0.5476851851851852 0.559375 0.5888888888888889 0.5578125 0.6023148148148149 0.5578125 0.65 0.5541666666666667 0.6578703703703703 0.54765625 0.6606481481481481 0.5395833333333333 0.6597222222222222 0.53359375 0.6550925925925926 0.5317708333333333 0.6481481481481481 0.5315104166666667 0.6324074074074074 0.5346354166666667 0.5712962962962963 0.5341145833333333 0.5462962962962963 0.5377604166666666 0.5425925925925926 0.5479166666666667 0.5421296296296296
0 0.8580729166666666 0.5606481481481481 0.8661458333333333 0.5657407407407408 0.8684895833333334 0.5763888888888888 0.8653645833333333 0.6648148148148149 0.86328125 0.6759259259259259 0.8583333333333333 0.6824074074074075 0.8416666666666667 0.6796296296296296 0.8372395833333334 0.6675925925925926 0.8416666666666667 0.5717592592592593 0.8473958333333333 0.5606481481481481 0.8578125 0.5606481481481481
0 0.7380208333333333 0.2611111111111111 0.7450520833333333 0.26435185185185184 0.7484375 0.26944444444444443 0.7510416666666667 0.2865740740740741 0.7528645833333333 0.3592592592592593 0.7515625 0.36342592592592593 0.7463541666666667 0.36666666666666664 0.7317708333333334 0.36435185185185187 0.7283854166666667 0.3592592592592593 0.7270833333333333 0.350462962962963 0.7252604166666666 0.2759259259259259 0.7294270833333333 0.2652777777777778 0.7377604166666667 0.2611111111111111
0 0.66640625 0.13055555555555556 0.671875 0.1337962962962963 0.675 0.15185185185185185 0.67265625 0.19305555555555556 0.6731770833333334 0.225 0.6697916666666667 0.23796296296296296 0.66171875 0.2449074074074074 0.6549479166666666 0.2439814814814815 0.6497395833333334 0.23935185185185184 0.6466145833333333 0.23287037037037037 0.6453125 0.2199074074074074 0.65078125 0.13657407407407407 0.65703125 0.12962962962962962 0.6661458333333333 0.13055555555555556
0 0.9333333333333333 0.5574074074074075 0.9390625 0.5606481481481481 0.9427083333333334 0.5671296296296297 0.946875 0.6 0.9466145833333334 0.6708333333333333 0.94296875 0.6791666666666667 0.93515625 0.6824074074074075 0.9252604166666667 0.6805555555555556 0.9197916666666667 0.6717592592592593 0.9177083333333333 0.6467592592592593 0.9184895833333333 0.6194444444444445 0.9153645833333334 0.5847222222222223 0.9158854166666667 0.5675925925925925 0.9182291666666667 0.562037037037037 0.9330729166666667 0.5574074074074075
0 0.5825520833333333 0.6962962962962963 0.5908854166666667 0.6995370370370371 0.5955729166666667 0.7064814814814815 0.5940104166666667 0.7458333333333333 0.5955729166666667 0.7550925925925925 0.5942708333333333 0.7722222222222223 0.5958333333333333 0.7763888888888889 0.5908854166666667 0.8180555555555555 0.58125 0.825462962962963 0.5713541666666667 0.8240740740740741 0.5666666666666667 0.8157407407407408 0.565625 0.799537037037037 0.5674479166666667 0.7777777777777778 0.5658854166666667 0.7560185185185185 0.5682291666666667 0.7449074074074075 0.56875 0.7129629629629629 0.5708333333333333 0.7023148148148148 0.5744791666666667 0.6972222222222222 0.5822916666666667 0.6962962962962963
0 0.70625 0.5643518518518519 0.7114583333333333 0.5671296296296297 0.7135416666666666 0.5736111111111111 0.7143229166666667 0.6240740740740741 0.7135416666666666 0.6305555555555555 0.71015625 0.6319444444444444 0.6921875 0.6314814814814815 0.68984375 0.6268518518518519 0.69140625 0.6097222222222223 0.690625 0.5680555555555555 0.6958333333333333 0.5643518518518519 0.7059895833333333 0.5643518518518519
0 0.69765625 0.6893518518518519 0.7067708333333333 0.6925925925925925 0.7098958333333333 0.6986111111111111 0.7111979166666667 0.7074074074074074 0.7106770833333333 0.8037037037037037 0.7041666666666667 0.8087962962962963 0.6854166666666667 0.8069444444444445 0.6815104166666667 0.7976851851851852 0.6846354166666667 0.6995370370370371 0.6893229166666667 0.6902777777777778 0.6973958333333333 0.6893518518518519
0 0.7356770833333334 0.6995370370370371 0.74140625 0.7013888888888888 0.7447916666666666 0.7074074074074074 0.7484375 0.7412037037037037 0.7489583333333333 0.7907407407407407 0.7455729166666667 0.7962962962962963 0.7395833333333334 0.7981481481481482 0.728125 0.7976851851851852 0.7239583333333334 0.7935185185185185 0.7203125 0.7564814814814815 0.71953125 0.7064814814814815 0.7247395833333333 0.7013888888888888 0.7354166666666667 0.6995370370370371
0 0.5442708333333334 0.6833333333333333 0.5510416666666667 0.6875 0.5536458333333333 0.6930555555555555 0.5552083333333333 0.7578703703703704 0.5541666666666667 0.7893518518518519 0.5505208333333333 0.7981481481481482 0.5434895833333333 0.8027777777777778 0.53359375 0.8009259259259259 0.5278645833333333 0.7902777777777777 0.52890625 0.7337962962962963 0.5247395833333334 0.7087962962962963 0.5291666666666667 0.6898148148148148 0.5361979166666667 0.6842592592592592 0.5440104166666667 0.6833333333333333
0 0.6268229166666667 0.55 0.6299479166666667 0.5537037037037037 0.6322916666666667 0.5689814814814815 0.63515625 0.6481481481481481 0.6338541666666667 0.6574074074074074 0.6299479166666667 0.6652777777777777 0.6231770833333333 0.6680555555555555 0.6119791666666666 0.6671296296296296 0.6078125 0.6611111111111111 0.6057291666666667 0.6467592592592593 0.60390625 0.5657407407407408 0.60546875 0.5546296296296296 0.6083333333333333 0.5513888888888889 0.6265625 0.55
0 0.8505208333333333 0.1412037037037037 0.8557291666666667 0.1439814814814815 0.8575520833333333 0.14953703703703702 0.8583333333333333 0.2152777777777778 0.85625 0.2337962962962963 0.8473958333333333 0.23981481481481481 0.8354166666666667 0.23842592592592593 0.8322916666666667 0.23333333333333334 0.83125 0.21666666666666667 0.8330729166666667 0.175 0.8317708333333333 0.15694444444444444 0.8348958333333333 0.14305555555555555 0.8502604166666666 0.1412037037037037
0 0.6614583333333334 0.27314814814814814 0.6703125 0.27870370370370373 0.67265625 0.2962962962962963 0.6705729166666666 0.3560185185185185 0.66484375 0.36064814814814816 0.65 0.36018518518518516 0.6466145833333333 0.35694444444444445 0.6455729166666667 0.35185185185185186 0.6473958333333333 0.2814814814814815 0.65078125 0.275 0.6611979166666667 0.27314814814814814
0 0.8557291666666667 0.2574074074074074 0.8614583333333333 0.2712962962962963 0.8653645833333333 0.34305555555555556 0.8622395833333333 0.3592592592592593 0.8526041666666667 0.36157407407407405 0.84140625 0.36018518518518516 0.8385416666666666 0.35462962962962963 0.8338541666666667 0.2773148148148148 0.834375 0.2657407407407407 0.8380208333333333 0.2587962962962963 0.8481770833333333 0.2550925925925926 0.85546875 0.2574074074074074
0 0.5895833333333333 0.2671296296296296 0.5986979166666667 0.2726851851851852 0.5994791666666667 0.3351851851851852 0.5953125 0.38287037037037036 0.5869791666666667 0.39166666666666666 0.5731770833333333 0.38796296296296295 0.5697916666666667 0.3800925925925926 0.5690104166666666 0.3662037037037037 0.5744791666666667 0.2791666666666667 0.5778645833333333 0.26851851851851855 0.5893229166666667 0.2671296296296296
0 0.7041666666666667 0.25925925925925924 0.7078125 0.26157407407407407 0.7109375 0.2712962962962963 0.7111979166666667 0.3486111111111111 0.7104166666666667 0.3587962962962963 0.70703125 0.36342592592592593 0.70234375 0.36435185185185187 0.6924479166666667 0.36342592592592593 0.68671875 0.3560185185185185 0.68515625 0.2712962962962963 0.6856770833333333 0.2652777777777778 0.6885416666666667 0.2601851851851852 0.70390625 0.25925925925925924
0 0.6236979166666666 0.2449074074074074 0.6346354166666667 0.24953703703703703 0.63828125 0.2662037037037037 0.6377604166666667 0.34629629629629627 0.6341145833333334 0.35462962962962963 0.6263020833333334 0.3578703703703704 0.615625 0.35648148148148145 0.61171875 0.34629629629629627 0.6109375 0.25555555555555554 0.6153645833333333 0.24675925925925926 0.6234375 0.2449074074074074
0 0.9015625 0.5708333333333333 0.9052083333333333 0.5810185185185185 0.9065104166666667 0.6472222222222223 0.9044270833333333 0.6666666666666666 0.8973958333333333 0.6759259259259259 0.8838541666666667 0.674537037037037 0.8796875 0.6680555555555555 0.8770833333333333 0.6231481481481481 0.8778645833333333 0.5777777777777777 0.8796875 0.5703703703703704 0.884375 0.5675925925925925 0.89453125 0.5671296296296297 0.9013020833333333 0.5708333333333333
0 0.6619791666666667 0.9800925925925926 0.66875 0.9888888888888889 0.67109375 0.999537037037037 0.6421875 0.999537037037037 0.64375 0.9893518518518518 0.6473958333333333 0.9833333333333333 0.66171875 0.9800925925925926
0 0.7119791666666667 0.38564814814814813 0.753125 0.3921296296296296 0.75546875 0.4023148148148148 0.7549479166666667 0.4287037037037037 0.7489583333333333 0.4356481481481482 0.7005208333333334 0.4324074074074074 0.69453125 0.4287037037037037 0.6927083333333334 0.4060185185185185 0.6953125 0.3907407407407407 0.7026041666666667 0.38564814814814813 0.71171875 0.38564814814814813
0 0.6263020833333334 0.11203703703703703 0.63125 0.11574074074074074 0.6354166666666666 0.12731481481481483 0.6372395833333333 0.17546296296296296 0.6346354166666667 0.2175925925925926 0.62578125 0.22546296296296298 0.6153645833333333 0.22453703703703703 0.6109375 0.2199074074074074 0.6088541666666667 0.1912037037037037 0.6109375 0.12361111111111112 0.6158854166666666 0.11481481481481481 0.6260416666666667 0.11203703703703703
0 0.9635416666666666 0.2564814814814815 0.9713541666666666 0.262037037037037 0.97421875 0.27037037037037037 0.9760416666666667 0.2949074074074074 0.9760416666666667 0.3384259259259259 0.9734375 0.36203703703703705 0.9692708333333333 0.36712962962962964 0.96171875 0.36944444444444446 0.9494791666666667 0.36527777777777776 0.94375 0.3527777777777778 0.9458333333333333 0.300462962962963 0.94375 0.27685185185185185 0.9458333333333333 0.2657407407407407 0.9494791666666667 0.25972222222222224 0.96328125 0.2564814814814815
0 0.7846354166666667 0.6898148148148148 0.7877604166666666 0.6925925925925925 0.7901041666666667 0.7060185185185185 0.7921875 0.7916666666666666 0.7880208333333333 0.8064814814814815 0.7822916666666667 0.8115740740740741 0.7721354166666666 0.8106481481481481 0.76484375 0.8032407407407407 0.7627604166666667 0.7810185185185186 0.7619791666666667 0.7092592592592593 0.765625 0.6907407407407408 0.784375 0.6898148148148148
0 0.7760416666666666 0.5574074074074075 0.7828125 0.5597222222222222 0.7875 0.5671296296296297 0.790625 0.6282407407407408 0.7885416666666667 0.6587962962962963 0.7791666666666667 0.6652777777777777 0.7690104166666667 0.6638888888888889 0.7635416666666667 0.6513888888888889 0.7638020833333333 0.6157407407407407 0.7609375 0.5768518518518518 0.76171875 0.5675925925925925 0.7645833333333333 0.5615740740740741 0.77578125 0.5574074074074075
0 0.6268229166666667 0.42685185185185187 0.6338541666666667 0.4337962962962963 0.66484375 0.5092592592592593 0.6645833333333333 0.5217592592592593 0.6578125 0.5333333333333333 0.6510416666666666 0.5393518518518519 0.6458333333333334 0.5370370370370371 0.6401041666666667 0.5291666666666667 0.6104166666666667 0.45601851851851855 0.6104166666666667 0.44675925925925924 0.6127604166666667 0.44027777777777777 0.61953125 0.4310185185185185 0.6265625 0.42685185185185187
0 0.5934895833333333 0.12962962962962962 0.5979166666666667 0.13333333333333333 0.5997395833333333 0.13935185185185187 0.60078125 0.17175925925925925 0.59921875 0.22037037037037038 0.59609375 0.23287037037037037 0.5885416666666666 0.24074074074074073 0.5778645833333333 0.23842592592592593 0.5729166666666666 0.22916666666666666 0.5716145833333334 0.21805555555555556 0.57265625 0.17731481481481481 0.5755208333333334 0.13287037037037036 0.58125 0.1287037037037037 0.5932291666666667 0.12962962962962962
0 0.6690104166666667 0.7037037037037037 0.6731770833333334 0.7097222222222223 0.67265625 0.788425925925926 0.6690104166666667 0.8087962962962963 0.6614583333333334 0.8166666666666667 0.65 0.8148148148148148 0.6450520833333333 0.8069444444444445 0.64375 0.7810185185185186 0.64609375 0.7583333333333333 0.6458333333333334 0.7166666666666667 0.65078125 0.7027777777777777 0.66875 0.7037037037037037
0 0.22473958333333333 0 0.2515625 0 0.24973958333333332 0.01898148148148148 0.240625 0.04953703703703704 0.23776041666666667 0.05277777777777778 0.22291666666666668 0.04722222222222222 0.21953125 0.041666666666666664 0.21927083333333333 0.032407407407407406 0.22473958333333333 0.000462962962962963
0 0.7390625 0.09861111111111111 0.7458333333333333 0.10231481481481482 0.74921875 0.11157407407407408 0.7481770833333333 0.20046296296296295 0.7453125 0.21481481481481482 0.73515625 0.22083333333333333 0.7239583333333334 0.21851851851851853 0.71953125 0.21064814814814814 0.721875 0.17685185185185184 0.72109375 0.12546296296296297 0.7229166666666667 0.10972222222222222 0.7268229166666667 0.10185185185185185 0.7388020833333333 0.09861111111111111
0 0.8145833333333333 0.5564814814814815 0.8223958333333333 0.5638888888888889 0.82578125 0.6157407407407407 0.8247395833333333 0.6611111111111111 0.82109375 0.6666666666666666 0.8153645833333333 0.6685185185185185 0.80390625 0.6675925925925926 0.7986979166666667 0.6615740740740741 0.79921875 0.612037037037037 0.7966145833333333 0.5833333333333334 0.7971354166666667 0.5680555555555555 0.8002604166666667 0.5583333333333333 0.8143229166666667 0.5564814814814815
0 0.8140625 0.2449074074074074 0.821875 0.2513888888888889 0.8247395833333333 0.2861111111111111 0.8239583333333333 0.3282407407407407 0.8216145833333334 0.33240740740740743 0.81484375 0.3347222222222222 0.8033854166666666 0.3333333333333333 0.8002604166666667 0.3282407407407407 0.79921875 0.27175925925925926 0.7994791666666666 0.2564814814814815 0.8018229166666667 0.24861111111111112 0.8138020833333334 0.2449074074074074
0 0.7770833333333333 0.24259259259259258 0.7854166666666667 0.24814814814814815 0.78984375 0.2625 0.7901041666666667 0.3402777777777778 0.78671875 0.3523148148148148 0.7796875 0.35462962962962963 0.7713541666666667 0.3541666666666667 0.765625 0.35 0.7630208333333334 0.33240740740740743 0.7630208333333334 0.2550925925925926 0.7671875 0.2462962962962963 0.7768229166666667 0.24259259259259258
0 0.55859375 0.8560185185185185 0.5625 0.8597222222222223 0.5671875 0.8828703703703704 0.5635416666666667 0.9004629629629629 0.5596354166666667 0.9041666666666667 0.50859375 0.9217592592592593 0.5015625 0.9166666666666666 0.4981770833333333 0.9027777777777778 0.4979166666666667 0.8842592592592593 0.50078125 0.8768518518518519 0.5361979166666667 0.8611111111111112 0.5583333333333333 0.8560185185185185
0 0.8177083333333334 0.6949074074074074 0.8244791666666667 0.7032407407407407 0.8263020833333333 0.7518518518518519 0.8244791666666667 0.7967592592592593 0.8216145833333334 0.8023148148148148 0.8151041666666666 0.8060185185185185 0.8044270833333333 0.8037037037037037 0.7997395833333333 0.7967592592592593 0.7984375 0.774074074074074 0.8 0.7527777777777778 0.7973958333333333 0.7064814814814815 0.8028645833333333 0.6958333333333333 0.8174479166666667 0.6949074074074074