0 0.5794270833333334 0.9893518518518518 0.5854166666666667 0.9912037037037037 0.5888020833333333 0.999537037037037 0.5622395833333333 0.999537037037037 0.5653645833333333 0.9912037037037037 0.5791666666666667 0.9893518518518518
0 0.8864583333333333 0.11574074074074074 0.8919270833333334 0.11898148148148148 0.8940104166666667 0.1259259259259259 0.8963541666666667 0.19768518518518519 0.8950520833333333 0.22546296296296298 0.8908854166666667 0.23148148148148148 0.8859375 0.23287037037037037 0.8739583333333333 0.23194444444444445 0.8692708333333333 0.22407407407407406 0.8669270833333333 0.1537037037037037 0.86953125 0.12222222222222222 0.87578125 0.1162037037037037 0.8861979166666667 0.11574074074074074
0 0.8114583333333333 0.09583333333333334 0.81484375 0.09814814814814815 0.8192708333333333 0.1087962962962963 0.8223958333333333 0.15231481481481482 0.81875 0.19027777777777777 0.8096354166666667 0.1962962962962963 0.8005208333333333 0.19537037037037036 0.7942708333333334 0.18888888888888888 0.7932291666666667 0.12129629629629629 0.7950520833333333 0.10648148148148148 0.7986979166666667 0.09814814814814815 0.8036458333333333 0.09490740740740741 0.8111979166666666 0.09583333333333334
0 0.77578125 0.22685185185185186 0.7848958333333333 0.23425925925925925 0.7888020833333333 0.25046296296296294 0.78828125 0.3277777777777778 0.7856770833333333 0.33564814814814814 0.778125 0.3388888888888889 0.76875 0.3384259259259259 0.7638020833333333 0.33287037037037037 0.7606770833333333 0.2953703703703704 0.7614583333333333 0.2375 0.76875 0.22824074074074074 0.7755208333333333 0.22685185185185186
0 0.9575520833333333 0.11574074074074074 0.9703125 0.12314814814814815 0.9731770833333333 0.13518518518518519 0.9739583333333334 0.2125 0.9708333333333333 0.2212962962962963 0.96328125 0.2273148148148148 0.9520833333333333 0.22407407407407406 0.9481770833333333 0.21898148148148147 0.9458333333333333 0.20833333333333334 0.94375 0.13472222222222222 0.9484375 0.12083333333333333 0.9572916666666667 0.11574074074074074
0 0.853125 0.12685185185185185 0.8559895833333333 0.1300925925925926 0.85703125 0.13657407407407407 0.8567708333333334 0.2074074074074074 0.8546875 0.22037037037037038 0.8455729166666667 0.225 0.8348958333333333 0.22361111111111112 0.8309895833333333 0.2175925925925926 0.8309895833333333 0.13333333333333333 0.83515625 0.12638888888888888 0.8528645833333334 0.12685185185185185
0 0.7059895833333333 0.5481481481481482 0.7111979166666667 0.5541666666666667 0.71328125 0.5777777777777777 0.7125 0.6101851851851852 0.7096354166666666 0.6162037037037037 0.6901041666666666 0.6157407407407407 0.6880208333333333 0.6097222222222223 0.6901041666666666 0.5921296296296297 0.6890625 0.5518518518518518 0.696875 0.5472222222222223 0.7057291666666666 0.5481481481481482
0 0.8494791666666667 0.23981481481481481 0.8565104166666667 0.24444444444444444 0.8596354166666667 0.2523148148148148 0.8635416666666667 0.3023148148148148 0.8622395833333333 0.3388888888888889 0.8591145833333333 0.3439814814814815 0.8510416666666667 0.34629629629629627 0.84140625 0.3453703703703704 0.8369791666666667 0.33796296296296297 0.8322916666666667 0.2587962962962963 0.8328125 0.2518518518518518 0.8364583333333333 0.24351851851851852 0.84921875 0.23981481481481481
0 0.9458333333333333 0.47175925925925927 0.9580729166666667 0.4773148148148148 0.9606770833333333 0.48333333333333334 0.9619791666666667 0.49675925925925923 0.9591145833333333 0.5152777777777777 0.9479166666666666 0.5199074074074074 0.90390625 0.5199074074074074 0.9 0.5157407407407407 0.8973958333333333 0.5055555555555555 0.8979166666666667 0.4842592592592593 0.9044270833333333 0.4740740740740741 0.9455729166666667 0.47175925925925927
0 0.6580729166666667 0.9625 0.6643229166666667 0.9666666666666667 0.6684895833333333 0.9736111111111111 0.6703125 0.999537037037037 0.6416666666666667 0.999537037037037 0.64140625 0.9787037037037037 0.6432291666666666 0.9703703703703703 0.6510416666666666 0.9629629629629629 0.6578125 0.9625
0 0.5455729166666666 0.5254629629629629 0.55703125 0.5296296296296297 0.5583333333333333 0.538425925925926 0.5572916666666666 0.6226851851851852 0.5541666666666667 0.6388888888888888 0.5473958333333333 0.6444444444444445 0.5395833333333333 0.6444444444444445 0.5328125 0.6402777777777777 0.5296875 0.6268518518518519 0.5325520833333334 0.5324074074074074 0.5361979166666667 0.5268518518518519 0.5453125 0.5254629629629629
0 0.6236979166666666 0.0962962962962963 0.6291666666666667 0.09861111111111111 0.6338541666666667 0.10787037037037037 0.6364583333333333 0.14351851851851852 0.6338541666666667 0.20185185185185187 0.6236979166666666 0.2101851851851852 0.61171875 0.20787037037037037 0.6080729166666666 0.1962962962962963 0.6091145833333333 0.1087962962962963 0.6161458333333333 0.09814814814814815 0.6234375 0.0962962962962963
0 0.6234375 0.5337962962962963 0.62734375 0.5361111111111111 0.6299479166666667 0.5449074074074074 0.6328125 0.6287037037037037 0.63125 0.6439814814814815 0.6268229166666667 0.6504629629629629 0.6208333333333333 0.6523148148148148 0.6109375 0.6509259259259259 0.6052083333333333 0.6398148148148148 0.6020833333333333 0.5509259259259259 0.60546875 0.5361111111111111 0.6231770833333333 0.5337962962962963
0 0.6622395833333333 0.11388888888888889 0.6697916666666667 0.11666666666666667 0.6736979166666667 0.1310185185185185 0.6731770833333334 0.21388888888888888 0.6671875 0.22407407407407406 0.6591145833333333 0.22870370370370371 0.6528645833333333 0.22777777777777777 0.6473958333333333 0.2222222222222222 0.6440104166666667 0.20555555555555555 0.64921875 0.12314814814814815 0.6536458333333334 0.11481481481481481 0.6619791666666667 0.11388888888888889
0 0.5908854166666667 0.11296296296296296 0.5963541666666666 0.1175925925925926 0.5989583333333334 0.12777777777777777 0.5994791666666667 0.1814814814814815 0.5953125 0.21574074074074073 0.5919270833333333 0.2222222222222222 0.5869791666666667 0.22453703703703703 0.57734375 0.22361111111111112 0.5708333333333333 0.21296296296296297 0.5708333333333333 0.16527777777777777 0.57421875 0.11712962962962963 0.5809895833333333 0.1125 0.590625 0.11296296296296296
0 0.6216145833333333 0.675 0.63046875 0.6805555555555556 0.63359375 0.7134259259259259 0.6307291666666667 0.7967592592592593 0.6283854166666667 0.8013888888888889 0.62265625 0.8041666666666667 0.6075520833333333 0.8013888888888889 0.6033854166666667 0.7935185185185185 0.6026041666666667 0.7847222222222222 0.6028645833333334 0.7342592592592593 0.60703125 0.6842592592592592 0.6088541666666667 0.6782407407407407 0.6119791666666666 0.6759259259259259 0.6213541666666667 0.675
0 0.8924479166666667 0.3962962962962963 0.9330729166666667 0.41388888888888886 0.9348958333333334 0.4222222222222222 0.93359375 0.44027777777777777 0.9309895833333334 0.45046296296296295 0.9265625 0.4546296296296296 0.90078125 0.45046296296296295 0.8708333333333333 0.4361111111111111 0.8692708333333333 0.4305555555555556 0.8697916666666666 0.4115740740740741 0.8731770833333333 0.39814814814814814 0.8786458333333333 0.3939814814814815 0.8921875 0.3962962962962963
0 0.7033854166666667 0.6754629629629629 0.7078125 0.6819444444444445 0.7104166666666667 0.6953703703703704 0.7088541666666667 0.7064814814814815 0.7098958333333333 0.7407407407407407 0.7080729166666667 0.7861111111111111 0.7065104166666667 0.7907407407407407 0.7015625 0.7925925925925926 0.6924479166666667 0.7925925925925926 0.6817708333333333 0.787962962962963 0.6794270833333333 0.7824074074074074 0.6794270833333333 0.7685185185185185 0.6828125 0.6824074074074075 0.68828125 0.674074074074074 0.703125 0.6754629629629629
0 0.73671875 0.6842592592592592 0.7411458333333333 0.6875 0.7434895833333334 0.6953703703703704 0.7479166666666667 0.7703703703703704 0.7442708333333333 0.7796296296296297 0.734375 0.7819444444444444 0.7263020833333333 0.7814814814814814 0.7229166666666667 0.7777777777777778 0.7171875 0.6962962962962963 0.7203125 0.6875 0.7364583333333333 0.6842592592592592
0 0.70078125 0.11481481481481481 0.7065104166666667 0.11805555555555555 0.7083333333333334 0.12407407407407407 0.7088541666666667 0.1935185185185185 0.7067708333333333 0.20833333333333334 0.7 0.21342592592592594 0.6911458333333333 0.21342592592592594 0.6861979166666666 0.2101851851851852 0.68359375 0.1935185185185185 0.6848958333333334 0.12175925925925926 0.6890625 0.1162037037037037 0.7005208333333334 0.11481481481481481
0 0.859375 0.6828703703703703 0.865625 0.6888888888888889 0.8684895833333334 0.6995370370370371 0.8708333333333333 0.7560185185185185 0.8700520833333333 0.7953703703703704 0.8630208333333333 0.8023148148148148 0.85078125 0.8018518518518518 0.8450520833333334 0.7986111111111112 0.84140625 0.7787037037037037 0.8416666666666667 0.7287037037037037 0.8393229166666667 0.7032407407407407 0.840625 0.6935185185185185 0.8455729166666667 0.6847222222222222 0.8591145833333333 0.6828703703703703
0 0.6614583333333334 0.25787037037037036 0.66953125 0.26481481481481484 0.67109375 0.2810185185185185 0.66875 0.33935185185185185 0.6635416666666667 0.34444444444444444 0.6473958333333333 0.34305555555555556 0.6447916666666667 0.3384259259259259 0.6463541666666667 0.2657407407407407 0.65078125 0.25787037037037036 0.6611979166666667 0.25787037037037036
0 0.7776041666666667 0.11157407407407408 0.7817708333333333 0.11527777777777778 0.7833333333333333 0.12777777777777777 0.7848958333333333 0.1597222222222222 0.7833333333333333 0.2037037037037037 0.7802083333333333 0.21064814814814814 0.7723958333333333 0.2152777777777778 0.7638020833333333 0.2111111111111111 0.7619791666666667 0.2023148148148148 0.7583333333333333 0.20416666666666666 0.75703125 0.2013888888888889 0.7578125 0.17777777777777778 0.7557291666666667 0.125 0.7575520833333333 0.11574074074074074 0.7611979166666667 0.11157407407407408 0.77734375 0.11157407407407408
0 0.5888020833333333 0.23287037037037037 0.5981770833333333 0.23796296296296296 0.6002604166666666 0.28703703703703703 0.59921875 0.3458333333333333 0.5950520833333334 0.35555555555555557 0.5890625 0.3592592592592593 0.5783854166666667 0.3574074074074074 0.5731770833333333 0.35138888888888886 0.57109375 0.3416666666666667 0.5705729166666667 0.3175925925925926 0.5723958333333333 0.29768518518518516 0.5716145833333334 0.2611111111111111 0.57421875 0.24027777777777778 0.578125 0.2351851851851852 0.5885416666666666 0.23287037037037037
0 0.73984375 0.2462962962962963 0.7455729166666667 0.25092592592592594 0.74921875 0.2601851851851852 0.75078125 0.2962962962962963 0.7510416666666667 0.3416666666666667 0.7489583333333333 0.3490740740740741 0.7427083333333333 0.35138888888888886 0.7322916666666667 0.350462962962963 0.7270833333333333 0.3439814814814815 0.7231770833333333 0.26805555555555555 0.7236979166666667 0.2587962962962963 0.7270833333333333 0.25092592592592594 0.7330729166666666 0.2462962962962963 0.7395833333333334 0.2462962962962963
0 0.80078125 0.4 0.8044270833333333 0.4041666666666667 0.8072916666666666 0.4148148148148148 0.8075520833333333 0.4324074074074074 0.8057291666666667 0.44027777777777777 0.7880208333333333 0.4486111111111111 0.75390625 0.45046296296296295 0.74453125 0.449537037037037 0.7393229166666667 0.4425925925925926 0.73671875 0.425 0.7408854166666666 0.4078703703703704 0.7484375 0.40324074074074073 0.7619791666666667 0.4009259259259259 0.8005208333333333 0.4
0 0.89453125 0.5527777777777778 0.9005208333333333 0.5564814814814815 0.903125 0.5634259259259259 0.9046875 0.6175925925925926 0.9002604166666667 0.6550925925925926 0.8973958333333333 0.6601851851851852 0.890625 0.6606481481481481 0.8815104166666666 0.6583333333333333 0.8776041666666666 0.6537037037037037 0.8778645833333333 0.625462962962963 0.8755208333333333 0.6078703703703704 0.8763020833333334 0.5601851851851852 0.87734375 0.5555555555555556 0.8809895833333333 0.5527777777777778 0.8942708333333333 0.5527777777777778
0 0.93125 0.5421296296296296 0.9401041666666666 0.549537037037037 0.9427083333333334 0.5587962962962963 0.9450520833333333 0.5842592592592593 0.9447916666666667 0.6541666666666667 0.9424479166666667 0.663425925925926 0.9361979166666666 0.6662037037037037 0.925 0.6657407407407407 0.9200520833333333 0.6625 0.9177083333333333 0.6564814814814814 0.9151041666666667 0.6300925925925925 0.9130208333333333 0.5574074074074075 0.9184895833333333 0.5453703703703704 0.9309895833333334 0.5421296296296296
0 0.7380208333333333 0.5291666666666667 0.7453125 0.5319444444444444 0.7473958333333334 0.5361111111111111 0.7497395833333333 0.5782407407407407 0.7466145833333333 0.6268518518518519 0.7421875 0.6333333333333333 0.7377604166666667 0.6347222222222222 0.72734375 0.6337962962962963 0.7223958333333333 0.625 0.7236979166666667 0.5356481481481481 0.72734375 0.5305555555555556 0.7377604166666667 0.5291666666666667
0 0.5416666666666666 0.9916666666666667 0.5473958333333333 0.9944444444444445 0.54921875 0.999537037037037 0.5270833333333333 0.999537037037037 0.5302083333333333 0.9930555555555556 0.54140625 0.9916666666666667
0 0.8122395833333333 0 0.8760416666666667 0 0.8643229166666667 0.010185185185185186 0.8322916666666667 0.004629629629629629 0.8190104166666666 0.006944444444444444 0.8140625 0.004629629629629629 0.8122395833333333 0.000462962962962963
0 0.96015625 0.24074074074074073 0.9666666666666667 0.24305555555555555 0.97109375 0.24861111111111112 0.9763020833333333 0.2791666666666667 0.97421875 0.29768518518518516 0.975 0.3384259259259259 0.9682291666666667 0.35138888888888886 0.96328125 0.3537037037037037 0.9497395833333333 0.3509259259259259 0.9421875 0.33564814814814814 0.9447916666666667 0.3148148148148148 0.94453125 0.27546296296296297 0.9421875 0.2689814814814815 0.9424479166666667 0.25972222222222224 0.9486979166666667 0.2439814814814815 0.9598958333333333 0.24074074074074073
0 0.85546875 0.5449074074074074 0.86328125 0.5486111111111112 0.8661458333333333 0.5550925925925926 0.8661458333333333 0.6064814814814815 0.8630208333333333 0.6513888888888889 0.8588541666666667 0.663425925925926 0.85390625 0.6671296296296296 0.8380208333333333 0.6620370370370371 0.83515625 0.6513888888888889 0.83515625 0.6430555555555556 0.8390625 0.5745370370370371 0.8419270833333333 0.5527777777777778 0.8447916666666667 0.5458333333333333 0.8552083333333333 0.5449074074074074
0 0.7765625 0.5421296296296296 0.7838541666666666 0.5462962962962963 0.7861979166666667 0.5541666666666667 0.78828125 0.6162037037037037 0.78671875 0.6421296296296296 0.7828125 0.6481481481481481 0.7760416666666666 0.6504629629629629 0.7669270833333334 0.6481481481481481 0.7619791666666667 0.6361111111111111 0.7598958333333333 0.5564814814814815 0.7619791666666667 0.5472222222222223 0.7651041666666667 0.5439814814814815 0.7763020833333333 0.5421296296296296
0 0.8559895833333333 0.9875 0.8614583333333333 0.9912037037037037 0.8653645833333333 0.999537037037037 0.8380208333333333 0.999537037037037 0.8419270833333333 0.9888888888888889 0.8557291666666667 0.9875
0 0.7 0.24259259259259258 0.7072916666666667 0.24722222222222223 0.7104166666666667 0.25972222222222224 0.71015625 0.3351851851851852 0.7067708333333333 0.34629629629629627 0.7028645833333333 0.3476851851851852 0.6890625 0.34629629629629627 0.6856770833333333 0.3421296296296296 0.6833333333333333 0.2972222222222222 0.6828125 0.27685185185185185 0.68515625 0.24814814814814815 0.6888020833333334 0.24351851851851852 0.6997395833333333 0.24259259259259258
0 0.65703125 0.6851851851851852 0.6690104166666667 0.6884259259259259 0.67265625 0.7055555555555556 0.6729166666666667 0.7453703703703703 0.66953125 0.7828703703703703 0.665625 0.7962962962962963 0.66015625 0.8004629629629629 0.6463541666666667 0.7972222222222223 0.6434895833333333 0.7898148148148149 0.6427083333333333 0.7759259259259259 0.6453125 0.7 0.6481770833333333 0.6875 0.6567708333333333 0.6851851851851852
0 0.78125 0.674537037037037 0.7872395833333333 0.6842592592592592 0.78984375 0.7712962962962963 0.7872395833333333 0.7888888888888889 0.7796875 0.7962962962962963 0.76640625 0.7930555555555555 0.76171875 0.7833333333333333 0.7604166666666666 0.6953703703703704 0.76328125 0.6754629629629629 0.7809895833333333 0.674537037037037
0 0.8109375 0.5407407407407407 0.8171875 0.5430555555555555 0.8213541666666667 0.5513888888888889 0.8244791666666667 0.600925925925926 0.8223958333333333 0.6467592592592593 0.8197916666666667 0.6513888888888889 0.8145833333333333 0.6532407407407408 0.8 0.6509259259259259 0.7971354166666667 0.6472222222222223 0.7958333333333333 0.6402777777777777 0.7979166666666667 0.612037037037037 0.7950520833333333 0.5685185185185185 0.7955729166666666 0.5509259259259259 0.7997395833333333 0.5421296296296296 0.8106770833333333 0.5407407407407407
0 0.546875 0.6694444444444444 0.5502604166666667 0.6726851851851852 0.5515625 0.6787037037037037 0.5526041666666667 0.7703703703703704 0.5471354166666667 0.7833333333333333 0.53984375 0.7861111111111111 0.5296875 0.7824074074074074 0.5252604166666667 0.7722222222222223 0.525 0.6810185185185185 0.5268229166666667 0.6731481481481482 0.5341145833333333 0.6680555555555555 0.5466145833333333 0.6694444444444444
0 0.8161458333333333 0.23055555555555557 0.81953125 0.23425925925925925 0.8216145833333334 0.24444444444444444 0.8234375 0.29953703703703705 0.821875 0.3143518518518518 0.8158854166666667 0.31805555555555554 0.8033854166666666 0.3175925925925926 0.7994791666666666 0.31342592592592594 0.7981770833333334 0.24583333333333332 0.8 0.2337962962962963 0.8028645833333333 0.23055555555555557 0.8158854166666667 0.23055555555555557
0 0.8940104166666667 0.24814814814814815 0.9052083333333333 0.25555555555555554 0.9078125 0.26481481481481484 0.9083333333333333 0.28055555555555556 0.9114583333333334 0.28888888888888886 0.9098958333333333 0.29814814814814816 0.9104166666666667 0.3490740740740741 0.9078125 0.3574074074074074 0.8981770833333333 0.36157407407407405 0.88671875 0.36064814814814816 0.8796875 0.35 0.87890625 0.3453703703703704 0.8815104166666666 0.3060185185185185 0.8770833333333333 0.27361111111111114 0.88203125 0.25462962962962965 0.8872395833333333 0.24953703703703703 0.89375 0.24814814814814815
0 0.6255208333333333 0.22962962962962963 0.6346354166666667 0.23472222222222222 0.6375 0.25324074074074077 0.6369791666666667 0.3296296296296296 0.6346354166666667 0.337037037037037 0.6268229166666667 0.3416666666666667 0.6174479166666667 0.3416666666666667 0.6122395833333333 0.3384259259259259 0.61015625 0.32222222222222224 0.6104166666666667 0.24074074074074073 0.6161458333333333 0.2310185185185185 0.6252604166666667 0.22962962962962963
0 0.58359375 0.6810185185185185 0.5921875 0.687037037037037 0.5940104166666667 0.7046296296296296 0.5932291666666667 0.7402777777777778 0.5916666666666667 0.7462962962962963 0.5921875 0.7754629629629629 0.58984375 0.7986111111111112 0.58671875 0.8069444444444445 0.58125 0.8092592592592592 0.5703125 0.8083333333333333 0.5645833333333333 0.7967592592592593 0.5640625 0.7861111111111111 0.56875 0.6893518518518519 0.5731770833333333 0.6814814814814815 0.5833333333333334 0.6810185185185185
0 0.81875 0.6810185185185185 0.8221354166666667 0.687962962962963 0.82421875 0.7222222222222222 0.8239583333333333 0.7564814814814815 0.8213541666666667 0.7828703703703703 0.8143229166666667 0.7898148148148149 0.80390625 0.788425925925926 0.79765625 0.7800925925925926 0.7971354166666667 0.6888888888888889 0.7986979166666667 0.6824074074074075 0.8041666666666667 0.6791666666666667 0.8184895833333333 0.6810185185185185