0 0.11302083333333333 0.33796296296296297 0.05520833333333333 0.04259259259259259
0 0.5927083333333333 0.24166666666666667 0.058333333333333334 0.04259259259259259
0 0.9333333333333333 0.2490740740740741 0.05 0.03888888888888889
0 0.11979166666666667 0.29074074074074074 0.05416666666666667 0.044444444444444446
0 0.7635416666666667 0.3907407407407407 0.0625 0.044444444444444446
0 0.9390625 0.575925925925926 0.05520833333333333 0.040740740740740744
0 0.3765625 0.38796296296296295 0.051041666666666666 0.04259259259259259
0 0.8765625 0.3425925925925926 0.057291666666666664 0.040740740740740744
0 0.7046875 0.24074074074074073 0.053125 0.044444444444444446
0 0.26979166666666665 0.337037037037037 0.04791666666666667 0.037037037037037035
0 0.6005208333333333 0.8287037037037037 0.05520833333333333 0.03888888888888889
0 0.5997395833333333 0.5300925925925926 0.058854166666666666 0.041666666666666664
0 0.43020833333333336 0.2916666666666667 0.052083333333333336 0.03888888888888889
0 0.878125 0.4305555555555556 0.05625 0.046296296296296294
0 0.875 0.25555555555555554 0.05625 0.044444444444444446
0 0.21927083333333333 0.575 0.04895833333333333 0.03888888888888889
0 0.9442708333333333 0.43425925925925923 0.06145833333333333 0.03888888888888889
0 0.275 0.6777777777777778 0.05625 0.044444444444444446
0 0.940625 0.6240740740740741 0.05625 0.040740740740740744
0 0.7609375 0.3351851851851852 0.053125 0.040740740740740744
0 0.40520833333333334 0.8814814814814815 0.09166666666666666 0.05185185185185185
0 0.4296875 0.774074074074074 0.059375 0.040740740740740744
0 0.5364583333333334 0.8240740740740741 0.06041666666666667 0.040740740740740744
0 0.0765625 0.9611111111111111 0.06145833333333333 0.044444444444444446
0 0.27447916666666666 0.2935185185185185 0.051041666666666666 0.03888888888888889
0 0.4322916666666667 0.7166666666666667 0.0625 0.040740740740740744
0 0.4817708333333333 0.040740740740740744 0.057291666666666664 0.044444444444444446
0 0.60625 0.8805555555555555 0.0625 0.04259259259259259
0 0.7625 0.18611111111111112 0.07708333333333334 0.05
0 0.43697916666666664 0.5740740740740741 0.05520833333333333 0.040740740740740744
0 0.8869791666666667 0.48148148148148145 0.06354166666666666 0.037037037037037035
0 0.5994791666666667 0.5796296296296296 0.051041666666666666 0.040740740740740744
0 0.7078125 0.7240740740740741 0.053125 0.040740740740740744
0 0.1203125 0.43425925925925923 0.05520833333333333 0.03888888888888889
0 0.2755208333333333 0.575 0.051041666666666666 0.03888888888888889
0 0.5395833333333333 0.387037037037037 0.05625 0.040740740740740744
0 0.9416666666666667 0.3861111111111111 0.06458333333333334 0.03888888888888889
0 0.5390625 0.725925925925926 0.06354166666666666 0.044444444444444446
0 0.8864583333333333 0.5324074074074074 0.058333333333333334 0.03888888888888889
0 0.12552083333333333 0.387037037037037 0.036458333333333336 0.040740740740740744
0 0.7635416666666667 0.5796296296296296 0.058333333333333334 0.040740740740740744
0 0.10677083333333333 0.5407407407407407 0.06770833333333333 0.044444444444444446
0 0.37395833333333334 0.8222222222222222 0.052083333333333336 0.040740740740740744
0 0.10625 0.8703703703703703 0.058333333333333334 0.040740740740740744
0 0.37864583333333335 0.6277777777777778 0.053125 0.044444444444444446
0 0.058333333333333334 0.48518518518518516 0.05416666666666667 0.037037037037037035
0 0.7677083333333333 0.7222222222222222 0.05625 0.037037037037037035
0 0.76875 0.6805555555555556 0.0625 0.03518518518518519
0 0.2765625 0.24444444444444444 0.046875 0.040740740740740744
0 0.9416666666666667 0.29444444444444445 0.05625 0.040740740740740744
0 0.2078125 0.8777777777777778 0.051041666666666666 0.044444444444444446
0 0.1125 0.674074074074074 0.05416666666666667 0.040740740740740744
0 0.058333333333333334 0.4361111111111111 0.052083333333333336 0.03888888888888889
0 0.37916666666666665 0.33611111111111114 0.04791666666666667 0.03888888888888889
0 0.27239583333333334 0.8212962962962963 0.05520833333333333 0.03518518518518519
0 0.9473958333333333 0.7712962962962963 0.057291666666666664 0.03888888888888889
0 0.7005208333333334 0.30092592592592593 0.04895833333333333 0.04259259259259259
0 0.7614583333333333 0.8675925925925926 0.06666666666666667 0.04259259259259259
0 0.5953125 0.7805555555555556 0.059375 0.04259259259259259
0 0.9505208333333334 0.8712962962962963 0.06145833333333333 0.04259259259259259
0 0.93125 0.2037037037037037 0.05 0.040740740740740744
0 0.26979166666666665 0.3814814814814815 0.05 0.040740740740740744
0 0.60390625 0.337037037037037 0.0796875 0.05555555555555555
0 0.11145833333333334 0.7222222222222222 0.04791666666666667 0.037037037037037035
0 0.4359375 0.3851851851851852 0.05520833333333333 0.037037037037037035
0 0.26875 0.43703703703703706 0.05 0.037037037037037035
0 0.5359375 0.8851851851851852 0.059375 0.044444444444444446
0 0.8828125 0.575925925925926 0.051041666666666666 0.037037037037037035
0 0.4322916666666667 0.43148148148148147 0.05416666666666667 0.037037037037037035
0 0.11614583333333334 0.48148148148148145 0.04895833333333333 0.03333333333333333
0 0.540625 0.48703703703703705 0.0625 0.040740740740740744
0 0.7666666666666667 0.6314814814814815 0.058333333333333334 0.040740740740740744
0 0.052083333333333336 0.7175925925925926 0.052083333333333336 0.03148148148148148
0 0.7635416666666667 0.8212962962962963 0.052083333333333336 0.03518518518518519
0 0.7578125 0.24537037037037038 0.051041666666666666 0.03888888888888889
0 0.26666666666666666 0.4824074074074074 0.06666666666666667 0.04259259259259259
0 0.8755208333333333 0.20462962962962963 0.051041666666666666 0.03888888888888889
0 0.7515625 0.49074074074074076 0.046875 0.040740740740740744
0 0.06145833333333333 0.29814814814814816 0.052083333333333336 0.040740740740740744
0 0.65 0.6222222222222222 0.03125 0.09259259259259259
0 0.6010416666666667 0.4305555555555556 0.058333333333333334 0.046296296296296294
0 0.27239583333333334 0.8703703703703703 0.05520833333333333 0.040740740740740744
0 0.8869791666666667 0.8175925925925925 0.051041666666666666 0.04259259259259259
0 0.43671875 0.48842592592592593 0.0546875 0.04722222222222222
0 0.9484375 0.8194444444444444 0.059375 0.03888888888888889
0 0.2203125 0.3388888888888889 0.046875 0.040740740740740744
0 0.21875 0.6240740740740741 0.052083333333333336 0.040740740740740744
0 0.5421875 0.43333333333333335 0.053125 0.040740740740740744
0 0.11041666666666666 0.8175925925925925 0.05 0.03518518518518519
0 0.7046875 0.6305555555555555 0.05520833333333333 0.03888888888888889
0 0.06927083333333334 0.25 0.04895833333333333 0.037037037037037035
0 0.23098958333333333 0.10972222222222222 0.06197916666666667 0.05277777777777778
0 0.0515625 0.5305555555555556 0.05520833333333333 0.03888888888888889
0 0.7 0.387037037037037 0.05625 0.040740740740740744
0 0.3854166666666667 0.25092592592592594 0.04791666666666667 0.03888888888888889
0 0.4375 0.6296296296296297 0.05625 0.04814814814814815
0 0.10989583333333333 0.7712962962962963 0.046875 0.03888888888888889
0 0.125 0.24722222222222223 0.05 0.03888888888888889
0 0.8817708333333333 0.625 0.057291666666666664 0.04259259259259259
0 0.3848958333333333 0.19814814814814816 0.046875 0.040740740740740744
0 0.2171875 0.7694444444444445 0.053125 0.03888888888888889
0 0.8869791666666667 0.7722222222222223 0.051041666666666666 0.037037037037037035
0 0.053125 0.7712962962962963 0.05416666666666667 0.04259259259259259
0 0.8721354166666667 0.10694444444444444 0.0578125 0.05092592592592592
0 0.05520833333333333 0.6472222222222223 0.052083333333333336 0.03888888888888889
0 0.44114583333333335 0.1935185185185185 0.05520833333333333 0.04259259259259259
0 0.050520833333333334 0.5814814814814815 0.05520833333333333 0.037037037037037035
0 0.6989583333333333 0.47314814814814815 0.0625 0.053703703703703705
0 0.7640625 0.7731481481481481 0.059375 0.04259259259259259
0 0.546875 0.6296296296296297 0.05 0.040740740740740744
0 0.9916666666666667 0.4064814814814815 0.016666666666666666 0.09814814814814815
0 0.21927083333333333 0.3861111111111111 0.05520833333333333 0.04259259259259259
0 0.5434895833333333 0.11018518518518519 0.06197916666666667 0.04814814814814815
0 0.940625 0.7217592592592592 0.06875 0.04351851851851852
0 0.8890625 0.8722222222222222 0.059375 0.044444444444444446
0 0.22083333333333333 0.5305555555555556 0.05 0.03888888888888889