0 0.11354166666666667 0.3388888888888889 0.05416666666666667 0.040740740740740744
0 0.5932291666666667 0.24166666666666667 0.057291666666666664 0.04259259259259259
0 0.11979166666666667 0.2916666666666667 0.05416666666666667 0.04259259259259259
0 0.9333333333333333 0.2490740740740741 0.05 0.03888888888888889
0 0.8765625 0.3425925925925926 0.057291666666666664 0.040740740740740744
0 0.7046875 0.24074074074074073 0.053125 0.044444444444444446
0 0.59921875 0.5319444444444444 0.06197916666666667 0.04537037037037037
0 0.6005208333333333 0.8287037037037037 0.05520833333333333 0.03888888888888889
0 0.3765625 0.38796296296296295 0.051041666666666666 0.04259259259259259
0 0.43020833333333336 0.2916666666666667 0.052083333333333336 0.03888888888888889
0 0.2703125 0.337037037037037 0.046875 0.037037037037037035
0 0.9385416666666667 0.5740740740740741 0.05416666666666667 0.040740740740740744
0 0.9447916666666667 0.43425925925925923 0.0625 0.03888888888888889
0 0.875 0.25555555555555554 0.05625 0.044444444444444446
0 0.9408854166666667 0.6287037037037037 0.0546875 0.044444444444444446
0 0.21927083333333333 0.575 0.04895833333333333 0.03888888888888889
0 0.7630208333333334 0.39166666666666666 0.06145833333333333 0.04259259259259259
0 0.8791666666666667 0.4305555555555556 0.05625 0.046296296296296294
0 0.9416666666666667 0.3861111111111111 0.06458333333333334 0.03888888888888889
0 0.275 0.6777777777777778 0.05625 0.044444444444444446
0 0.4296875 0.774074074074074 0.059375 0.040740740740740744
0 0.609375 0.8805555555555555 0.0625 0.04259259259259259
0 0.7609375 0.3351851851851852 0.053125 0.040740740740740744
0 0.27447916666666666 0.29074074074074074 0.051041666666666666 0.037037037037037035
0 0.5364583333333334 0.8240740740740741 0.06041666666666667 0.040740740740740744
0 0.2755208333333333 0.575 0.051041666666666666 0.03888888888888889
0 0.434375 0.7166666666666667 0.06041666666666667 0.040740740740740744
0 0.40520833333333334 0.8814814814814815 0.09166666666666666 0.05185185185185185
0 0.7640625 0.5768518518518518 0.057291666666666664 0.04259259259259259
0 0.7072916666666667 0.7240740740740741 0.05416666666666667 0.040740740740740744
0 0.5994791666666667 0.5796296296296296 0.051041666666666666 0.040740740740740744
0 0.125 0.387037037037037 0.0375 0.040740740740740744
0 0.7619791666666667 0.18611111111111112 0.07604166666666666 0.05
0 0.43697916666666664 0.575925925925926 0.05520833333333333 0.040740740740740744
0 0.12083333333333333 0.43425925925925923 0.05625 0.03888888888888889
0 0.10572916666666667 0.9611111111111111 0.06354166666666666 0.044444444444444446
0 0.37395833333333334 0.8222222222222222 0.052083333333333336 0.040740740740740744
0 0.5411458333333333 0.725925925925926 0.06354166666666666 0.044444444444444446
0 0.057291666666666664 0.48518518518518516 0.05416666666666667 0.037037037037037035
0 0.27447916666666666 0.24444444444444444 0.051041666666666666 0.040740740740740744
0 0.5395833333333333 0.387037037037037 0.05625 0.040740740740740744
0 0.8869791666666667 0.5324074074074074 0.057291666666666664 0.03888888888888889
0 0.2078125 0.8777777777777778 0.051041666666666666 0.044444444444444446
0 0.37864583333333335 0.6277777777777778 0.053125 0.044444444444444446
0 0.053125 0.5268518518518519 0.05625 0.03888888888888889
0 0.10625 0.8703703703703703 0.058333333333333334 0.040740740740740744
0 0.76875 0.6805555555555556 0.0625 0.03518518518518519
0 0.8875 0.48148148148148145 0.0625 0.037037037037037035
0 0.059895833333333336 0.4361111111111111 0.051041666666666666 0.03888888888888889
0 0.9307291666666667 0.20185185185185187 0.051041666666666666 0.040740740740740744
0 0.7671875 0.7222222222222222 0.05520833333333333 0.037037037037037035
0 0.10677083333333333 0.5407407407407407 0.06770833333333333 0.044444444444444446
0 0.7005208333333334 0.30092592592592593 0.04895833333333333 0.04259259259259259
0 0.9421875 0.2935185185185185 0.05520833333333333 0.03888888888888889
0 0.1125 0.674074074074074 0.05 0.040740740740740744
0 0.6010416666666667 0.6296296296296297 0.058333333333333334 0.040740740740740744
0 0.4666666666666667 0.040740740740740744 0.05625 0.044444444444444446
0 0.9505208333333334 0.8712962962962963 0.06145833333333333 0.04259259259259259
0 0.946875 0.7712962962962963 0.058333333333333334 0.03888888888888889
0 0.7614583333333333 0.8675925925925926 0.06666666666666667 0.04259259259259259
0 0.27239583333333334 0.8212962962962963 0.05520833333333333 0.03518518518518519
0 0.596875 0.7805555555555556 0.06041666666666667 0.04259259259259259
0 0.1125 0.7222222222222222 0.04375 0.037037037037037035
0 0.26979166666666665 0.3814814814814815 0.05 0.040740740740740744
0 0.37916666666666665 0.33611111111111114 0.04791666666666667 0.03888888888888889
0 0.540625 0.4842592592592593 0.0625 0.03888888888888889
0 0.8828125 0.575925925925926 0.051041666666666666 0.037037037037037035
0 0.5359375 0.8851851851851852 0.059375 0.044444444444444446
0 0.2682291666666667 0.4351851851851852 0.04895833333333333 0.037037037037037035
0 0.4354166666666667 0.3851851851851852 0.05416666666666667 0.037037037037037035
0 0.7666666666666667 0.6314814814814815 0.058333333333333334 0.040740740740740744
0 0.4322916666666667 0.43148148148148147 0.05416666666666667 0.037037037037037035
0 0.60625 0.33935185185185185 0.075 0.06018518518518518
0 0.7578125 0.24537037037037038 0.051041666666666666 0.03888888888888889
0 0.11666666666666667 0.4824074074074074 0.04583333333333333 0.03518518518518519
0 0.7635416666666667 0.8212962962962963 0.052083333333333336 0.03518518518518519
0 0.7515625 0.49166666666666664 0.046875 0.03888888888888889
0 0.053125 0.7175925925925926 0.05416666666666667 0.03148148148148148
0 0.21979166666666666 0.3388888888888889 0.04791666666666667 0.040740740740740744
0 0.6010416666666667 0.4305555555555556 0.058333333333333334 0.046296296296296294
0 0.8755208333333333 0.20462962962962963 0.051041666666666666 0.03888888888888889
0 0.27239583333333334 0.8703703703703703 0.05520833333333333 0.040740740740740744
0 0.7052083333333333 0.6305555555555555 0.05416666666666667 0.03888888888888889
0 0.10989583333333333 0.8212962962962963 0.051041666666666666 0.03518518518518519
0 0.8869791666666667 0.8175925925925925 0.051041666666666666 0.04259259259259259
0 0.12395833333333334 0.24814814814814815 0.05 0.037037037037037035
0 0.06822916666666666 0.25092592592592594 0.04895833333333333 0.03888888888888889
0 0.0609375 0.29814814814814816 0.051041666666666666 0.040740740740740744
0 0.5416666666666666 0.43333333333333335 0.05416666666666667 0.040740740740740744
0 0.9489583333333333 0.8194444444444444 0.058333333333333334 0.03888888888888889
0 0.3848958333333333 0.19814814814814816 0.046875 0.040740740740740744
0 0.21875 0.6240740740740741 0.052083333333333336 0.040740740740740744
0 0.2671875 0.4824074074074074 0.065625 0.04259259259259259
0 0.4390625 0.48842592592592593 0.057291666666666664 0.04722222222222222
0 0.109375 0.7712962962962963 0.04583333333333333 0.03888888888888889
0 0.23098958333333333 0.11203703703703703 0.06614583333333333 0.06296296296296296
0 0.6994791666666667 0.387037037037037 0.05520833333333333 0.040740740740740744
0 0.05 0.5814814814814815 0.05625 0.037037037037037035
0 0.2171875 0.7694444444444445 0.053125 0.03888888888888889
0 0.05364583333333333 0.7712962962962963 0.05520833333333333 0.04259259259259259
0 0.3848958333333333 0.25092592592592594 0.04895833333333333 0.03888888888888889
0 0.8864583333333333 0.7722222222222223 0.052083333333333336 0.037037037037037035
0 0.43802083333333336 0.6296296296296297 0.05520833333333333 0.04814814814814815
0 0.8731770833333333 0.10740740740740741 0.058854166666666666 0.05925925925925926
0 0.38697916666666665 0.1087962962962963 0.06145833333333333 0.05092592592592592
0 0.7635416666666667 0.7731481481481481 0.058333333333333334 0.04259259259259259
0 0.05520833333333333 0.6472222222222223 0.052083333333333336 0.04259259259259259
0 0.44114583333333335 0.1935185185185185 0.05520833333333333 0.04259259259259259
0 0.21875 0.387037037037037 0.052083333333333336 0.040740740740740744
0 0.9447916666666667 0.7194444444444444 0.0625 0.03888888888888889
0 0.546875 0.6296296296296297 0.05 0.040740740740740744
0 0.5440104166666667 0.1111111111111111 0.0609375 0.05555555555555555
0 0.7 0.4759259259259259 0.0625 0.05185185185185185
0 0.8885416666666667 0.8722222222222222 0.0625 0.044444444444444446
0 0.9916666666666667 0.37037037037037035 0.016666666666666666 0.1
0 0.6552083333333333 0.6055555555555555 0.035416666666666666 0.0962962962962963
0 0.22239583333333332 0.29074074074074074 0.04895833333333333 0.040740740740740744
0 0.70625 0.7722222222222223 0.05 0.044444444444444446