0 0.578125 0.9884259259259259 0.5854166666666667 0.9907407407407407 0.5885416666666666 0.999537037037037 0.56171875 0.999537037037037 0.5651041666666666 0.9907407407407407 0.5778645833333333 0.9884259259259259
0 0.8875 0.11574074074074074 0.8911458333333333 0.11805555555555555 0.89375 0.12638888888888888 0.8963541666666667 0.1824074074074074 0.8955729166666667 0.2152777777777778 0.89296875 0.22870370370370371 0.8838541666666667 0.23287037037037037 0.8734375 0.23194444444444445 0.8682291666666667 0.22083333333333333 0.8669270833333333 0.14074074074074075 0.86796875 0.12638888888888888 0.8705729166666667 0.11944444444444445 0.8760416666666667 0.11574074074074074 0.8872395833333333 0.11574074074074074
0 0.590625 0.23333333333333334 0.5971354166666667 0.2361111111111111 0.5989583333333334 0.2439814814814815 0.5997395833333333 0.3398148148148148 0.5950520833333334 0.35555555555555557 0.5875 0.3592592592592593 0.5763020833333333 0.35648148148148145 0.57109375 0.3458333333333333 0.5708333333333333 0.26435185185185184 0.5723958333333333 0.2449074074074074 0.575 0.2375 0.5807291666666666 0.2337962962962963 0.5903645833333333 0.23333333333333334
0 0.8106770833333333 0.09537037037037037 0.8140625 0.09768518518518518 0.8190104166666666 0.10925925925925926 0.8216145833333334 0.13287037037037036 0.8208333333333333 0.17222222222222222 0.8184895833333333 0.18935185185185185 0.8140625 0.19444444444444445 0.8075520833333333 0.1962962962962963 0.8005208333333333 0.19490740740740742 0.7942708333333334 0.18888888888888888 0.7927083333333333 0.11944444444444445 0.79765625 0.09861111111111111 0.803125 0.09490740740740741 0.8104166666666667 0.09537037037037037
0 0.7799479166666666 0.40324074074074073 0.7828125 0.4074074074074074 0.7856770833333333 0.4217592592592593 0.7859375 0.4361111111111111 0.7833333333333333 0.44351851851851853 0.7744791666666667 0.449537037037037 0.728125 0.4634259259259259 0.7213541666666666 0.4601851851851852 0.7145833333333333 0.44583333333333336 0.7169270833333333 0.425 0.7203125 0.41944444444444445 0.7442708333333333 0.4078703703703704 0.7713541666666667 0.40185185185185185 0.7796875 0.40324074074074073
0 0.7770833333333333 0.2273148148148148 0.7833333333333333 0.2324074074074074 0.7875 0.24351851851851852 0.7885416666666667 0.31851851851851853 0.7875 0.3296296296296296 0.7848958333333333 0.33564814814814814 0.7736979166666667 0.3388888888888889 0.765625 0.3365740740740741 0.7627604166666667 0.3314814814814815 0.7598958333333333 0.2662037037037037 0.7614583333333333 0.2375 0.7690104166666667 0.22777777777777777 0.7768229166666667 0.2273148148148148
0 0.69765625 0.24212962962962964 0.7075520833333333 0.24861111111111112 0.7098958333333333 0.27546296296296297 0.7088541666666667 0.33796296296296297 0.7065104166666667 0.3439814814814815 0.6989583333333333 0.34675925925925927 0.6895833333333333 0.3458333333333333 0.6854166666666667 0.3416666666666667 0.6817708333333333 0.2796296296296296 0.6848958333333334 0.24722222222222223 0.6890625 0.24259259259259258 0.6973958333333333 0.24212962962962964
0 0.9622395833333334 0.1162037037037037 0.9716145833333333 0.12638888888888888 0.9734375 0.15138888888888888 0.9731770833333333 0.21388888888888888 0.9708333333333333 0.2212962962962963 0.96328125 0.2273148148148148 0.9528645833333333 0.225 0.94453125 0.2111111111111111 0.9440104166666666 0.1537037037037037 0.9421875 0.1439814814814815 0.94375 0.1310185185185185 0.9486979166666667 0.11944444444444445 0.9559895833333333 0.11527777777777778 0.9619791666666667 0.1162037037037037
0 0.8471354166666667 0.125 0.853125 0.12685185185185185 0.8567708333333334 0.1361111111111111 0.8567708333333334 0.20277777777777778 0.8536458333333333 0.2212962962962963 0.8427083333333333 0.225 0.8341145833333333 0.22314814814814815 0.8307291666666666 0.2162037037037037 0.8309895833333333 0.13287037037037036 0.834375 0.12638888888888888 0.846875 0.125
0 0.7013020833333333 0.5467592592592593 0.71015625 0.5523148148148148 0.71171875 0.5680555555555555 0.71171875 0.612037037037037 0.7096354166666666 0.6152777777777778 0.7033854166666667 0.6157407407407407 0.6890625 0.6148148148148148 0.6875 0.6060185185185185 0.6893229166666667 0.5851851851851851 0.6877604166666667 0.5537037037037037 0.6916666666666667 0.5486111111111112 0.7010416666666667 0.5467592592592593
0 0.8575520833333333 0.6828703703703703 0.8640625 0.687037037037037 0.86796875 0.7 0.8700520833333333 0.7615740740740741 0.8692708333333333 0.7953703703703704 0.8661458333333333 0.8004629629629629 0.859375 0.8018518518518518 0.8486979166666667 0.8009259259259259 0.8421875 0.7925925925925926 0.8411458333333334 0.7277777777777777 0.8385416666666666 0.7046296296296296 0.8401041666666667 0.6925925925925925 0.8440104166666667 0.6851851851851852 0.8572916666666667 0.6828703703703703
0 0.84921875 0.23981481481481481 0.8559895833333333 0.2439814814814815 0.8598958333333333 0.25462962962962965 0.86328125 0.31805555555555554 0.8609375 0.34120370370370373 0.8510416666666667 0.3458333333333333 0.8419270833333333 0.3453703703703704 0.83671875 0.3384259259259259 0.8315104166666667 0.25925925925925924 0.8348958333333333 0.24444444444444444 0.8403645833333333 0.24027777777777778 0.8489583333333334 0.23981481481481481
0 0.9674479166666666 0.4675925925925926 0.971875 0.4736111111111111 0.9734375 0.48055555555555557 0.97421875 0.49907407407407406 0.9716145833333333 0.5092592592592593 0.9643229166666667 0.513425925925926 0.9236979166666667 0.5189814814814815 0.91484375 0.5166666666666667 0.9111979166666667 0.5083333333333333 0.9104166666666667 0.4842592592592593 0.9145833333333333 0.47453703703703703 0.9403645833333333 0.4671296296296296 0.9671875 0.4675925925925926
0 0.5432291666666667 0.525 0.5541666666666667 0.5277777777777778 0.5572916666666666 0.5328703703703703 0.5575520833333333 0.6064814814814815 0.5559895833333334 0.6300925925925925 0.55390625 0.637962962962963 0.54765625 0.6439814814814815 0.5393229166666667 0.6439814814814815 0.5328125 0.6402777777777777 0.5294270833333333 0.6287037037037037 0.5315104166666667 0.6023148148148149 0.5322916666666667 0.5319444444444444 0.5359375 0.5263888888888889 0.54296875 0.5254629629629629
0 0.6260416666666667 0.09722222222222222 0.6302083333333334 0.1 0.63359375 0.10833333333333334 0.6359375 0.1449074074074074 0.6338541666666667 0.19953703703703704 0.63203125 0.20416666666666666 0.6231770833333333 0.20972222222222223 0.6130208333333333 0.20833333333333334 0.60859375 0.2023148148148148 0.6078125 0.14583333333333334 0.61015625 0.10555555555555556 0.6161458333333333 0.09768518518518518 0.62578125 0.09722222222222222
0 0.6231770833333333 0.5337962962962963 0.62734375 0.5375 0.6299479166666667 0.5513888888888889 0.63203125 0.6370370370370371 0.6283854166666667 0.6476851851851851 0.6213541666666667 0.6518518518518519 0.6109375 0.6509259259259259 0.6052083333333333 0.6416666666666667 0.6018229166666667 0.5518518518518518 0.6028645833333334 0.5402777777777777 0.6052083333333333 0.5356481481481481 0.6229166666666667 0.5337962962962963
0 0.8572916666666667 0.5453703703703704 0.8638020833333333 0.549537037037037 0.8658854166666666 0.5564814814814815 0.8645833333333334 0.6125 0.8619791666666666 0.6513888888888889 0.8583333333333333 0.6625 0.8528645833333334 0.6671296296296296 0.8377604166666667 0.6620370370370371 0.834375 0.6504629629629629 0.834375 0.6430555555555556 0.83828125 0.5722222222222222 0.8416666666666667 0.5509259259259259 0.8455729166666667 0.5449074074074074 0.85703125 0.5453703703703704
0 0.6611979166666667 0.11342592592592593 0.6697916666666667 0.11666666666666667 0.6729166666666667 0.1300925925925926 0.6729166666666667 0.21342592592592594 0.6666666666666666 0.22407407407407406 0.6578125 0.22870370370370371 0.6513020833333333 0.22685185185185186 0.64609375 0.22037037037037038 0.64375 0.21296296296296297 0.6434895833333333 0.20185185185185187 0.6484375 0.12314814814814815 0.6513020833333333 0.11574074074074074 0.6609375 0.11342592592592593
0 0.59140625 0.11296296296296296 0.5966145833333333 0.1175925925925926 0.5989583333333334 0.1287037037037037 0.5981770833333333 0.18981481481481483 0.59453125 0.21666666666666667 0.5921875 0.2212962962962963 0.5856770833333333 0.22453703703703703 0.5747395833333333 0.2212962962962963 0.5700520833333333 0.20972222222222223 0.5716145833333334 0.12916666666666668 0.575 0.11481481481481481 0.5911458333333334 0.11296296296296296
0 0.6263020833333334 0.6763888888888889 0.63046875 0.6847222222222222 0.6322916666666667 0.7027777777777777 0.63125 0.7833333333333333 0.628125 0.8004629629629629 0.6205729166666667 0.8041666666666667 0.6091145833333333 0.8027777777777778 0.60234375 0.7930555555555555 0.6010416666666667 0.7402777777777778 0.6033854166666667 0.725 0.6041666666666666 0.6990740740740741 0.6078125 0.6787037037037037 0.6143229166666667 0.674537037037037 0.6260416666666667 0.6763888888888889
0 0.8744791666666667 0.39305555555555555 0.91875 0.4083333333333333 0.9216145833333333 0.41435185185185186 0.9216145833333333 0.42962962962962964 0.9182291666666667 0.4462962962962963 0.91484375 0.45046296296296295 0.8872395833333333 0.44675925925925924 0.8580729166666666 0.4361111111111111 0.85625 0.4217592592592593 0.8588541666666667 0.3990740740740741 0.86328125 0.39351851851851855 0.87421875 0.39305555555555555
0 0.6963541666666667 0.6731481481481482 0.7028645833333333 0.675 0.7065104166666667 0.6796296296296296 0.71015625 0.6958333333333333 0.7075520833333333 0.7861111111111111 0.703125 0.7916666666666666 0.6841145833333333 0.7898148148148149 0.6802083333333333 0.7856481481481481 0.6783854166666666 0.7768518518518519 0.68203125 0.6833333333333333 0.6864583333333333 0.674537037037037 0.69609375 0.6731481481481482
0 0.73671875 0.6837962962962963 0.7416666666666667 0.6888888888888889 0.7432291666666667 0.6958333333333333 0.7473958333333334 0.7606481481481482 0.74609375 0.7763888888888889 0.7380208333333333 0.7810185185185186 0.7244791666666667 0.7805555555555556 0.7221354166666667 0.7759259259259259 0.7166666666666667 0.700925925925926 0.7174479166666666 0.6921296296296297 0.7205729166666667 0.6861111111111111 0.7364583333333333 0.6837962962962963
0 0.70234375 0.11527777777777778 0.7078125 0.12268518518518519 0.7083333333333334 0.1962962962962963 0.7049479166666667 0.2101851851851852 0.69765625 0.21342592592592594 0.6859375 0.2101851851851852 0.6828125 0.19953703703703704 0.6841145833333333 0.125 0.68515625 0.11944444444444445 0.6888020833333334 0.11574074074074074 0.7020833333333333 0.11527777777777778
0 0.6604166666666667 0.2574074074074074 0.6677083333333333 0.262037037037037 0.6697916666666667 0.2722222222222222 0.66796875 0.3365740740740741 0.6661458333333333 0.3425925925925926 0.6619791666666667 0.34444444444444444 0.64765625 0.34305555555555556 0.6442708333333333 0.3375 0.64609375 0.2652777777777778 0.6505208333333333 0.2574074074074074 0.66015625 0.2574074074074074
0 0.8994791666666667 0.25 0.9052083333333333 0.2564814814814815 0.9078125 0.26666666666666666 0.9080729166666667 0.28055555555555556 0.9109375 0.28888888888888886 0.909375 0.3 0.9104166666666667 0.34444444444444444 0.9078125 0.35648148148148145 0.8979166666666667 0.3611111111111111 0.8861979166666667 0.36018518518518516 0.8791666666666667 0.3486111111111111 0.8786458333333333 0.33796296296296297 0.88125 0.31851851851851853 0.8799479166666667 0.29212962962962963 0.8770833333333333 0.2740740740740741 0.8799479166666667 0.2574074074074074 0.88359375 0.2513888888888889 0.890625 0.24814814814814815 0.89921875 0.25
0 0.7421875 0.24768518518518517 0.7458333333333333 0.2518518518518518 0.74921875 0.26296296296296295 0.7515625 0.33240740740740743 0.7489583333333333 0.3476851851851852 0.74140625 0.35138888888888886 0.7317708333333334 0.35 0.7265625 0.34305555555555556 0.7223958333333333 0.26481481481481484 0.7239583333333334 0.25601851851851853 0.7299479166666667 0.24722222222222223 0.7419270833333333 0.24768518518518517
0 0.8908854166666667 0.5513888888888889 0.9010416666666666 0.5569444444444445 0.9033854166666667 0.5694444444444444 0.9044270833333333 0.6134259259259259 0.903125 0.6333333333333333 0.8994791666666667 0.6550925925925926 0.8947916666666667 0.6597222222222222 0.8838541666666667 0.6592592592592592 0.8770833333333333 0.6546296296296297 0.875 0.6125 0.875 0.5606481481481481 0.8786458333333333 0.5532407407407407 0.890625 0.5513888888888889
0 0.9333333333333333 0.5425925925925926 0.93984375 0.549537037037037 0.9427083333333334 0.5606481481481481 0.9453125 0.6078703703703704 0.94375 0.6578703703703703 0.9411458333333333 0.6638888888888889 0.934375 0.6662037037037037 0.921875 0.6643518518518519 0.9177083333333333 0.6574074074074074 0.91484375 0.6305555555555555 0.9127604166666666 0.5606481481481481 0.9143229166666667 0.55 0.9174479166666667 0.5453703703703704 0.9330729166666667 0.5425925925925926
0 0.7403645833333333 0.5296296296296297 0.7463541666666667 0.5328703703703703 0.7486979166666666 0.5472222222222223 0.7494791666666667 0.5768518518518518 0.74765625 0.6166666666666667 0.74453125 0.6300925925925925 0.7348958333333333 0.6347222222222222 0.72734375 0.6337962962962963 0.7221354166666667 0.6259259259259259 0.7223958333333333 0.5388888888888889 0.7270833333333333 0.5300925925925926 0.7401041666666667 0.5296296296296297
0 0.6544270833333333 0.962037037037037 0.6640625 0.9666666666666667 0.6682291666666667 0.9745370370370371 0.6703125 0.999537037037037 0.640625 0.999537037037037 0.6403645833333333 0.9796296296296296 0.6424479166666667 0.9703703703703703 0.6471354166666666 0.9643518518518519 0.6541666666666667 0.9625
0 0.5466145833333333 0.9935185185185185 0.54921875 0.999537037037037 0.5268229166666667 0.999537037037037 0.528125 0.9944444444444445 0.5325520833333334 0.9912037037037037 0.5463541666666667 0.9935185185185185
0 0.96171875 0.24074074074074073 0.9677083333333333 0.2439814814814815 0.971875 0.2518518518518518 0.9734375 0.2712962962962963 0.9763020833333333 0.2791666666666667 0.9744791666666667 0.300462962962963 0.9765625 0.3101851851851852 0.97578125 0.3398148148148148 0.9671875 0.35185185185185186 0.9619791666666667 0.35324074074074074 0.9473958333333333 0.3490740740740741 0.9424479166666667 0.3398148148148148 0.94140625 0.3314814814814815 0.94453125 0.3148148148148148 0.9427083333333334 0.2569444444444444 0.94921875 0.24259259259259258 0.9614583333333333 0.24074074074074073
0 0.853125 0.986574074074074 0.8609375 0.9907407407407407 0.86484375 0.999537037037037 0.8375 0.999537037037037 0.8385416666666666 0.9930555555555556 0.8419270833333333 0.9879629629629629 0.8528645833333334 0.986574074074074
0 0.7768229166666667 0.5421296296296296 0.7828125 0.5458333333333333 0.7854166666666667 0.5537037037037037 0.7880208333333333 0.6236111111111111 0.78671875 0.6407407407407407 0.7822916666666667 0.6476851851851851 0.7731770833333333 0.65 0.7653645833333333 0.6467592592592593 0.7614583333333333 0.6361111111111111 0.7591145833333334 0.5569444444444445 0.7622395833333333 0.5458333333333333 0.7765625 0.5421296296296296
0 0.6549479166666666 0.6842592592592592 0.6684895833333333 0.687962962962963 0.671875 0.700925925925926 0.6721354166666667 0.7458333333333333 0.6692708333333334 0.7796296296296297 0.665625 0.7949074074074074 0.6583333333333333 0.8 0.64609375 0.7967592592592593 0.6440104166666667 0.7930555555555555 0.6424479166666667 0.7796296296296297 0.6440104166666667 0.6990740740740741 0.6466145833333333 0.6865740740740741 0.6546875 0.6842592592592592
0 0.7950520833333333 0 0.8546875 0 0.846875 0.008796296296296297 0.81171875 0.003703703703703704 0.8015625 0.006481481481481481 0.7950520833333333 0.000462962962962963
0 0.7690104166666667 0.6726851851851852 0.78203125 0.675 0.78671875 0.6865740740740741 0.7890625 0.7541666666666667 0.7869791666666667 0.7875 0.7830729166666667 0.7935185185185185 0.7734375 0.7958333333333333 0.7651041666666667 0.7912037037037037 0.7614583333333333 0.7828703703703703 0.76015625 0.6935185185185185 0.76171875 0.6777777777777778 0.76875 0.6731481481481482
0 0.80859375 0.5402777777777777 0.8158854166666667 0.5421296296296296 0.8192708333333333 0.5467592592592593 0.8213541666666667 0.5555555555555556 0.82265625 0.5810185185185185 0.8236979166666667 0.6152777777777778 0.8223958333333333 0.6439814814814815 0.81953125 0.6509259259259259 0.8143229166666667 0.6527777777777778 0.7997395833333333 0.6509259259259259 0.7966145833333333 0.6467592592592593 0.7955729166666666 0.6407407407407407 0.7979166666666667 0.612037037037037 0.7950520833333333 0.5518518518518518 0.7986979166666667 0.5421296296296296 0.8083333333333333 0.5402777777777777
0 0.54296875 0.6675925925925926 0.54921875 0.6717592592592593 0.5510416666666667 0.6768518518518518 0.55234375 0.7555555555555555 0.5510416666666667 0.7759259259259259 0.5427083333333333 0.7851851851851852 0.5307291666666667 0.7833333333333333 0.5252604166666667 0.7726851851851851 0.52421875 0.7013888888888888 0.5255208333333333 0.6736111111111112 0.5354166666666667 0.6671296296296296 0.5427083333333333 0.6675925925925926
0 0.8161458333333333 0.23055555555555557 0.81953125 0.23472222222222222 0.8213541666666667 0.2439814814814815 0.82265625 0.30462962962962964 0.8203125 0.31574074074074077 0.8098958333333334 0.31805555555555554 0.8028645833333333 0.31712962962962965 0.7986979166666667 0.3106481481481482 0.79765625 0.24444444444444444 0.7994791666666666 0.2337962962962963 0.8018229166666667 0.23055555555555557 0.8158854166666667 0.23055555555555557
0 0.771875 0.11018518518518519 0.7794270833333333 0.1125 0.7815104166666667 0.1162037037037037 0.7846354166666667 0.16018518518518518 0.7830729166666667 0.20277777777777778 0.7802083333333333 0.21064814814814814 0.77265625 0.21481481481481482 0.76328125 0.21064814814814814 0.7619791666666667 0.2013888888888889 0.7572916666666667 0.20185185185185187 0.7549479166666667 0.12824074074074074 0.75859375 0.11296296296296296 0.7716145833333333 0.11018518518518519
0 0.6278645833333333 0.2300925925925926 0.63359375 0.2337962962962963 0.6359375 0.24074074074074073 0.6375 0.3148148148148148 0.6354166666666666 0.3337962962962963 0.6255208333333333 0.3416666666666667 0.6127604166666667 0.33935185185185185 0.6098958333333333 0.33101851851851855 0.6109375 0.26851851851851855 0.6091145833333333 0.25092592592592594 0.6127604166666667 0.23333333333333334 0.6184895833333334 0.22962962962962963 0.6276041666666666 0.2300925925925926
0 0.5841145833333333 0.6810185185185185 0.590625 0.6851851851851852 0.59296875 0.6921296296296297 0.5903645833333333 0.7490740740740741 0.5911458333333334 0.7768518518518519 0.5890625 0.8009259259259259 0.5856770833333333 0.8069444444444445 0.5794270833333334 0.8087962962962963 0.57109375 0.8083333333333333 0.5638020833333334 0.7962962962962963 0.56328125 0.7680555555555556 0.5690104166666666 0.6856481481481481 0.5747395833333333 0.6805555555555556 0.5838541666666667 0.6810185185185185
0 0.809375 0.6777777777777778 0.8203125 0.6828703703703703 0.8236979166666667 0.711574074074074 0.821875 0.7763888888888889 0.81796875 0.7861111111111111 0.8130208333333333 0.788425925925926 0.8020833333333334 0.7870370370370371 0.7971354166666667 0.7796296296296297 0.7979166666666667 0.7226851851851852 0.7963541666666667 0.6856481481481481 0.7997395833333333 0.6805555555555556 0.8091145833333333 0.6777777777777778