0 0.5815104166666667 0.9884259259259259 0.5888020833333333 0.9916666666666667 0.5911458333333334 0.999537037037037 0.56328125 0.999537037037037 0.5674479166666667 0.9907407407407407 0.58125 0.9884259259259259
0 0.8903645833333333 0.1162037037037037 0.8942708333333333 0.12083333333333333 0.89609375 0.13055555555555556 0.8971354166666666 0.21805555555555556 0.8942708333333333 0.22962962962962963 0.8841145833333334 0.23287037037037037 0.8763020833333334 0.23194444444444445 0.8703125 0.22268518518518518 0.8697916666666666 0.16712962962962963 0.8669270833333333 0.14351851851851852 0.8703125 0.12314814814814815 0.8729166666666667 0.11805555555555555 0.8833333333333333 0.11481481481481481 0.8901041666666667 0.1162037037037037
0 0.8114583333333333 0.09490740740740741 0.8177083333333334 0.10046296296296296 0.8208333333333333 0.10972222222222222 0.8234375 0.14722222222222223 0.8197916666666667 0.18888888888888888 0.8177083333333334 0.1935185185185185 0.81171875 0.19583333333333333 0.8005208333333333 0.19398148148148148 0.7958333333333333 0.18796296296296297 0.7963541666666667 0.15416666666666667 0.7942708333333334 0.12037037037037036 0.7963541666666667 0.1050925925925926 0.8 0.09768518518518518 0.8111979166666666 0.09490740740740741
0 0.7481770833333333 0.412962962962963 0.7533854166666667 0.41805555555555557 0.75703125 0.42962962962962964 0.7580729166666667 0.4476851851851852 0.7557291666666667 0.4537037037037037 0.7479166666666667 0.4601851851851852 0.7015625 0.4837962962962963 0.6955729166666667 0.48148148148148145 0.6890625 0.4666666666666667 0.6888020833333334 0.4486111111111111 0.6919270833333333 0.4412037037037037 0.7171875 0.425 0.7479166666666667 0.412962962962963
0 0.7419270833333333 0.24583333333333332 0.74921875 0.25462962962962965 0.7518229166666667 0.2791666666666667 0.7526041666666666 0.3416666666666667 0.7502604166666667 0.3486111111111111 0.7440104166666667 0.3509259259259259 0.7307291666666667 0.3486111111111111 0.72734375 0.33935185185185185 0.7244791666666667 0.2689814814814815 0.725 0.2587962962962963 0.7276041666666667 0.2518518518518518 0.7341145833333333 0.24583333333333332 0.7416666666666667 0.24583333333333332
0 0.7 0.24166666666666667 0.709375 0.24722222222222223 0.7114583333333333 0.25601851851851853 0.7111979166666667 0.33796296296296297 0.70859375 0.3449074074074074 0.7018229166666666 0.3472222222222222 0.6924479166666667 0.34675925925925927 0.6872395833333333 0.3416666666666667 0.684375 0.2759259259259259 0.6864583333333333 0.24814814814814815 0.690625 0.24305555555555555 0.6997395833333333 0.24166666666666667
0 0.9619791666666667 0.11574074074074074 0.9690104166666667 0.11944444444444445 0.9736979166666667 0.12638888888888888 0.9755208333333333 0.14953703703703702 0.975 0.2152777777777778 0.9708333333333333 0.22314814814814815 0.9640625 0.22685185185185186 0.9565104166666667 0.22592592592592592 0.94765625 0.21712962962962962 0.9447916666666667 0.14444444444444443 0.94609375 0.1310185185185185 0.9497395833333333 0.12037037037037036 0.9549479166666667 0.1162037037037037 0.96171875 0.11574074074074074
0 0.8528645833333334 0.12546296296296297 0.85703125 0.12962962962962962 0.8580729166666666 0.1388888888888889 0.8583333333333333 0.2050925925925926 0.8549479166666667 0.22083333333333333 0.8458333333333333 0.22453703703703703 0.8348958333333333 0.2222222222222222 0.83203125 0.21574074074074073 0.8328125 0.1361111111111111 0.8341145833333333 0.1287037037037037 0.8375 0.12546296296296297 0.8526041666666667 0.12546296296296297
0 0.8125 0.5402777777777777 0.81796875 0.5421296296296296 0.8221354166666667 0.5476851851851852 0.825 0.5782407407407407 0.8244791666666667 0.6444444444444445 0.81796875 0.6523148148148148 0.8026041666666667 0.6509259259259259 0.79921875 0.6472222222222223 0.7979166666666667 0.6402777777777777 0.7971354166666667 0.5504629629629629 0.8002604166666667 0.5425925925925926 0.8122395833333333 0.5402777777777777
0 0.6263020833333334 0.22916666666666666 0.6346354166666667 0.23333333333333334 0.6375 0.24074074074074073 0.6388020833333333 0.3074074074074074 0.6369791666666667 0.3351851851851852 0.6270833333333333 0.34120370370370373 0.6145833333333334 0.33935185185185185 0.6122395833333333 0.3351851851851852 0.6111979166666667 0.32175925925925924 0.61171875 0.2388888888888889 0.6171875 0.23055555555555557 0.6260416666666667 0.22916666666666666
0 0.54765625 0.5254629629629629 0.5588541666666667 0.5310185185185186 0.5598958333333334 0.5527777777777778 0.5575520833333333 0.6324074074074074 0.5544270833333333 0.6407407407407407 0.54921875 0.6439814814814815 0.53515625 0.6407407407407407 0.5315104166666667 0.6300925925925925 0.53359375 0.5328703703703703 0.5369791666666667 0.5268518518518519 0.5473958333333333 0.5254629629629629
0 0.62265625 0.5328703703703703 0.62890625 0.5361111111111111 0.6317708333333333 0.5481481481481482 0.6322916666666667 0.6064814814814815 0.634375 0.625 0.6325520833333333 0.6439814814814815 0.6268229166666667 0.6509259259259259 0.6229166666666667 0.6518518518518519 0.6119791666666666 0.6509259259259259 0.6067708333333334 0.6407407407407407 0.6033854166666667 0.5611111111111111 0.6041666666666666 0.5425925925925926 0.6065104166666667 0.5361111111111111 0.6223958333333334 0.5328703703703703
0 0.6669270833333333 0.11388888888888889 0.6729166666666667 0.11944444444444445 0.6752604166666667 0.13055555555555556 0.6734375 0.17592592592592593 0.675 0.21342592592592594 0.67109375 0.22175925925925927 0.6583333333333333 0.22824074074074074 0.6505208333333333 0.22453703703703703 0.64609375 0.21574074074074073 0.6484375 0.14351851851851852 0.6502604166666667 0.12314814814814815 0.6533854166666667 0.11574074074074074 0.6666666666666666 0.11388888888888889
0 0.5916666666666667 0.11203703703703703 0.59765625 0.11527777777777778 0.5994791666666667 0.11944444444444445 0.60078125 0.15787037037037038 0.5986979166666667 0.20925925925925926 0.59375 0.2212962962962963 0.58828125 0.22407407407407406 0.58125 0.22407407407407406 0.5747395833333333 0.21851851851851853 0.5716145833333334 0.20787037037037037 0.5716145833333334 0.19537037037037036 0.5747395833333333 0.11944444444444445 0.58125 0.1125 0.59140625 0.11203703703703703
0 0.98203125 0.4550925925925926 0.9880208333333333 0.4615740740740741 0.9911458333333333 0.47314814814814815 0.99140625 0.4898148148148148 0.9893229166666667 0.49537037037037035 0.9807291666666667 0.5027777777777778 0.940625 0.5157407407407407 0.93359375 0.5143518518518518 0.9286458333333333 0.5041666666666667 0.9268229166666667 0.4875 0.9299479166666667 0.47314814814814815 0.9630208333333333 0.4587962962962963 0.9817708333333334 0.4550925925925926
0 0.70390625 0.5467592592592593 0.7109375 0.5504629629629629 0.7143229166666667 0.5708333333333333 0.7143229166666667 0.6092592592592593 0.71328125 0.6138888888888889 0.7104166666666667 0.6152777777777778 0.6919270833333333 0.6152777777777778 0.6893229166666667 0.6092592592592593 0.6911458333333333 0.5953703703703703 0.68984375 0.5532407407407407 0.69296875 0.5486111111111112 0.7036458333333333 0.5467592592592593
0 0.6997395833333333 0.6736111111111112 0.7067708333333333 0.6773148148148148 0.7109375 0.6912037037037037 0.71171875 0.7375 0.71015625 0.7833333333333333 0.7088541666666667 0.7898148148148149 0.7046875 0.7916666666666666 0.6893229166666667 0.7912037037037037 0.68359375 0.787962962962963 0.6809895833333334 0.7824074074074074 0.6841145833333333 0.6842592592592592 0.6890625 0.674074074074074 0.6994791666666667 0.6736111111111112
0 0.9341145833333333 0.5421296296296296 0.9395833333333333 0.5458333333333333 0.9440104166666666 0.5564814814814815 0.9466145833333334 0.6083333333333333 0.9455729166666667 0.6574074074074074 0.9424479166666667 0.6638888888888889 0.9346354166666667 0.6662037037037037 0.925 0.6648148148148149 0.9208333333333333 0.6606481481481481 0.9190104166666667 0.6537037037037037 0.91484375 0.5611111111111111 0.9151041666666667 0.5537037037037037 0.91796875 0.5458333333333333 0.9247395833333333 0.5421296296296296 0.9338541666666667 0.5421296296296296
0 0.7380208333333333 0.6837962962962963 0.7421875 0.6865740740740741 0.7453125 0.6962962962962963 0.7489583333333333 0.7689814814814815 0.7463541666666667 0.7782407407407408 0.7356770833333334 0.7814814814814814 0.7270833333333333 0.7810185185185186 0.7236979166666667 0.7763888888888889 0.7190104166666667 0.6921296296296297 0.7244791666666667 0.6856481481481481 0.7377604166666667 0.6837962962962963
0 0.59140625 0.23287037037037037 0.5994791666666667 0.2375 0.6010416666666667 0.3402777777777778 0.5966145833333333 0.35555555555555557 0.5864583333333333 0.3592592592592593 0.5778645833333333 0.3560185185185185 0.5731770833333333 0.3458333333333333 0.57421875 0.2490740740740741 0.5768229166666666 0.2361111111111111 0.5911458333333334 0.23287037037037037
0 0.8611979166666667 0.6833333333333333 0.8674479166666667 0.6893518518518519 0.8703125 0.7 0.8721354166666667 0.7541666666666667 0.8716145833333333 0.7930555555555555 0.86953125 0.799074074074074 0.8635416666666667 0.8023148148148148 0.85234375 0.8013888888888889 0.846875 0.7976851851851852 0.8419270833333333 0.7800925925925926 0.84375 0.7546296296296297 0.84140625 0.6935185185185185 0.8471354166666667 0.6842592592592592 0.8609375 0.6833333333333333
0 0.6614583333333334 0.2569444444444444 0.66640625 0.25833333333333336 0.67109375 0.2652777777777778 0.67265625 0.2912037037037037 0.6703125 0.34074074074074073 0.6682291666666667 0.3439814814814815 0.66171875 0.3449074074074074 0.64765625 0.3421296296296296 0.6458333333333334 0.3351851851851852 0.6473958333333333 0.26481481481481484 0.6520833333333333 0.25787037037037036 0.6611979166666667 0.2569444444444444
0 0.8979166666666667 0.24814814814814815 0.9046875 0.2513888888888889 0.9078125 0.25833333333333336 0.9130208333333333 0.2884259259259259 0.9111979166666667 0.2986111111111111 0.9125 0.3226851851851852 0.9114583333333334 0.3509259259259259 0.9088541666666666 0.35694444444444445 0.9020833333333333 0.3611111111111111 0.8872395833333333 0.3597222222222222 0.8802083333333334 0.3453703703703704 0.8825520833333333 0.3287037037037037 0.8828125 0.2912037037037037 0.8783854166666667 0.2796296296296296 0.878125 0.27361111111111114 0.88515625 0.2513888888888889 0.89765625 0.24814814814814815
0 0.7744791666666667 0.11018518518518519 0.78125 0.1125 0.78359375 0.11712962962962963 0.7854166666666667 0.17222222222222222 0.78359375 0.20601851851851852 0.7723958333333333 0.2152777777777778 0.76484375 0.21064814814814814 0.7640625 0.2050925925925926 0.7583333333333333 0.19907407407407407 0.7565104166666666 0.12546296296296297 0.7583333333333333 0.1162037037037037 0.7611979166666667 0.11203703703703703 0.77421875 0.11018518518518519
0 0.8526041666666667 0.23935185185185184 0.8598958333333333 0.24768518518518517 0.8625 0.2587962962962963 0.8653645833333333 0.32592592592592595 0.8625 0.3416666666666667 0.8510416666666667 0.3458333333333333 0.8421875 0.34444444444444444 0.8385416666666666 0.3388888888888889 0.8338541666666667 0.26805555555555555 0.8346354166666666 0.25 0.8380208333333333 0.24259259259259258 0.85234375 0.23935185185185184
0 0.8919270833333334 0.5509259259259259 0.90078125 0.5546296296296296 0.9044270833333333 0.562962962962963 0.90625 0.6148148148148148 0.9041666666666667 0.6472222222222223 0.9002604166666667 0.6578703703703703 0.8950520833333333 0.6601851851851852 0.8833333333333333 0.6587962962962963 0.8791666666666667 0.6546296296296297 0.8786458333333333 0.6222222222222222 0.8768229166666667 0.6129629629629629 0.878125 0.5574074074074075 0.8825520833333333 0.5523148148148148 0.8916666666666667 0.5509259259259259
0 0.7416666666666667 0.5291666666666667 0.7479166666666667 0.5333333333333333 0.75 0.5398148148148149 0.7497395833333333 0.6148148148148148 0.7466145833333333 0.6296296296296297 0.7395833333333334 0.6342592592592593 0.7299479166666667 0.6337962962962963 0.72421875 0.6263888888888889 0.7247395833333333 0.5412037037037037 0.72734375 0.5314814814814814 0.74140625 0.5291666666666667
0 0.6591145833333333 0.9625 0.6653645833333334 0.9666666666666667 0.66953125 0.975925925925926 0.6713541666666667 0.9842592592592593 0.67109375 0.999537037037037 0.6421875 0.999537037037037 0.64375 0.9712962962962963 0.6510416666666666 0.9634259259259259 0.6588541666666666 0.9625
0 0.7802083333333333 0.2273148148148148 0.7869791666666667 0.23472222222222222 0.7903645833333334 0.2490740740740741 0.78984375 0.324537037037037 0.7869791666666667 0.33564814814814814 0.7809895833333333 0.3384259259259259 0.7690104166666667 0.3375 0.7643229166666666 0.33101851851851855 0.7622395833333333 0.2800925925925926 0.7635416666666667 0.23657407407407408 0.7723958333333333 0.2263888888888889 0.7799479166666666 0.2273148148148148
0 0.5416666666666666 0.9907407407407407 0.5497395833333333 0.9944444444444445 0.55078125 0.999537037037037 0.5278645833333333 0.999537037037037 0.5328125 0.9916666666666667 0.54140625 0.9907407407407407
0 0.6239583333333333 0.09537037037037037 0.6307291666666667 0.09861111111111111 0.6348958333333333 0.10601851851851851 0.63671875 0.11944444444444445 0.6372395833333333 0.15694444444444444 0.63515625 0.19953703703703704 0.63046875 0.20694444444444443 0.6231770833333333 0.20972222222222223 0.61171875 0.20555555555555555 0.6091145833333333 0.17824074074074073 0.6106770833333334 0.1087962962962963 0.6161458333333333 0.09814814814814815 0.6236979166666666 0.09537037037037037
0 0.9640625 0.24027777777777778 0.9713541666666666 0.2462962962962963 0.9747395833333333 0.25462962962962965 0.9765625 0.30833333333333335 0.9736979166666667 0.3453703703703704 0.9638020833333333 0.35324074074074074 0.9497395833333333 0.34953703703703703 0.9442708333333333 0.3375 0.9458333333333333 0.2861111111111111 0.9434895833333333 0.2652777777777778 0.94609375 0.2513888888888889 0.9494791666666667 0.2449074074074074 0.9638020833333333 0.24027777777777778
0 0.8591145833333333 0.5453703703703704 0.8651041666666667 0.549074074074074 0.8671875 0.5541666666666667 0.8671875 0.6078703703703704 0.8640625 0.6537037037037037 0.8598958333333333 0.6648148148148149 0.8557291666666667 0.6666666666666666 0.8466145833333333 0.6662037037037037 0.8401041666666667 0.6620370370370371 0.8372395833333334 0.6537037037037037 0.83671875 0.6425925925925926 0.8419270833333333 0.5555555555555556 0.8466145833333333 0.5453703703703704 0.8588541666666667 0.5453703703703704
0 0.8559895833333333 0.986574074074074 0.8627604166666667 0.9902777777777778 0.8661458333333333 0.999537037037037 0.8395833333333333 0.999537037037037 0.8419270833333333 0.9907407407407407 0.8453125 0.9875 0.8557291666666667 0.986574074074074
0 0.7786458333333334 0.5421296296296296 0.78515625 0.5462962962962963 0.7869791666666667 0.5504629629629629 0.7901041666666667 0.6203703703703703 0.7877604166666666 0.6430555555555556 0.7828125 0.6481481481481481 0.7765625 0.649537037037037 0.7682291666666666 0.6476851851851851 0.7635416666666667 0.6370370370370371 0.7614583333333333 0.6092592592592593 0.7630208333333334 0.5912037037037037 0.7609375 0.5560185185185185 0.7619791666666667 0.549074074074074 0.7653645833333333 0.5444444444444444 0.7783854166666667 0.5421296296296296
0 0.6544270833333333 0.6847222222222222 0.6684895833333333 0.687037037037037 0.67265625 0.6953703703703704 0.6721354166666667 0.7703703703703704 0.66875 0.7912037037037037 0.6651041666666667 0.7976851851851852 0.659375 0.8004629629629629 0.6497395833333334 0.7981481481481482 0.6453125 0.7916666666666666 0.6440104166666667 0.7444444444444445 0.6458333333333334 0.700462962962963 0.6473958333333333 0.6921296296296297 0.6541666666666667 0.6851851851851852
0 0.7765625 0 0.83828125 0 0.82890625 0.00787037037037037 0.79375 0.004166666666666667 0.7828125 0.00787037037037037 0.778125 0.005092592592592593 0.7765625 0.000462962962962963
0 0.7799479166666666 0.6726851851851852 0.78515625 0.675 0.7880208333333333 0.6814814814814815 0.790625 0.7175925925925926 0.79140625 0.7671296296296296 0.7908854166666667 0.7791666666666667 0.7875 0.7898148148148149 0.7802083333333333 0.7953703703703704 0.7684895833333333 0.7925925925925926 0.76328125 0.7824074074074074 0.76171875 0.6958333333333333 0.7651041666666667 0.674537037037037 0.7796875 0.6726851851851852
0 0.7002604166666667 0.11388888888888889 0.7067708333333333 0.1162037037037037 0.7088541666666667 0.11990740740740741 0.7106770833333333 0.17407407407407408 0.709375 0.20185185185185187 0.7065104166666667 0.20972222222222223 0.6997395833333333 0.21296296296296297 0.6877604166666667 0.2101851851851852 0.6856770833333333 0.20601851851851852 0.68515625 0.1912037037037037 0.6856770833333333 0.12314814814814815 0.6890625 0.1162037037037037 0.7 0.11388888888888889
0 0.5479166666666667 0.6689814814814815 0.5526041666666667 0.674537037037037 0.5536458333333333 0.6800925925925926 0.5546875 0.7537037037037037 0.55234375 0.7759259259259259 0.54453125 0.7851851851851852 0.5328125 0.7837962962962963 0.5278645833333333 0.7754629629629629 0.5260416666666666 0.6967592592592593 0.5265625 0.6800925925925926 0.5286458333333334 0.6736111111111112 0.53828125 0.6666666666666666 0.54765625 0.6689814814814815
0 0.8143229166666667 0.22916666666666666 0.81875 0.2310185185185185 0.8223958333333333 0.2375 0.8247395833333333 0.2638888888888889 0.8244791666666667 0.30787037037037035 0.82109375 0.3162037037037037 0.8072916666666666 0.31805555555555554 0.8028645833333333 0.3162037037037037 0.8 0.30972222222222223 0.7997395833333333 0.24027777777777778 0.8036458333333333 0.23055555555555557 0.8140625 0.22916666666666666
0 0.6252604166666667 0.675 0.6315104166666666 0.6805555555555556 0.63359375 0.6907407407407408 0.6356770833333333 0.7564814814814815 0.6322916666666667 0.7925925925925926 0.6296875 0.8009259259259259 0.6236979166666666 0.8041666666666667 0.6119791666666666 0.8037037037037037 0.60546875 0.7967592592592593 0.603125 0.7356481481481482 0.6088541666666667 0.6819444444444445 0.6153645833333333 0.675 0.625 0.675
0 0.8463541666666666 0.387037037037037 0.8861979166666667 0.39675925925925926 0.89375 0.40185185185185185 0.8958333333333334 0.41388888888888886 0.89375 0.43472222222222223 0.890625 0.44212962962962965 0.88515625 0.4439814814814815 0.8333333333333334 0.43194444444444446 0.8307291666666666 0.425462962962963 0.8330729166666667 0.3939814814814815 0.8385416666666666 0.3875 0.84609375 0.387037037037037
0 0.8174479166666667 0.6787037037037037 0.8236979166666667 0.6861111111111111 0.82578125 0.7203703703703703 0.8247395833333333 0.7759259259259259 0.82109375 0.7856481481481481 0.815625 0.7888888888888889 0.8033854166666666 0.7861111111111111 0.79921875 0.7796296296296297 0.7979166666666667 0.6902777777777778 0.7997395833333333 0.6828703703703703 0.8033854166666666 0.6796296296296296 0.8171875 0.6787037037037037
0 0.5828125 0.6800925925925926 0.5924479166666666 0.6847222222222222 0.5955729166666667 0.6925925925925925 0.5932291666666667 0.7875 0.58984375 0.8055555555555556 0.578125 0.8087962962962963 0.57109375 0.8074074074074075 0.56640625 0.7972222222222223 0.5661458333333333 0.7421296296296296 0.5700520833333333 0.687037037037037 0.5747395833333333 0.6805555555555556 0.5825520833333333 0.6800925925925926