0 0.5846354166666666 0.9907407407407407 0.58828125 0.9944444444444445 0.5893229166666667 0.999537037037037 0.5622395833333333 0.999537037037037 0.5640625 0.9935185185185185 0.5674479166666667 0.9907407407407407 0.584375 0.9907407407407407
0 0.8875 0.1162037037037037 0.8921875 0.11898148148148148 0.89453125 0.1259259259259259 0.896875 0.19583333333333333 0.8950520833333333 0.2273148148148148 0.8861979166666667 0.23333333333333334 0.87578125 0.23287037037037037 0.86953125 0.22361111111111112 0.8666666666666667 0.14351851851851852 0.8713541666666667 0.11944444444444445 0.8770833333333333 0.1162037037037037 0.8872395833333333 0.1162037037037037
0 0.8096354166666667 0.09537037037037037 0.8153645833333333 0.09861111111111111 0.8197916666666667 0.10833333333333334 0.8221354166666667 0.14027777777777778 0.8208333333333333 0.1814814814814815 0.8177083333333334 0.19305555555555556 0.8119791666666667 0.1962962962962963 0.796875 0.19305555555555556 0.7940104166666667 0.18333333333333332 0.7942708333333334 0.11203703703703703 0.8 0.09722222222222222 0.809375 0.09537037037037037
0 0.7770833333333333 0.2273148148148148 0.7846354166666667 0.23333333333333334 0.7885416666666667 0.2449074074074074 0.7895833333333333 0.3125 0.7888020833333333 0.3282407407407407 0.7861979166666667 0.3365740740740741 0.7739583333333333 0.33935185185185185 0.7674479166666667 0.33796296296296297 0.76328125 0.33101851851851855 0.7611979166666667 0.29814814814814816 0.7609375 0.24814814814814815 0.76171875 0.2388888888888889 0.76484375 0.2324074074074074 0.7721354166666666 0.22685185185185186 0.7768229166666667 0.2273148148148148
0 0.9619791666666667 0.11666666666666667 0.9721354166666667 0.12685185185185185 0.9744791666666667 0.1527777777777778 0.9739583333333334 0.21574074074074073 0.9708333333333333 0.2222222222222222 0.9638020833333333 0.2273148148148148 0.9520833333333333 0.22361111111111112 0.9484375 0.21851851851851853 0.94609375 0.20972222222222223 0.94375 0.1449074074074074 0.94453125 0.13333333333333333 0.9489583333333333 0.12083333333333333 0.953125 0.11712962962962963 0.96171875 0.11666666666666667
0 0.8502604166666666 0.1259259259259259 0.8559895833333333 0.12962962962962962 0.8567708333333334 0.13287037037037036 0.8580729166666666 0.18703703703703703 0.85625 0.21666666666666667 0.8533854166666667 0.22268518518518518 0.84765625 0.225 0.8348958333333333 0.22361111111111112 0.83125 0.21712962962962962 0.8315104166666667 0.13333333333333333 0.83515625 0.12685185185185185 0.85 0.1259259259259259
0 0.7033854166666667 0.5476851851851852 0.7111979166666667 0.5532407407407407 0.7130208333333333 0.5675925925925925 0.71328125 0.6083333333333333 0.7098958333333333 0.6162037037037037 0.6921875 0.6162037037037037 0.6885416666666667 0.6129629629629629 0.690625 0.5921296296296297 0.6890625 0.5527777777777778 0.6927083333333334 0.5486111111111112 0.703125 0.5476851851851852
0 0.8505208333333333 0.24027777777777778 0.8559895833333333 0.24351851851851852 0.8598958333333333 0.2518518518518518 0.8640625 0.3087962962962963 0.8627604166666667 0.3402777777777778 0.8513020833333333 0.34629629629629627 0.8411458333333334 0.3453703703703704 0.8377604166666667 0.34120370370370373 0.8325520833333333 0.2657407407407407 0.8325520833333333 0.2550925925925926 0.83671875 0.2439814814814815 0.8421875 0.24027777777777778 0.8502604166666666 0.24027777777777778
0 0.9447916666666667 0.4708333333333333 0.9528645833333333 0.47638888888888886 0.9565104166666667 0.4842592592592593 0.9567708333333333 0.5115740740740741 0.9513020833333333 0.5194444444444445 0.9328125 0.5212962962962963 0.8971354166666666 0.5189814814814815 0.8932291666666666 0.5074074074074074 0.89375 0.48333333333333334 0.8971354166666666 0.47638888888888886 0.9026041666666667 0.4740740740740741 0.94453125 0.4708333333333333
0 0.6627604166666666 0.9652777777777778 0.6690104166666667 0.975925925925926 0.6705729166666666 0.999537037037037 0.6416666666666667 0.999537037037037 0.6419270833333334 0.9796296296296296 0.64453125 0.9689814814814814 0.6518229166666667 0.9634259259259259 0.6625 0.9652777777777778
0 0.55078125 0.5268518518518519 0.5567708333333333 0.5291666666666667 0.55859375 0.5328703703703703 0.55859375 0.6037037037037037 0.55546875 0.6370370370370371 0.55078125 0.6435185185185185 0.5455729166666666 0.6449074074074074 0.5338541666666666 0.6412037037037037 0.53046875 0.6324074074074074 0.5328125 0.5319444444444444 0.5393229166666667 0.5259259259259259 0.5505208333333333 0.5268518518518519
0 0.6276041666666666 0.09768518518518518 0.6338541666666667 0.10648148148148148 0.6354166666666666 0.11574074074074074 0.6356770833333333 0.18287037037037038 0.6341145833333334 0.20277777777777778 0.6239583333333333 0.2101851851851852 0.6125 0.20787037037037037 0.609375 0.2013888888888889 0.6091145833333333 0.11712962962962963 0.6109375 0.10555555555555556 0.615625 0.09861111111111111 0.62734375 0.09768518518518518
0 0.61953125 0.5333333333333333 0.6270833333333333 0.5356481481481481 0.6299479166666667 0.5430555555555555 0.6333333333333333 0.6236111111111111 0.63125 0.6449074074074074 0.6268229166666667 0.6509259259259259 0.6221354166666667 0.6523148148148148 0.6106770833333334 0.6509259259259259 0.6057291666666667 0.6416666666666667 0.60234375 0.5625 0.603125 0.5430555555555555 0.60546875 0.5365740740740741 0.6192708333333333 0.5333333333333333
0 0.66171875 0.11388888888888889 0.6705729166666666 0.1175925925925926 0.6739583333333333 0.13055555555555556 0.6734375 0.21342592592592594 0.6674479166666667 0.22407407407407406 0.65859375 0.22916666666666666 0.64765625 0.22268518518518518 0.64453125 0.2064814814814815 0.6494791666666667 0.12407407407407407 0.65390625 0.11527777777777778 0.6614583333333334 0.11388888888888889
0 0.6263020833333334 0.6763888888888889 0.6307291666666667 0.6810185185185185 0.6322916666666667 0.6888888888888889 0.63359375 0.7560185185185185 0.6309895833333333 0.7967592592592593 0.6270833333333333 0.8027777777777778 0.6203125 0.8046296296296296 0.609375 0.8032407407407407 0.6046875 0.7967592592592593 0.6033854166666667 0.7912037037037037 0.6044270833333333 0.7643518518518518 0.60234375 0.7476851851851852 0.6052083333333333 0.6990740740740741 0.6083333333333333 0.6810185185185185 0.6161458333333333 0.675 0.6260416666666667 0.6763888888888889
0 0.7033854166666667 0.6754629629629629 0.7098958333333333 0.687037037037037 0.7109375 0.7282407407407407 0.70859375 0.7842592592592592 0.7067708333333333 0.7907407407407407 0.703125 0.7925925925925926 0.6846354166666667 0.7902777777777777 0.6809895833333334 0.7865740740740741 0.6796875 0.7805555555555556 0.6825520833333333 0.6861111111111111 0.6846354166666667 0.6782407407407407 0.6880208333333333 0.674537037037037 0.703125 0.6754629629629629
0 0.7361979166666667 0.6842592592592592 0.74140625 0.6875 0.7434895833333334 0.6925925925925925 0.7484375 0.7578703703703704 0.746875 0.7773148148148148 0.7369791666666666 0.7819444444444444 0.7268229166666667 0.7819444444444444 0.7231770833333333 0.7787037037037037 0.7177083333333333 0.6995370370370371 0.7205729166666667 0.687962962962963 0.7359375 0.6842592592592592
0 0.57890625 0.6805555555555556 0.59140625 0.6856481481481481 0.5950520833333334 0.6990740740740741 0.5919270833333333 0.7467592592592592 0.5927083333333333 0.7759259259259259 0.5903645833333333 0.7981481481481482 0.58671875 0.8074074074074075 0.5794270833333334 0.8097222222222222 0.5705729166666667 0.8083333333333333 0.5640625 0.7930555555555555 0.5690104166666666 0.6888888888888889 0.5713541666666667 0.6828703703703703 0.5786458333333333 0.6805555555555556
0 0.5890625 0.1125 0.5955729166666667 0.1162037037037037 0.5989583333333334 0.1259259259259259 0.59921875 0.15787037037037038 0.5973958333333333 0.16805555555555557 0.5989583333333334 0.19675925925925927 0.5955729166666667 0.21712962962962962 0.5919270833333333 0.22268518518518518 0.5854166666666667 0.225 0.578125 0.22407407407407406 0.5731770833333333 0.21805555555555556 0.5703125 0.20694444444444443 0.5705729166666667 0.1912037037037037 0.5739583333333333 0.11944444444444445 0.578125 0.11388888888888889 0.5888020833333333 0.1125
0 0.70078125 0.11481481481481481 0.70703125 0.11851851851851852 0.70859375 0.12546296296296297 0.7091145833333333 0.19583333333333333 0.7057291666666666 0.2101851851851852 0.6981770833333333 0.21388888888888888 0.6895833333333333 0.21296296296296297 0.6846354166666667 0.20601851851851852 0.6848958333333334 0.12453703703703704 0.6895833333333333 0.1162037037037037 0.7005208333333334 0.11481481481481481
0 0.85625 0.6828703703703703 0.8638020833333333 0.6861111111111111 0.86796875 0.6962962962962963 0.8708333333333333 0.7601851851851852 0.8700520833333333 0.7967592592592593 0.8666666666666667 0.8013888888888889 0.85859375 0.8027777777777778 0.8466145833333333 0.8 0.8434895833333333 0.7935185185185185 0.83984375 0.7064814814814815 0.8411458333333334 0.6925925925925925 0.8453125 0.6851851851851852 0.8559895833333333 0.6828703703703703
0 0.6580729166666667 0.2574074074074074 0.66953125 0.2638888888888889 0.6716145833333333 0.28194444444444444 0.6692708333333334 0.33935185185185185 0.66796875 0.3425925925925926 0.6619791666666667 0.3449074074074074 0.6479166666666667 0.3435185185185185 0.6450520833333333 0.3384259259259259 0.64609375 0.2689814814814815 0.65078125 0.25833333333333336 0.6578125 0.2574074074074074
0 0.7705729166666667 0.11064814814814815 0.7794270833333333 0.1125 0.7817708333333333 0.11574074074074074 0.7841145833333333 0.14212962962962963 0.78359375 0.2037037037037037 0.7799479166666666 0.2111111111111111 0.7729166666666667 0.2152777777777778 0.7635416666666667 0.21064814814814814 0.7627604166666667 0.2037037037037037 0.75859375 0.20324074074074075 0.75703125 0.19490740740740742 0.7565104166666666 0.12083333333333333 0.7606770833333333 0.1125 0.7703125 0.11064814814814815
0 0.5885416666666666 0.23333333333333334 0.5989583333333334 0.23842592592592593 0.6010416666666667 0.2962962962962963 0.6005208333333333 0.3388888888888889 0.5997395833333333 0.34675925925925927 0.5958333333333333 0.3560185185185185 0.5861979166666667 0.3597222222222222 0.5776041666666667 0.35694444444444445 0.5729166666666666 0.35 0.57109375 0.32314814814814813 0.5734375 0.29814814814814816 0.5721354166666667 0.275 0.5744791666666667 0.24074074074074073 0.578125 0.23564814814814813 0.58828125 0.23333333333333334
0 0.7390625 0.24583333333333332 0.74609375 0.25092592592592594 0.74921875 0.2587962962962963 0.7510416666666667 0.28935185185185186 0.7510416666666667 0.3449074074074074 0.7481770833333333 0.35 0.74140625 0.35185185185185186 0.7309895833333333 0.34953703703703703 0.72734375 0.34305555555555556 0.7255208333333333 0.2810185185185185 0.7236979166666667 0.2689814814814815 0.72421875 0.25833333333333336 0.7276041666666667 0.25092592592592594 0.7388020833333333 0.24583333333333332
0 0.7700520833333333 0.3990740740740741 0.8067708333333333 0.4 0.8125 0.4041666666666667 0.8140625 0.41064814814814815 0.8140625 0.4361111111111111 0.8114583333333333 0.44166666666666665 0.8020833333333334 0.44583333333333336 0.7755208333333333 0.4486111111111111 0.7520833333333333 0.4476851851851852 0.74765625 0.44305555555555554 0.74453125 0.43194444444444446 0.7447916666666666 0.41388888888888886 0.7481770833333333 0.4046296296296296 0.7541666666666667 0.40046296296296297 0.7697916666666667 0.3990740740740741
0 0.890625 0.5518518518518518 0.9010416666666666 0.5569444444444445 0.9036458333333334 0.5638888888888889 0.9052083333333333 0.6134259259259259 0.90390625 0.6402777777777777 0.9010416666666666 0.6550925925925926 0.8984375 0.6597222222222222 0.89140625 0.6611111111111111 0.88359375 0.6597222222222222 0.8778645833333333 0.6541666666666667 0.878125 0.6226851851851852 0.8760416666666667 0.6129629629629629 0.8770833333333333 0.5574074074074075 0.8809895833333333 0.5532407407407407 0.8903645833333333 0.5518518518518518
0 0.6578125 0.6856481481481481 0.66953125 0.6888888888888889 0.6716145833333333 0.6939814814814815 0.6723958333333333 0.7055555555555556 0.6729166666666667 0.7449074074074075 0.6697916666666667 0.7837962962962963 0.6651041666666667 0.7972222222222223 0.6609375 0.8004629629629629 0.6515625 0.8004629629629629 0.6466145833333333 0.7972222222222223 0.64375 0.7902777777777777 0.64296875 0.7759259259259259 0.6453125 0.6921296296296297 0.6479166666666667 0.6865740740740741 0.6575520833333334 0.6856481481481481
0 0.93359375 0.5430555555555555 0.940625 0.5504629629629629 0.94375 0.562962962962963 0.9455729166666667 0.5861111111111111 0.9458333333333333 0.6462962962962963 0.9432291666666667 0.662962962962963 0.9333333333333333 0.6666666666666666 0.9213541666666667 0.6638888888888889 0.9182291666666667 0.6574074074074074 0.9135416666666667 0.5611111111111111 0.9143229166666667 0.5532407407407407 0.9177083333333333 0.5462962962962963 0.9244791666666666 0.5425925925925926 0.9333333333333333 0.5430555555555555
0 0.7388020833333333 0.5296296296296297 0.7453125 0.5319444444444444 0.7481770833333333 0.5365740740740741 0.7497395833333333 0.5712962962962963 0.7473958333333334 0.625 0.7447916666666666 0.6314814814814815 0.7388020833333333 0.6347222222222222 0.7276041666666667 0.6337962962962963 0.7236979166666667 0.6287037037037037 0.7223958333333333 0.5981481481481481 0.7239583333333334 0.5370370370370371 0.7278645833333334 0.5310185185185186 0.7385416666666667 0.5296296296296297
0 0.8911458333333333 0.39490740740740743 0.9359375 0.41435185185185186 0.9380208333333333 0.42268518518518516 0.9369791666666667 0.4398148148148148 0.9333333333333333 0.4527777777777778 0.92890625 0.4564814814814815 0.9015625 0.45046296296296295 0.8747395833333333 0.4375 0.8721354166666667 0.42453703703703705 0.8755208333333333 0.40046296296296297 0.8802083333333334 0.39444444444444443 0.8908854166666667 0.39490740740740743
0 0.54375 0.9925925925925926 0.54765625 0.9944444444444445 0.5494791666666666 0.999537037037037 0.52734375 0.999537037037037 0.5286458333333334 0.9944444444444445 0.5325520833333334 0.9921296296296296 0.5434895833333333 0.9925925925925926
0 0.9606770833333333 0.2412037037037037 0.9666666666666667 0.24305555555555555 0.9716145833333333 0.2490740740740741 0.9760416666666667 0.27870370370370373 0.975 0.34120370370370373 0.9682291666666667 0.3523148148148148 0.96171875 0.3541666666666667 0.9489583333333333 0.350462962962963 0.9424479166666667 0.3347222222222222 0.9450520833333333 0.3162037037037037 0.9447916666666667 0.2759259259259259 0.9424479166666667 0.2689814814814815 0.94296875 0.2587962962962963 0.94921875 0.24444444444444444 0.9604166666666667 0.2412037037037037
0 0.8552083333333333 0.5449074074074074 0.8640625 0.549074074074074 0.86640625 0.5560185185185185 0.86640625 0.6013888888888889 0.8638020833333333 0.6504629629629629 0.86015625 0.663425925925926 0.85625 0.6671296296296296 0.8411458333333334 0.6648148148148149 0.8377604166666667 0.6611111111111111 0.8354166666666667 0.6513888888888889 0.8419270833333333 0.5532407407407407 0.8453125 0.5458333333333333 0.8549479166666667 0.5449074074074074
0 0.78046875 0.5439814814814815 0.784375 0.5472222222222223 0.7864583333333334 0.5560185185185185 0.78828125 0.6356481481481482 0.7872395833333333 0.6421296296296296 0.7838541666666666 0.6472222222222223 0.77421875 0.6509259259259259 0.7669270833333334 0.6481481481481481 0.7619791666666667 0.6365740740740741 0.7604166666666666 0.5569444444444445 0.7619791666666667 0.5481481481481482 0.7645833333333333 0.5449074074074074 0.7802083333333333 0.5439814814814815
0 0.853125 0.987037037037037 0.8611979166666667 0.9907407407407407 0.8653645833333333 0.999537037037037 0.83828125 0.999537037037037 0.8419270833333333 0.9893518518518518 0.8528645833333334 0.987037037037037
0 0.7018229166666666 0.24305555555555555 0.7080729166666667 0.24768518518518517 0.7104166666666667 0.2564814814814815 0.7104166666666667 0.3351851851851852 0.7083333333333334 0.3453703703703704 0.7041666666666667 0.34814814814814815 0.6880208333333333 0.3458333333333333 0.68515625 0.3351851851851852 0.6846354166666667 0.2523148148148148 0.6890625 0.2439814814814815 0.7015625 0.24305555555555555
0 0.8192708333333333 0 0.8838541666666667 0 0.8705729166666667 0.010648148148148148 0.8627604166666667 0.006944444444444444 0.8388020833333333 0.005092592592592593 0.8278645833333333 0.00787037037037037 0.8192708333333333 0.000462962962962963
0 0.7791666666666667 0.6736111111111112 0.7841145833333333 0.6759259259259259 0.7875 0.6819444444444445 0.7901041666666667 0.7782407407407408 0.7846354166666667 0.7935185185185185 0.7778645833333333 0.7967592592592593 0.76796875 0.7935185185185185 0.7619791666666667 0.7828703703703703 0.7614583333333333 0.7425925925925926 0.7630208333333334 0.7291666666666666 0.7609375 0.6921296296296297 0.7619791666666667 0.6782407407407407 0.7638020833333333 0.6754629629629629 0.77890625 0.6736111111111112
0 0.8130208333333333 0.5412037037037037 0.81875 0.5449074074074074 0.8221354166666667 0.5537037037037037 0.8247395833333333 0.6097222222222223 0.8229166666666666 0.6467592592592593 0.8158854166666667 0.6532407407407408 0.8002604166666667 0.6509259259259259 0.7963541666666667 0.6421296296296296 0.7981770833333334 0.6185185185185185 0.79609375 0.5504629629629629 0.8010416666666667 0.5421296296296296 0.8127604166666667 0.5412037037037037
0 0.54453125 0.6680555555555555 0.55 0.6722222222222223 0.5520833333333334 0.6805555555555556 0.553125 0.7694444444444445 0.5481770833333334 0.7824074074074074 0.5411458333333333 0.7861111111111111 0.5325520833333334 0.7847222222222222 0.5255208333333333 0.7726851851851851 0.5247395833333334 0.6986111111111111 0.52734375 0.6731481481481482 0.5356770833333333 0.6675925925925926 0.5442708333333334 0.6680555555555555
0 0.8114583333333333 0.22962962962962963 0.8203125 0.23472222222222222 0.8236979166666667 0.2652777777777778 0.82265625 0.3125 0.8208333333333333 0.31666666666666665 0.8161458333333333 0.31851851851851853 0.80390625 0.31805555555555554 0.79921875 0.3111111111111111 0.7986979166666667 0.2412037037037037 0.8026041666666667 0.23148148148148148 0.8111979166666666 0.22962962962962963
0 0.8950520833333333 0.24861111111111112 0.90546875 0.25555555555555554 0.9078125 0.262037037037037 0.9088541666666666 0.2800925925925926 0.9119791666666667 0.28935185185185186 0.9098958333333333 0.29907407407407405 0.9114583333333334 0.32083333333333336 0.9104166666666667 0.35185185185185186 0.9078125 0.3578703703703704 0.89765625 0.36203703703703705 0.8864583333333333 0.36018518518518516 0.8796875 0.3490740740740741 0.8794270833333333 0.337037037037037 0.88203125 0.3277777777777778 0.8817708333333333 0.2916666666666667 0.87734375 0.2796296296296296 0.8776041666666666 0.2722222222222222 0.8822916666666667 0.25555555555555554 0.8869791666666667 0.25 0.8947916666666667 0.24861111111111112
0 0.62421875 0.22962962962962963 0.6338541666666667 0.2337962962962963 0.6364583333333333 0.2412037037037037 0.6372395833333333 0.25277777777777777 0.6369791666666667 0.3296296296296296 0.6341145833333334 0.33796296296296297 0.62578125 0.3421296296296296 0.6130208333333333 0.33935185185185185 0.6104166666666667 0.325 0.6109375 0.23981481481481481 0.6153645833333333 0.23194444444444445 0.6239583333333333 0.22962962962962963
0 0.8135416666666667 0.6787037037037037 0.8200520833333333 0.6819444444444445 0.8223958333333333 0.687037037037037 0.8247395833333333 0.7550925925925925 0.8213541666666667 0.7837962962962963 0.8174479166666667 0.7888888888888889 0.8109375 0.7902777777777777 0.8026041666666667 0.7875 0.79765625 0.7791666666666667 0.7971354166666667 0.6888888888888889 0.8005208333333333 0.6814814814814815 0.81328125 0.6787037037037037