0 0.11822916666666666 0.287962962962963 0.051041666666666666 0.04259259259259259
0 0.5927083333333333 0.23796296296296296 0.058333333333333334 0.046296296296296294
0 0.11197916666666667 0.337037037037037 0.057291666666666664 0.040740740740740744
0 0.7052083333333333 0.23981481481481481 0.052083333333333336 0.04259259259259259
0 0.43020833333333336 0.28888888888888886 0.052083333333333336 0.040740740740740744
0 0.27447916666666666 0.28888888888888886 0.051041666666666666 0.040740740740740744
0 0.9390625 0.575925925925926 0.057291666666666664 0.040740740740740744
0 0.8791666666666667 0.34074074074074073 0.06041666666666667 0.040740740740740744
0 0.2755208333333333 0.24074074074074073 0.04895833333333333 0.040740740740740744
0 0.9427083333333334 0.6240740740740741 0.05416666666666667 0.040740740740740744
0 0.875 0.2037037037037037 0.05625 0.040740740740740744
0 0.5973958333333333 0.5300925925925926 0.065625 0.041666666666666664
0 0.878125 0.2537037037037037 0.05625 0.040740740740740744
0 0.7635416666666667 0.18703703703703703 0.07708333333333334 0.05555555555555555
0 0.9364583333333333 0.24722222222222223 0.052083333333333336 0.03888888888888889
0 0.4296875 0.774074074074074 0.059375 0.040740740740740744
0 0.6005208333333333 0.8287037037037037 0.05520833333333333 0.03888888888888889
0 0.10572916666666667 0.8685185185185185 0.057291666666666664 0.040740740740740744
0 0.9458333333333333 0.43425925925925923 0.06041666666666667 0.03888888888888889
0 0.7078125 0.7240740740740741 0.053125 0.040740740740740744
0 0.8796875 0.4287037037037037 0.05520833333333333 0.04259259259259259
0 0.4046875 0.8796296296296297 0.09270833333333334 0.05185185185185185
0 0.7645833333333333 0.39166666666666666 0.06458333333333334 0.046296296296296294
0 0.9427083333333334 0.3861111111111111 0.06666666666666667 0.03888888888888889
0 0.9505208333333334 0.8717592592592592 0.06770833333333333 0.04351851851851852
0 0.0515625 0.525 0.05520833333333333 0.03888888888888889
0 0.5359375 0.8222222222222222 0.059375 0.044444444444444446
0 0.7015625 0.5509259259259259 0.06354166666666666 0.04259259259259259
0 0.0515625 0.7166666666666667 0.053125 0.03333333333333333
0 0.26979166666666665 0.3351851851851852 0.04791666666666667 0.037037037037037035
0 0.8885416666666667 0.48148148148148145 0.06875 0.037037037037037035
0 0.37864583333333335 0.3861111111111111 0.051041666666666666 0.04259259259259259
0 0.27395833333333336 0.6759259259259259 0.05416666666666667 0.044444444444444446
0 0.76875 0.6805555555555556 0.0625 0.03888888888888889
0 0.6005208333333333 0.5796296296296296 0.051041666666666666 0.040740740740740744
0 0.21875 0.5740740740740741 0.05 0.040740740740740744
0 0.7682291666666666 0.7222222222222222 0.057291666666666664 0.037037037037037035
0 0.275 0.5740740740740741 0.05 0.040740740740740744
0 0.2734375 0.040740740740740744 0.04895833333333333 0.05185185185185185
0 0.5411458333333333 0.725925925925926 0.06354166666666666 0.044444444444444446
0 0.10677083333333333 0.5398148148148149 0.06770833333333333 0.04259259259259259
0 0.43125 0.7148148148148148 0.06458333333333334 0.040740740740740744
0 0.26927083333333335 0.37962962962962965 0.04895833333333333 0.040740740740740744
0 0.7609375 0.33425925925925926 0.05520833333333333 0.03888888888888889
0 0.7645833333333333 0.5796296296296296 0.058333333333333334 0.040740740740740744
0 0.596875 0.7805555555555556 0.06041666666666667 0.04259259259259259
0 0.9489583333333333 0.2898148148148148 0.04791666666666667 0.03888888888888889
0 0.8739583333333333 0.10092592592592593 0.0625 0.05
0 0.378125 0.625 0.052083333333333336 0.04259259259259259
0 0.9494791666666667 0.7712962962962963 0.05520833333333333 0.03888888888888889
0 0.4322916666666667 0.4305555555555556 0.05416666666666667 0.03888888888888889
0 0.0921875 0.028703703703703703 0.05520833333333333 0.05
0 0.7619791666666667 0.8694444444444445 0.06354166666666666 0.04259259259259259
0 0.14479166666666668 0.9472222222222222 0.05625 0.04259259259259259
0 0.9348958333333334 0.2 0.04895833333333333 0.040740740740740744
0 0.8864583333333333 0.5324074074074074 0.06041666666666667 0.03888888888888889
0 0.5354166666666667 0.8851851851851852 0.0625 0.044444444444444446
0 0.7677083333333333 0.6314814814814815 0.06041666666666667 0.040740740740740744
0 0.37395833333333334 0.8203703703703704 0.052083333333333336 0.040740740740740744
0 0.11666666666666667 0.48055555555555557 0.05 0.03888888888888889
0 0.43645833333333334 0.5740740740740741 0.05416666666666667 0.040740740740740744
0 0.1203125 0.43425925925925923 0.057291666666666664 0.03888888888888889
0 0.3846354166666667 0.10833333333333334 0.058854166666666666 0.05740740740740741
0 0.7015625 0.29907407407407405 0.053125 0.03888888888888889
0 0.05677083333333333 0.4824074074074074 0.05520833333333333 0.03518518518518519
0 0.6041666666666666 0.6296296296296297 0.05625 0.040740740740740744
0 0.10677083333333333 0.8175925925925925 0.05520833333333333 0.03148148148148148
0 0.20677083333333332 0.8777777777777778 0.051041666666666666 0.044444444444444446
0 0.11197916666666667 0.6731481481481482 0.051041666666666666 0.03888888888888889
0 0.7635416666666667 0.8212962962962963 0.052083333333333336 0.03518518518518519
0 0.8833333333333333 0.575925925925926 0.052083333333333336 0.037037037037037035
0 0.8489583333333334 0.020370370370370372 0.06041666666666667 0.040740740740740744
0 0.0578125 0.43425925925925923 0.051041666666666666 0.03888888888888889
0 0.5395833333333333 0.48518518518518516 0.06458333333333334 0.040740740740740744
0 0.4348958333333333 0.3814814814814815 0.057291666666666664 0.037037037037037035
0 0.2677083333333333 0.43333333333333335 0.05 0.037037037037037035
0 0.7609375 0.24351851851851852 0.051041666666666666 0.03888888888888889
0 0.5390625 0.38333333333333336 0.057291666666666664 0.040740740740740744
0 0.11770833333333333 0.38425925925925924 0.04791666666666667 0.03888888888888889
0 0.3796875 0.33425925925925926 0.04895833333333333 0.03888888888888889
0 0.27239583333333334 0.8194444444444444 0.05520833333333333 0.03888888888888889
0 0.21770833333333334 0.6222222222222222 0.052083333333333336 0.037037037037037035
0 0.6015625 0.42685185185185187 0.059375 0.046296296296296294
0 0.11302083333333333 0.7212962962962963 0.03854166666666667 0.03518518518518519
0 0.5427083333333333 0.4324074074074074 0.052083333333333336 0.04259259259259259
0 0.06197916666666667 0.29259259259259257 0.051041666666666666 0.040740740740740744
0 0.5473958333333333 0.6296296296296297 0.051041666666666666 0.040740740740740744
0 0.22864583333333333 0.10925925925925926 0.058333333333333334 0.05555555555555555
0 0.8817708333333333 0.6277777777777778 0.057291666666666664 0.040740740740740744
0 0.696875 0.1962962962962963 0.05 0.05185185185185185
0 0.75625 0.487962962962963 0.05 0.04259259259259259
0 0.05520833333333333 0.6481481481481481 0.052083333333333336 0.037037037037037035
0 0.10677083333333333 0.7694444444444445 0.04895833333333333 0.03888888888888889
0 0.8885416666666667 0.7722222222222223 0.05416666666666667 0.037037037037037035
0 0.5408854166666667 0.33611111111111114 0.0609375 0.05185185185185185
0 0.2708333333333333 0.8712962962962963 0.05416666666666667 0.03888888888888889
0 0.9505208333333334 0.8212962962962963 0.06145833333333333 0.03888888888888889
0 0.8890625 0.8203703703703704 0.057291666666666664 0.040740740740740744
0 0.21354166666666666 0.8175925925925925 0.04791666666666667 0.03888888888888889
0 0.7010416666666667 0.4759259259259259 0.06458333333333334 0.05185185185185185
0 0.1203125 0.24444444444444444 0.04895833333333333 0.037037037037037035
0 0.26979166666666665 0.48055555555555557 0.05625 0.03888888888888889
0 0.4375 0.6287037037037037 0.05625 0.05
0 0.21614583333333334 0.7685185185185185 0.051041666666666666 0.037037037037037035
0 0.4348958333333333 0.48148148148148145 0.051041666666666666 0.040740740740740744
0 0.0515625 0.7675925925925926 0.053125 0.046296296296296294
0 0.42916666666666664 0.9851851851851852 0.05625 0.02962962962962963
0 0.21979166666666666 0.337037037037037 0.04791666666666667 0.040740740740740744
0 0.7052083333333333 0.6305555555555555 0.05416666666666667 0.03888888888888889
0 0.05 0.5805555555555556 0.05625 0.03888888888888889
0 0.94609375 0.7245370370370371 0.0640625 0.049074074074074076
0 0.06770833333333333 0.24814814814814815 0.04791666666666667 0.037037037037037035
0 0.4395833333333333 0.19166666666666668 0.058333333333333334 0.046296296296296294
0 0.3828125 0.19444444444444445 0.04895833333333333 0.04814814814814815
0 0.7645833333333333 0.7731481481481481 0.058333333333333334 0.04259259259259259
0 0.2203125 0.5268518518518519 0.04895833333333333 0.03888888888888889
0 0.7057291666666666 0.7759259259259259 0.051041666666666666 0.044444444444444446
0 0.6520833333333333 0.7138888888888889 0.03125 0.09074074074074075
0 0.21822916666666667 0.3851851851851852 0.05520833333333333 0.040740740740740744
0 0.3859375 0.24722222222222223 0.051041666666666666 0.03888888888888889
0 0.54296875 0.10787037037037037 0.058854166666666666 0.06388888888888888