0 0.11822916666666666 0.287962962962963 0.051041666666666666 0.04259259259259259
0 0.7052083333333333 0.23981481481481481 0.05416666666666667 0.04259259259259259
0 0.5932291666666667 0.23796296296296296 0.057291666666666664 0.046296296296296294
0 0.11197916666666667 0.337037037037037 0.057291666666666664 0.040740740740740744
0 0.9390625 0.575925925925926 0.05520833333333333 0.040740740740740744
0 0.875 0.2037037037037037 0.05625 0.040740740740740744
0 0.27395833333333336 0.28888888888888886 0.052083333333333336 0.040740740740740744
0 0.8791666666666667 0.34074074074074073 0.06041666666666667 0.040740740740740744
0 0.27447916666666666 0.24166666666666667 0.051041666666666666 0.03888888888888889
0 0.8786458333333333 0.2537037037037037 0.057291666666666664 0.040740740740740744
0 0.7635416666666667 0.18518518518518517 0.07916666666666666 0.05185185185185185
0 0.9427083333333334 0.6240740740740741 0.05416666666666667 0.040740740740740744
0 0.10572916666666667 0.8685185185185185 0.057291666666666664 0.040740740740740744
0 0.051041666666666666 0.7166666666666667 0.052083333333333336 0.03333333333333333
0 0.43072916666666666 0.28888888888888886 0.051041666666666666 0.040740740740740744
0 0.5981770833333333 0.5319444444444444 0.06197916666666667 0.049074074074074076
0 0.6 0.8287037037037037 0.05625 0.03888888888888889
0 0.9369791666666667 0.24814814814814815 0.051041666666666666 0.037037037037037035
0 0.4296875 0.7722222222222223 0.059375 0.037037037037037035
0 0.5416666666666666 0.7240740740740741 0.06458333333333334 0.040740740740740744
0 0.5994791666666667 0.5777777777777777 0.051041666666666666 0.044444444444444446
0 0.9427083333333334 0.3861111111111111 0.06666666666666667 0.03888888888888889
0 0.26927083333333335 0.37962962962962965 0.04895833333333333 0.040740740740740744
0 0.43072916666666666 0.7148148148148148 0.06770833333333333 0.040740740740740744
0 0.051041666666666666 0.5259259259259259 0.05416666666666667 0.037037037037037035
0 0.8875 0.48148148148148145 0.06875 0.037037037037037035
0 0.26979166666666665 0.3351851851851852 0.04791666666666667 0.037037037037037035
0 0.8796875 0.4287037037037037 0.057291666666666664 0.04259259259259259
0 0.37864583333333335 0.3861111111111111 0.051041666666666666 0.04259259259259259
0 0.7640625 0.5768518518518518 0.057291666666666664 0.04259259259259259
0 0.4046875 0.8796296296296297 0.09270833333333334 0.05185185185185185
0 0.7036458333333333 0.5509259259259259 0.06145833333333333 0.04259259259259259
0 0.7692708333333333 0.6805555555555556 0.06145833333333333 0.03518518518518519
0 0.9447916666666667 0.2916666666666667 0.05625 0.03888888888888889
0 0.5354166666666667 0.8222222222222222 0.06041666666666667 0.044444444444444446
0 0.9486979166666667 0.874537037037037 0.06614583333333333 0.049074074074074076
0 0.27395833333333336 0.6759259259259259 0.052083333333333336 0.040740740740740744
0 0.7078125 0.7222222222222222 0.053125 0.040740740740740744
0 0.4322916666666667 0.4305555555555556 0.05416666666666667 0.03888888888888889
0 0.10677083333333333 0.537962962962963 0.06770833333333333 0.046296296296296294
0 0.275 0.5740740740740741 0.05 0.040740740740740744
0 0.378125 0.625 0.052083333333333336 0.04259259259259259
0 0.05677083333333333 0.4824074074074074 0.05520833333333333 0.03518518518518519
0 0.11614583333333334 0.4787037037037037 0.04895833333333333 0.03888888888888889
0 0.5953125 0.7787037037037037 0.06145833333333333 0.04259259259259259
0 0.7614583333333333 0.3351851851851852 0.05416666666666667 0.040740740740740744
0 0.9494791666666667 0.7712962962962963 0.05520833333333333 0.03888888888888889
0 0.21875 0.5740740740740741 0.05 0.040740740740740744
0 0.9447916666666667 0.43425925925925923 0.06041666666666667 0.03888888888888889
0 0.76875 0.7222222222222222 0.05625 0.037037037037037035
0 0.7614583333333333 0.24351851851851852 0.05 0.03888888888888889
0 0.5416666666666666 0.43148148148148147 0.052083333333333336 0.040740740740740744
0 0.10729166666666666 0.8157407407407408 0.05416666666666667 0.03518518518518519
0 0.5473958333333333 0.6268518518518519 0.051041666666666666 0.04259259259259259
0 0.7635416666666667 0.8212962962962963 0.052083333333333336 0.03518518518518519
0 0.11197916666666667 0.6731481481481482 0.051041666666666666 0.03888888888888889
0 0.7015625 0.2972222222222222 0.053125 0.04259259259259259
0 0.9333333333333333 0.2 0.04791666666666667 0.040740740740740744
0 0.7677083333333333 0.6314814814814815 0.06041666666666667 0.040740740740740744
0 0.7635416666666667 0.38796296296296295 0.06458333333333334 0.046296296296296294
0 0.8752604166666667 0.10555555555555556 0.06302083333333333 0.05740740740740741
0 0.5411458333333333 0.48518518518518516 0.065625 0.040740740740740744
0 0.5354166666666667 0.8851851851851852 0.0625 0.044444444444444446
0 0.3734375 0.8203703703703704 0.053125 0.040740740740740744
0 0.8864583333333333 0.5324074074074074 0.06041666666666667 0.03888888888888889
0 0.20677083333333332 0.8759259259259259 0.051041666666666666 0.04814814814814815
0 0.21354166666666666 0.8185185185185185 0.04791666666666667 0.037037037037037035
0 0.7625 0.8675925925925926 0.0625 0.046296296296296294
0 0.2682291666666667 0.43333333333333335 0.04895833333333333 0.037037037037037035
0 0.43645833333333334 0.5740740740740741 0.05416666666666667 0.040740740740740744
0 0.1203125 0.43148148148148147 0.057291666666666664 0.037037037037037035
0 0.16822916666666668 0.03518518518518519 0.04895833333333333 0.040740740740740744
0 0.22916666666666666 0.1111111111111111 0.06041666666666667 0.05925925925925926
0 0.11979166666666667 0.3851851851851852 0.04583333333333333 0.037037037037037035
0 0.8828125 0.575925925925926 0.053125 0.037037037037037035
0 0.7453125 0.021296296296296296 0.06145833333333333 0.04259259259259259
0 0.6041666666666666 0.6296296296296297 0.05625 0.040740740740740744
0 0.4348958333333333 0.3824074074074074 0.057291666666666664 0.03888888888888889
0 0.8822916666666667 0.625 0.058333333333333334 0.03888888888888889
0 0.3841145833333333 0.10833333333333334 0.0578125 0.05740740740740741
0 0.5385416666666667 0.3851851851851852 0.058333333333333334 0.040740740740740744
0 0.0578125 0.4351851851851852 0.051041666666666666 0.037037037037037035
0 0.7557291666666667 0.487962962962963 0.051041666666666666 0.04259259259259259
0 0.44114583333333335 0.19166666666666668 0.057291666666666664 0.046296296296296294
0 0.2708333333333333 0.8175925925925925 0.05625 0.03518518518518519
0 0.06145833333333333 0.2935185185185185 0.052083333333333336 0.04259259259259259
0 0.3796875 0.33425925925925926 0.04895833333333333 0.03888888888888889
0 0.21770833333333334 0.6222222222222222 0.052083333333333336 0.037037037037037035
0 0.8875 0.025925925925925925 0.06875 0.044444444444444446
0 0.6015625 0.42777777777777776 0.059375 0.04814814814814815
0 0.6059895833333333 0.33564814814814814 0.07447916666666667 0.05092592592592592
0 0.21666666666666667 0.7685185185185185 0.05 0.037037037037037035
0 0.6994791666666667 0.1935185185185185 0.04791666666666667 0.05
0 0.10729166666666666 0.7675925925925926 0.04791666666666667 0.03518518518518519
0 0.1109375 0.7212962962962963 0.042708333333333334 0.03518518518518519
0 0.05520833333333333 0.6453703703703704 0.052083333333333336 0.03888888888888889
0 0.3854166666666667 0.2462962962962963 0.05 0.037037037037037035
0 0.05 0.5787037037037037 0.05625 0.03888888888888889
0 0.9505208333333334 0.8194444444444444 0.06145833333333333 0.03888888888888889
0 0.8885416666666667 0.7722222222222223 0.05416666666666667 0.037037037037037035
0 0.12239583333333333 0.24259259259259258 0.04895833333333333 0.037037037037037035
0 0.8880208333333334 0.8203703703703704 0.05520833333333333 0.040740740740740744
0 0.21927083333333333 0.33425925925925926 0.04895833333333333 0.03888888888888889
0 0.26979166666666665 0.8694444444444445 0.05416666666666667 0.03888888888888889
0 0.2703125 0.47962962962962963 0.05520833333333333 0.040740740740740744
0 0.4354166666666667 0.48148148148148145 0.05416666666666667 0.040740740740740744
0 0.7052083333333333 0.6305555555555555 0.05416666666666667 0.03888888888888889
0 0.0671875 0.24814814814814815 0.04895833333333333 0.037037037037037035
0 0.43723958333333335 0.6342592592592593 0.05364583333333333 0.05740740740740741
0 0.7036458333333333 0.4759259259259259 0.059375 0.04814814814814815
0 0.9432291666666667 0.7277777777777777 0.06875 0.05555555555555555
0 0.051041666666666666 0.7675925925925926 0.05416666666666667 0.046296296296296294
0 0.346875 0.9546296296296296 0.051041666666666666 0.05
0 0.21979166666666666 0.5277777777777778 0.04791666666666667 0.040740740740740744
0 0.7661458333333333 0.7731481481481481 0.059375 0.04259259259259259
0 0.70625 0.7759259259259259 0.05 0.044444444444444446
0 0.21927083333333333 0.3851851851851852 0.057291666666666664 0.040740740740740744
0 0.384375 0.1925925925925926 0.04791666666666667 0.04814814814814815
0 0.5424479166666667 0.10601851851851851 0.0578125 0.058333333333333334