0 0.8877604166666667 0.12407407407407407 0.8940104166666667 0.12685185185185185 0.89609375 0.13194444444444445 0.8997395833333334 0.19537037037037036 0.8979166666666667 0.23194444444444445 0.8953125 0.2388888888888889 0.8890625 0.2412037037037037 0.8768229166666667 0.24074074074074073 0.8716145833333333 0.23333333333333334 0.8700520833333333 0.22361111111111112 0.8708333333333333 0.175 0.86875 0.15138888888888888 0.8736979166666666 0.12824074074074074 0.8768229166666667 0.125 0.8875 0.12407407407407407
0 0.8125 0.10324074074074074 0.8177083333333334 0.10740740740740741 0.8216145833333334 0.11666666666666667 0.8244791666666667 0.14675925925925926 0.8244791666666667 0.17175925925925925 0.8216145833333334 0.19583333333333333 0.8182291666666667 0.2023148148148148 0.8127604166666667 0.20462962962962963 0.8002604166666667 0.20277777777777778 0.79609375 0.19537037037037036 0.7979166666666667 0.16898148148148148 0.7953125 0.13240740740740742 0.7963541666666667 0.1175925925925926 0.8015625 0.10555555555555556 0.8122395833333333 0.10324074074074074
0 0.6236979166666666 0.6847222222222222 0.63046875 0.6875 0.6338541666666667 0.6958333333333333 0.6361979166666667 0.7652777777777777 0.6333333333333333 0.8064814814814815 0.6302083333333334 0.812962962962963 0.621875 0.8148148148148148 0.6122395833333333 0.812962962962963 0.6072916666666667 0.8069444444444445 0.60546875 0.7958333333333333 0.60703125 0.7805555555555556 0.60546875 0.7611111111111111 0.6083333333333333 0.7375 0.6091145833333333 0.6949074074074074 0.6125 0.6875 0.6234375 0.6847222222222222
0 0.74296875 0.2550925925925926 0.74921875 0.262037037037037 0.75234375 0.2759259259259259 0.7544270833333333 0.3435185185185185 0.7526041666666666 0.3560185185185185 0.74296875 0.3592592592592593 0.7338541666666667 0.35833333333333334 0.7294270833333333 0.3523148148148148 0.7255208333333333 0.2763888888888889 0.7268229166666667 0.2662037037037037 0.73046875 0.25787037037037036 0.7427083333333333 0.2550925925925926
0 0.7013020833333333 0.25092592592592594 0.70859375 0.25416666666666665 0.71171875 0.2611111111111111 0.71171875 0.34629629629629627 0.7078125 0.3537037037037037 0.6994791666666667 0.3560185185185185 0.6908854166666667 0.3537037037037037 0.6880208333333333 0.3476851851851852 0.6859375 0.28055555555555556 0.68828125 0.25462962962962965 0.7010416666666667 0.25092592592592594
0 0.9645833333333333 0.12453703703703704 0.971875 0.12916666666666668 0.9747395833333333 0.13472222222222222 0.9765625 0.15787037037037038 0.9763020833333333 0.22407407407407406 0.9734375 0.2310185185185185 0.9671875 0.23564814814814813 0.9565104166666667 0.23425925925925925 0.9484375 0.22361111111111112 0.94765625 0.1638888888888889 0.9455729166666667 0.15416666666666667 0.9471354166666667 0.14027777777777778 0.9515625 0.1287037037037037 0.95625 0.12453703703703704 0.9643229166666667 0.12453703703703704
0 0.8518229166666667 0.1337962962962963 0.85703125 0.13657407407407407 0.8596354166666667 0.1439814814814815 0.86015625 0.21481481481481482 0.8565104166666667 0.22916666666666666 0.8453125 0.2337962962962963 0.83671875 0.23148148148148148 0.8333333333333334 0.22407407407407406 0.83359375 0.14212962962962963 0.8346354166666666 0.13703703703703704 0.8380208333333333 0.13425925925925927 0.8515625 0.1337962962962963
0 0.82109375 0.5523148148148148 0.8244791666666667 0.5601851851851852 0.8263020833333333 0.5773148148148148 0.8265625 0.6527777777777778 0.8244791666666667 0.6592592592592592 0.81484375 0.663425925925926 0.80390625 0.6611111111111111 0.7997395833333333 0.6541666666666667 0.7984375 0.5662037037037037 0.7997395833333333 0.5550925925925926 0.8028645833333333 0.5513888888888889 0.8208333333333333 0.5523148148148148
0 0.6809895833333334 0.4203703703703704 0.6921875 0.425 0.6947916666666667 0.4449074074074074 0.6950520833333333 0.5162037037037037 0.6921875 0.5277777777777778 0.6854166666666667 0.5324074074074074 0.6729166666666667 0.5291666666666667 0.66953125 0.5226851851851851 0.6684895833333333 0.5143518518518518 0.6684895833333333 0.43333333333333335 0.671875 0.42268518518518516 0.6807291666666667 0.4203703703703704
0 0.8604166666666667 0.6925925925925925 0.8661458333333333 0.6939814814814815 0.8708333333333333 0.7018518518518518 0.87421875 0.7402777777777778 0.8739583333333333 0.8050925925925926 0.87109375 0.8111111111111111 0.86484375 0.8134259259259259 0.8497395833333333 0.8101851851851852 0.8440104166666667 0.7912037037037037 0.8455729166666667 0.75 0.8450520833333334 0.7314814814814815 0.8427083333333333 0.7194444444444444 0.8434895833333333 0.7055555555555556 0.8450520833333334 0.6990740740740741 0.8486979166666667 0.6949074074074074 0.86015625 0.6925925925925925
0 0.8986979166666667 0.2569444444444444 0.9080729166666667 0.26435185185185184 0.9151041666666667 0.3 0.9130208333333333 0.3125 0.9135416666666667 0.3587962962962963 0.9109375 0.36574074074074076 0.9020833333333333 0.3699074074074074 0.8869791666666667 0.36666666666666664 0.8817708333333333 0.3560185185185185 0.8841145833333334 0.3384259259259259 0.8841145833333334 0.32083333333333336 0.88203125 0.29305555555555557 0.8791666666666667 0.287962962962963 0.8799479166666667 0.2791666666666667 0.8861979166666667 0.26064814814814813 0.8984375 0.2569444444444444
0 0.5903645833333333 0.24212962962962964 0.5971354166666667 0.24351851851851852 0.6002604166666666 0.24861111111111112 0.60234375 0.31203703703703706 0.6015625 0.35509259259259257 0.59921875 0.3625 0.5921875 0.3680555555555556 0.5791666666666667 0.36666666666666664 0.57578125 0.3625 0.5736979166666667 0.35324074074074074 0.5752604166666667 0.25462962962962965 0.57890625 0.24444444444444444 0.5901041666666667 0.24212962962962964
0 0.6276041666666666 0.5439814814814815 0.6322916666666667 0.5541666666666667 0.6359375 0.6430555555555556 0.6338541666666667 0.6541666666666667 0.6265625 0.6615740740740741 0.6135416666666667 0.6606481481481481 0.60859375 0.6546296296296297 0.6046875 0.5666666666666667 0.6072916666666667 0.5462962962962963 0.61640625 0.5425925925925926 0.62734375 0.5439814814814815
0 0.66875 0.12314814814814815 0.6734375 0.12638888888888888 0.6755208333333333 0.13425925925925927 0.67578125 0.22361111111111112 0.6723958333333333 0.2300925925925926 0.6622395833333333 0.23703703703703705 0.6526041666666667 0.23472222222222222 0.6471354166666666 0.2263888888888889 0.64765625 0.1814814814814815 0.65 0.14027777777777778 0.6528645833333333 0.12685185185185185 0.6572916666666667 0.12268518518518519 0.6684895833333333 0.12314814814814815
0 0.7770833333333333 0.5513888888888889 0.7846354166666667 0.5537037037037037 0.7888020833333333 0.5615740740740741 0.790625 0.5773148148148148 0.7919270833333333 0.6407407407407407 0.7888020833333333 0.6550925925925926 0.7765625 0.6597222222222222 0.7690104166666667 0.6564814814814814 0.765625 0.6472222222222223 0.7630208333333334 0.5675925925925925 0.7653645833333333 0.5564814814814815 0.7768229166666667 0.5513888888888889
0 0.9333333333333333 0.5509259259259259 0.9411458333333333 0.5541666666666667 0.94609375 0.5648148148148148 0.9489583333333333 0.6046296296296296 0.94921875 0.6615740740740741 0.94609375 0.6726851851851852 0.9393229166666667 0.6759259259259259 0.9294270833333333 0.6754629629629629 0.9234375 0.6699074074074074 0.9203125 0.6578703703703703 0.9184895833333333 0.6342592592592593 0.9171875 0.5625 0.9229166666666667 0.5527777777777778 0.9330729166666667 0.5509259259259259
0 0.58515625 0.6907407407407408 0.59375 0.6958333333333333 0.596875 0.711574074074074 0.5940104166666667 0.7328703703703704 0.5953125 0.7449074074074075 0.5932291666666667 0.8083333333333333 0.5890625 0.8171296296296297 0.5817708333333333 0.8203703703703704 0.5708333333333333 0.8171296296296297 0.5671875 0.8101851851851852 0.5666666666666667 0.7962962962962963 0.5674479166666667 0.7675925925925926 0.5697916666666667 0.7527777777777778 0.57109375 0.6962962962962963 0.5747395833333333 0.6916666666666667 0.5848958333333333 0.6907407407407408
0 0.70078125 0.6837962962962963 0.7091145833333333 0.6884259259259259 0.7127604166666667 0.6990740740740741 0.7114583333333333 0.7949074074074074 0.71015625 0.8004629629629629 0.70546875 0.8027777777777778 0.68828125 0.8013888888888889 0.6825520833333333 0.7925925925925926 0.6854166666666667 0.6949074074074074 0.6903645833333333 0.6847222222222222 0.7005208333333334 0.6837962962962963
0 0.7401041666666667 0.6949074074074074 0.74453125 0.6981481481481482 0.7471354166666667 0.7069444444444445 0.75078125 0.7712962962962963 0.7494791666666667 0.7875 0.7411458333333333 0.7921296296296296 0.728125 0.7916666666666666 0.725 0.7856481481481481 0.7203125 0.7134259259259259 0.7203125 0.7060185185185185 0.7231770833333333 0.6981481481481482 0.7309895833333333 0.6944444444444444 0.73984375 0.6949074074074074
0 0.5458333333333333 0.6777777777777778 0.5515625 0.6819444444444445 0.5546875 0.6935185185185185 0.5544270833333333 0.7773148148148148 0.55234375 0.7893518518518519 0.54375 0.7967592592592593 0.5325520833333334 0.7935185185185185 0.5286458333333334 0.7847222222222222 0.5270833333333333 0.6986111111111111 0.5283854166666667 0.6865740740740741 0.5322916666666667 0.6800925925925926 0.5455729166666666 0.6777777777777778
0 0.6614583333333334 0.2652777777777778 0.6682291666666667 0.2671296296296296 0.6713541666666667 0.2712962962962963 0.6736979166666667 0.29305555555555557 0.6716145833333333 0.34629629629629627 0.6690104166666667 0.35185185185185186 0.6638020833333333 0.3537037037037037 0.6502604166666667 0.3527777777777778 0.6473958333333333 0.3476851851851852 0.6484375 0.27546296296296297 0.6515625 0.2675925925925926 0.6611979166666667 0.2652777777777778
0 0.7768229166666667 0.11851851851851852 0.7809895833333333 0.11990740740740741 0.7838541666666666 0.12546296296296297 0.7872395833333333 0.18564814814814815 0.7848958333333333 0.21296296296296297 0.7825520833333334 0.21851851851851853 0.77578125 0.22314814814814815 0.7669270833333334 0.22083333333333333 0.759375 0.20925925925925926 0.7572916666666667 0.13518518518518519 0.76171875 0.12129629629629629 0.7765625 0.11851851851851852
0 0.5455729166666666 0.5351851851851852 0.5567708333333333 0.537962962962963 0.5598958333333334 0.5435185185185185 0.5583333333333333 0.5967592592592592 0.56015625 0.6300925925925925 0.5572916666666666 0.6486111111111111 0.5502604166666667 0.6541666666666667 0.5364583333333334 0.6513888888888889 0.5330729166666667 0.6467592592592593 0.53203125 0.6402777777777777 0.53515625 0.5412037037037037 0.53671875 0.5370370370370371 0.5453125 0.5351851851851852
0 0.80078125 0.40370370370370373 0.8377604166666667 0.4111111111111111 0.8419270833333333 0.41435185185185186 0.84375 0.4305555555555556 0.8424479166666666 0.45046296296296295 0.8390625 0.4550925925925926 0.8317708333333333 0.45740740740740743 0.7848958333333333 0.45185185185185184 0.7768229166666667 0.44675925925925924 0.77265625 0.4287037037037037 0.7760416666666666 0.4101851851851852 0.78359375 0.4041666666666667 0.8005208333333333 0.40370370370370373
0 0.6283854166666667 0.23796296296296296 0.6356770833333333 0.2412037037037037 0.6388020833333333 0.25092592592592594 0.6390625 0.2814814814814815 0.6372395833333333 0.3 0.6401041666666667 0.324537037037037 0.6369791666666667 0.3458333333333333 0.6247395833333333 0.350462962962963 0.6140625 0.3486111111111111 0.6114583333333333 0.3416666666666667 0.6119791666666666 0.2513888888888889 0.6130208333333333 0.24537037037037038 0.6171875 0.24027777777777778 0.628125 0.23796296296296296
0 0.8979166666666667 0.5615740740740741 0.9049479166666666 0.5662037037037037 0.90703125 0.5731481481481482 0.90859375 0.6550925925925926 0.9041666666666667 0.6666666666666666 0.8958333333333334 0.6703703703703704 0.8833333333333333 0.6689814814814815 0.8807291666666667 0.663425925925926 0.8799479166666667 0.5722222222222222 0.8833333333333333 0.562962962962963 0.89765625 0.5615740740740741
0 0.44609375 0.4546296296296296 0.44947916666666665 0.4615740740740741 0.45 0.475462962962963 0.4466145833333333 0.5027777777777778 0.41484375 0.5185185185185185 0.40911458333333334 0.5120370370370371 0.4046875 0.49212962962962964 0.40625 0.4810185185185185 0.41119791666666666 0.4736111111111111 0.44583333333333336 0.4550925925925926
0 0.6611979166666667 0.9777777777777777 0.67109375 0.9861111111111112 0.67421875 0.9939814814814815 0.67421875 0.999537037037037 0.6458333333333334 0.999537037037037 0.6502604166666667 0.9805555555555555 0.6609375 0.9777777777777777
0 0.85234375 0.24768518518518517 0.8596354166666667 0.25324074074074077 0.86328125 0.26342592592592595 0.8671875 0.33611111111111114 0.8638020833333333 0.3523148148148148 0.8510416666666667 0.35509259259259257 0.8442708333333333 0.3541666666666667 0.8403645833333333 0.3476851851851852 0.83515625 0.26481481481481484 0.8361979166666667 0.25833333333333336 0.8403645833333333 0.2513888888888889 0.8520833333333333 0.24768518518518517
0 0.77890625 0.23564814814814813 0.7885416666666667 0.24444444444444444 0.7908854166666667 0.2518518518518518 0.79140625 0.26805555555555555 0.7908854166666667 0.3351851851851852 0.7875 0.3453703703703704 0.7802083333333333 0.34814814814814815 0.7690104166666667 0.3449074074074074 0.7653645833333333 0.3388888888888889 0.76328125 0.26944444444444443 0.76484375 0.24444444444444444 0.7721354166666666 0.2361111111111111 0.7786458333333334 0.23564814814814813
0 0.7377604166666667 0.537962962962963 0.7486979166666666 0.5416666666666666 0.75078125 0.5467592592592593 0.7520833333333333 0.6023148148148149 0.75078125 0.6305555555555555 0.7484375 0.6402777777777777 0.7434895833333334 0.6439814814814815 0.73359375 0.6444444444444445 0.7276041666666667 0.6407407407407407 0.7260416666666667 0.6361111111111111 0.7263020833333333 0.5462962962962963 0.7294270833333333 0.5402777777777777 0.7375 0.538425925925926
0 0.6276041666666666 0.10462962962962963 0.6354166666666666 0.1125 0.6380208333333334 0.16018518518518518 0.6372395833333333 0.20416666666666666 0.63359375 0.21388888888888888 0.6265625 0.21805555555555556 0.6177083333333333 0.2175925925925926 0.6127604166666667 0.21388888888888888 0.61015625 0.2023148148148148 0.6119791666666666 0.11527777777777778 0.61953125 0.1050925925925926 0.62734375 0.10462962962962963
0 0.9643229166666667 0.24953703703703703 0.9716145833333333 0.25324074074074077 0.97578125 0.262037037037037 0.9776041666666667 0.325 0.9747395833333333 0.3560185185185185 0.9640625 0.362962962962963 0.95234375 0.3587962962962963 0.9447916666666667 0.3439814814814815 0.9471354166666667 0.30648148148148147 0.94609375 0.2662037037037037 0.95234375 0.2523148148148148 0.9640625 0.24953703703703703
0 0.85546875 0.5537037037037037 0.865625 0.5569444444444445 0.8697916666666666 0.5648148148148148 0.86640625 0.6615740740740741 0.8627604166666667 0.6731481481481482 0.8557291666666667 0.6773148148148148 0.8421875 0.6722222222222223 0.8388020833333333 0.6574074074074074 0.8408854166666667 0.6337962962962963 0.8416666666666667 0.5819444444444445 0.84375 0.5666666666666667 0.8486979166666667 0.5546296296296296 0.8552083333333333 0.5537037037037037
0 0.59453125 0.12175925925925926 0.59921875 0.12546296296296297 0.6005208333333333 0.13472222222222222 0.5994791666666667 0.21805555555555556 0.5932291666666667 0.23055555555555557 0.5856770833333333 0.23333333333333334 0.5776041666666667 0.22916666666666666 0.5729166666666666 0.21712962962962962 0.5752604166666667 0.12962962962962962 0.57734375 0.12361111111111112 0.5809895833333333 0.12129629629629629 0.5942708333333333 0.12175925925925926
0 0.66875 0.6976851851851852 0.6729166666666667 0.7 0.6744791666666666 0.7092592592592593 0.6731770833333334 0.7898148148148149 0.6692708333333334 0.8060185185185185 0.6622395833333333 0.8111111111111111 0.65078125 0.8087962962962963 0.6466145833333333 0.8032407407407407 0.6471354166666666 0.711574074074074 0.6510416666666666 0.6981481481481482 0.6684895833333333 0.6976851851851852
0 0.26510416666666664 0 0.28619791666666666 0 0.2875 0.004629629629629629 0.28203125 0.046296296296296294 0.2755208333333333 0.049074074074074076 0.26458333333333334 0.04398148148148148 0.259375 0.03611111111111111 0.2596354166666667 0.024537037037037038 0.26510416666666664 0.000462962962962963
0 0.7065104166666667 0.5569444444444445 0.7122395833333334 0.5601851851851852 0.7145833333333333 0.5671296296296297 0.715625 0.6138888888888889 0.71328125 0.6259259259259259 0.6958333333333333 0.6259259259259259 0.6927083333333334 0.625 0.69140625 0.6208333333333333 0.6911458333333333 0.5638888888888889 0.69609375 0.5578703703703703 0.70625 0.5569444444444445
0 0.7807291666666667 0.6828703703703703 0.7875 0.6861111111111111 0.7908854166666667 0.6958333333333333 0.7934895833333333 0.7689814814814815 0.7934895833333333 0.7833333333333333 0.7901041666666667 0.8004629629629629 0.7817708333333333 0.8064814814814815 0.76875 0.8009259259259259 0.765625 0.7930555555555555 0.76640625 0.775 0.76328125 0.7212962962962963 0.7653645833333333 0.687962962962963 0.7692708333333333 0.6842592592592592 0.78046875 0.6828703703703703
0 0.7057291666666666 0.12453703703703704 0.7109375 0.12962962962962962 0.71171875 0.1361111111111111 0.7111979166666667 0.2101851851851852 0.7065104166666667 0.21944444444444444 0.6984375 0.2212962962962963 0.6890625 0.21898148148148147 0.6859375 0.20972222222222223 0.6864583333333333 0.13287037037037036 0.6885416666666667 0.12731481481481483 0.69296875 0.12453703703703704 0.70546875 0.12453703703703704
0 0.815625 0.23796296296296296 0.82109375 0.24074074074074073 0.8244791666666667 0.2537037037037037 0.8260416666666667 0.29259259259259257 0.8255208333333334 0.32083333333333336 0.82265625 0.325 0.815625 0.32685185185185184 0.8067708333333333 0.3263888888888889 0.8018229166666667 0.32083333333333336 0.8 0.26157407407407407 0.8002604166666667 0.24814814814814815 0.8033854166666666 0.24074074074074073 0.8153645833333333 0.23796296296296296
0 0.815625 0.6888888888888889 0.8263020833333333 0.6962962962962963 0.8278645833333333 0.7412037037037037 0.8260416666666667 0.7907407407407407 0.8213541666666667 0.7976851851851852 0.8161458333333333 0.8 0.8036458333333333 0.7949074074074074 0.8 0.7828703703703703 0.7994791666666666 0.7439814814814815 0.8010416666666667 0.7333333333333333 0.7984375 0.7069444444444445 0.7994791666666666 0.6962962962962963 0.8020833333333334 0.6916666666666667 0.8153645833333333 0.6888888888888889