0 0.88671875 0.125 0.89375 0.12824074074074074 0.8953125 0.13287037037037036 0.8989583333333333 0.20046296296296295 0.8958333333333334 0.23703703703703705 0.8841145833333334 0.24212962962962964 0.8747395833333333 0.24027777777777778 0.8700520833333333 0.2273148148148148 0.8705729166666667 0.19583333333333333 0.8682291666666667 0.1574074074074074 0.871875 0.13055555555555556 0.8765625 0.1259259259259259 0.8864583333333333 0.125
0 0.5401041666666667 0.6768518518518518 0.5515625 0.6819444444444445 0.5546875 0.6953703703703704 0.55546875 0.7671296296296296 0.5541666666666667 0.7828703703703703 0.5505208333333333 0.7921296296296296 0.5434895833333333 0.7962962962962963 0.5330729166666667 0.7944444444444444 0.52890625 0.7888888888888889 0.5265625 0.7550925925925925 0.5270833333333333 0.6884259259259259 0.53125 0.6800925925925926 0.53984375 0.6768518518518518
0 0.81328125 0.10462962962962963 0.8190104166666666 0.1125 0.8208333333333333 0.11944444444444445 0.8231770833333333 0.1574074074074074 0.8213541666666667 0.19583333333333333 0.81796875 0.20277777777777778 0.8109375 0.20601851851851852 0.8002604166666667 0.2037037037037037 0.7955729166666666 0.19583333333333333 0.7971354166666667 0.16620370370370371 0.79375 0.12638888888888888 0.8005208333333333 0.10694444444444444 0.8130208333333333 0.10462962962962963
0 0.6265625 0.6851851851851852 0.63046875 0.687962962962963 0.6330729166666667 0.6953703703703704 0.6361979166666667 0.7662037037037037 0.6325520833333333 0.8069444444444445 0.6299479166666667 0.8125 0.6200520833333333 0.8148148148148148 0.6088541666666667 0.8111111111111111 0.6052083333333333 0.8009259259259259 0.6067708333333334 0.7796296296296297 0.6067708333333334 0.7199074074074074 0.6083333333333333 0.6981481481481482 0.6106770833333334 0.6898148148148148 0.6158854166666666 0.6856481481481481 0.6263020833333334 0.6851851851851852
0 0.7794270833333333 0.5518518518518518 0.78671875 0.5569444444444445 0.7877604166666666 0.5606481481481481 0.78984375 0.5814814814814815 0.7908854166666667 0.6333333333333333 0.7888020833333333 0.6537037037037037 0.7796875 0.6592592592592592 0.76953125 0.6578703703703703 0.7651041666666667 0.65 0.7619791666666667 0.5884259259259259 0.7619791666666667 0.5666666666666667 0.7638020833333333 0.5578703703703703 0.76875 0.5532407407407407 0.7791666666666667 0.5518518518518518
0 0.7416666666666667 0.25555555555555554 0.7481770833333333 0.2611111111111111 0.7510416666666667 0.27175925925925926 0.7536458333333333 0.34444444444444444 0.7515625 0.35648148148148145 0.7419270833333333 0.36018518518518516 0.7341145833333333 0.3597222222222222 0.728125 0.3523148148148148 0.7265625 0.29259259259259257 0.7244791666666667 0.2796296296296296 0.7247395833333333 0.27175925925925926 0.7299479166666667 0.2587962962962963 0.74140625 0.25555555555555554
0 0.6997395833333333 0.2513888888888889 0.7065104166666667 0.2537037037037037 0.7104166666666667 0.25925925925925924 0.71171875 0.2814814814814815 0.7111979166666667 0.34953703703703703 0.7065104166666667 0.3560185185185185 0.70078125 0.35694444444444445 0.6924479166666667 0.3560185185185185 0.6872395833333333 0.3490740740740741 0.68515625 0.2759259259259259 0.6880208333333333 0.25462962962962965 0.6994791666666667 0.2513888888888889
0 0.96015625 0.12453703703703704 0.9713541666666666 0.1310185185185185 0.975 0.1439814814814815 0.9752604166666666 0.22453703703703703 0.9708333333333333 0.23333333333333334 0.9643229166666667 0.2361111111111111 0.95234375 0.23194444444444445 0.9484375 0.225 0.9473958333333333 0.2175925925925926 0.94609375 0.14305555555555555 0.9497395833333333 0.13055555555555556 0.9598958333333333 0.12453703703703704
0 0.8484375 0.13472222222222222 0.8559895833333333 0.13703703703703704 0.8591145833333333 0.14351851851851852 0.859375 0.2 0.8578125 0.22407407407407406 0.8528645833333334 0.2324074074074074 0.84609375 0.23425925925925925 0.83515625 0.23148148148148148 0.8322916666666667 0.22453703703703703 0.8325520833333333 0.1439814814814815 0.8346354166666666 0.13657407407407407 0.8481770833333333 0.13472222222222222
0 0.8565104166666667 0.6921296296296297 0.8671875 0.6972222222222222 0.8716145833333333 0.7148148148148148 0.8731770833333333 0.8037037037037037 0.8700520833333333 0.8106481481481481 0.8643229166666667 0.812962962962963 0.8484375 0.8097222222222222 0.8440104166666667 0.7912037037037037 0.84453125 0.7388888888888889 0.8419270833333333 0.7222222222222222 0.8419270833333333 0.7087962962962963 0.84765625 0.6953703703703704 0.85625 0.6921296296296297
0 0.9299479166666667 0.4097222222222222 0.9494791666666667 0.4222222222222222 0.9796875 0.45185185185185184 0.9809895833333333 0.46111111111111114 0.9783854166666667 0.4773148148148148 0.9716145833333333 0.48842592592592593 0.9674479166666666 0.49027777777777776 0.9385416666666667 0.4703703703703704 0.9161458333333333 0.44907407407407407 0.9153645833333334 0.4356481481481482 0.91796875 0.42268518518518516 0.9239583333333333 0.4115740740740741 0.9296875 0.4097222222222222
0 0.54765625 0.5356481481481481 0.5580729166666667 0.5388888888888889 0.5596354166666667 0.5439814814814815 0.5583333333333333 0.6370370370370371 0.5559895833333334 0.6504629629629629 0.5494791666666666 0.6541666666666667 0.53515625 0.6509259259259259 0.5317708333333333 0.6416666666666667 0.534375 0.5995370370370371 0.5348958333333333 0.5393518518518519 0.5388020833333333 0.5361111111111111 0.5473958333333333 0.5356481481481481
0 0.6268229166666667 0.10555555555555556 0.6346354166666667 0.11296296296296296 0.6380208333333334 0.15833333333333333 0.6359375 0.20694444444444443 0.6325520833333333 0.21481481481481482 0.6255208333333333 0.21898148148148147 0.6127604166666667 0.21481481481481482 0.61015625 0.20277777777777778 0.6109375 0.11898148148148148 0.6125 0.1125 0.61640625 0.10787037037037037 0.6265625 0.10555555555555556
0 0.6231770833333333 0.5425925925925926 0.6296875 0.5467592592592593 0.6317708333333333 0.5546296296296296 0.6348958333333333 0.6342592592592593 0.6341145833333334 0.6513888888888889 0.63046875 0.6583333333333333 0.6247395833333333 0.6615740740740741 0.6127604166666667 0.6606481481481481 0.6078125 0.6537037037037037 0.6044270833333333 0.5768518518518518 0.6059895833333333 0.5481481481481482 0.6125 0.5430555555555555 0.6229166666666667 0.5425925925925926
0 0.8986979166666667 0.5625 0.9046875 0.5671296296296297 0.9057291666666667 0.5708333333333333 0.9078125 0.6476851851851851 0.90546875 0.662962962962963 0.90078125 0.6694444444444444 0.8947916666666667 0.6708333333333333 0.8830729166666667 0.6689814814814815 0.8796875 0.6615740740740741 0.87890625 0.5708333333333333 0.8796875 0.5657407407407408 0.8830729166666667 0.5625 0.8984375 0.5625
0 0.6669270833333333 0.12361111111111112 0.6729166666666667 0.12824074074074074 0.6747395833333333 0.13842592592592592 0.6752604166666667 0.2111111111111111 0.6736979166666667 0.22685185185185186 0.66171875 0.23842592592592593 0.6505208333333333 0.2351851851851852 0.6471354166666666 0.22962962962962963 0.6458333333333334 0.2222222222222222 0.6466145833333333 0.17777777777777778 0.6510416666666666 0.13055555555555556 0.6546875 0.12453703703703704 0.6666666666666666 0.12361111111111112
0 0.5901041666666667 0.12175925925925926 0.5966145833333333 0.12407407407407407 0.5997395833333333 0.1300925925925926 0.5994791666666667 0.21712962962962962 0.59609375 0.22777777777777777 0.5854166666666667 0.23472222222222222 0.5778645833333333 0.2310185185185185 0.5723958333333333 0.2199074074074074 0.5744791666666667 0.13148148148148148 0.5778645833333333 0.12361111111111112 0.58984375 0.12175925925925926
0 0.8598958333333333 0.5550925925925926 0.8666666666666667 0.5583333333333333 0.8684895833333334 0.5634259259259259 0.8682291666666667 0.6263888888888889 0.8653645833333333 0.6648148148148149 0.8625 0.6726851851851852 0.8578125 0.6768518518518518 0.84140625 0.6726851851851852 0.83828125 0.6648148148148149 0.8377604166666667 0.6527777777777778 0.8419270833333333 0.5717592592592593 0.8473958333333333 0.5555555555555556 0.8596354166666667 0.5550925925925926
0 0.5953125 0.24444444444444444 0.6 0.25046296296296294 0.6010416666666667 0.2777777777777778 0.5997395833333333 0.29305555555555557 0.6020833333333333 0.3023148148148148 0.60234375 0.3282407407407407 0.6005208333333333 0.3578703703703704 0.5984375 0.362962962962963 0.5919270833333333 0.3685185185185185 0.58046875 0.3680555555555556 0.5739583333333333 0.3597222222222222 0.5729166666666666 0.3138888888888889 0.5755208333333334 0.2513888888888889 0.5778645833333333 0.24583333333333332 0.58125 0.2439814814814815 0.5950520833333334 0.24444444444444444
0 0.5869791666666667 0.6912037037037037 0.5934895833333333 0.6953703703703704 0.59609375 0.7046296296296296 0.5966145833333333 0.7166666666666667 0.5924479166666666 0.763425925925926 0.5942708333333333 0.7833333333333333 0.59140625 0.8106481481481481 0.5885416666666666 0.8166666666666667 0.5815104166666667 0.8194444444444444 0.5716145833333334 0.8175925925925925 0.5669270833333333 0.8111111111111111 0.56640625 0.7643518518518518 0.5690104166666666 0.7430555555555556 0.56875 0.7134259259259259 0.5708333333333333 0.6962962962962963 0.575 0.6912037037037037 0.58671875 0.6912037037037037
0 0.7049479166666667 0.5574074074074075 0.7122395833333334 0.5611111111111111 0.7145833333333333 0.5810185185185185 0.71484375 0.6194444444444445 0.71328125 0.624537037037037 0.70859375 0.625462962962963 0.6924479166666667 0.625 0.690625 0.6199074074074075 0.6919270833333333 0.6027777777777777 0.690625 0.5638888888888889 0.6927083333333334 0.5592592592592592 0.7046875 0.5574074074074075
0 0.7028645833333333 0.6842592592592592 0.7106770833333333 0.6925925925925925 0.7125 0.7055555555555556 0.7106770833333333 0.7935185185185185 0.7088541666666667 0.8004629629629629 0.70390625 0.8027777777777778 0.6872395833333333 0.8009259259259259 0.6817708333333333 0.7912037037037037 0.68515625 0.6916666666666667 0.6901041666666666 0.6842592592592592 0.7026041666666667 0.6842592592592592
0 0.7385416666666667 0.6944444444444444 0.7427083333333333 0.6967592592592593 0.74609375 0.7060185185185185 0.7497395833333333 0.7824074074074074 0.7450520833333333 0.7907407407407407 0.7380208333333333 0.7921296296296296 0.7276041666666667 0.7916666666666666 0.72421875 0.7865740740740741 0.7223958333333333 0.75 0.7192708333333333 0.7282407407407407 0.7192708333333333 0.7097222222222223 0.7203125 0.7013888888888888 0.7236979166666667 0.6967592592592593 0.73828125 0.6944444444444444
0 0.6294270833333333 0.23935185185185184 0.6354166666666666 0.24351851851851852 0.63828125 0.2518518518518518 0.6369791666666667 0.2935185185185185 0.6390625 0.3263888888888889 0.6369791666666667 0.3458333333333333 0.628125 0.35138888888888886 0.61640625 0.35 0.6122395833333333 0.34444444444444444 0.6106770833333334 0.2759259259259259 0.6127604166666667 0.2449074074074074 0.6192708333333333 0.23935185185185184 0.6291666666666667 0.23935185185185184
0 0.9947916666666666 0.17175925925925925 0.9903645833333333 0.08703703703703704 0.9927083333333333 0.07731481481481481 0.9979166666666667 0.07222222222222222 0.9997395833333333 0.07222222222222222 0.9997395833333333 0.09398148148148149 0.9979166666666667 0.09444444444444444 0.9979166666666667 0.09861111111111111 0.9997395833333333 0.09907407407407408 0.9997395833333333 0.17314814814814813 0.9950520833333333 0.17175925925925925
0 0.6638020833333333 0.26666666666666666 0.6697916666666667 0.27037037037037037 0.6721354166666667 0.27870370370370373 0.67109375 0.3435185185185185 0.6684895833333333 0.3523148148148148 0.6591145833333333 0.3541666666666667 0.64921875 0.3527777777777778 0.6466145833333333 0.3476851851851852 0.6471354166666666 0.2824074074074074 0.6502604166666667 0.26851851851851855 0.6635416666666667 0.26666666666666666
0 0.7703125 0.11944444444444445 0.7833333333333333 0.125 0.7861979166666667 0.17083333333333334 0.78515625 0.20972222222222223 0.7809895833333333 0.22037037037037038 0.7729166666666667 0.22407407407407406 0.76328125 0.22083333333333333 0.7625 0.21342592592592594 0.7580729166666667 0.2101851851851852 0.75703125 0.1337962962962963 0.7609375 0.12222222222222222 0.7700520833333333 0.11944444444444445
0 0.8002604166666667 0.4041666666666667 0.840625 0.41435185185185186 0.8427083333333333 0.42685185185185187 0.8419270833333333 0.449537037037037 0.8390625 0.4550925925925926 0.8328125 0.4583333333333333 0.7861979166666667 0.4527777777777778 0.77578125 0.44675925925925924 0.77265625 0.4361111111111111 0.7723958333333333 0.4236111111111111 0.7763020833333333 0.40925925925925927 0.7846354166666667 0.4041666666666667 0.8 0.4041666666666667
0 0.9322916666666666 0.5509259259259259 0.9390625 0.5532407407407407 0.9432291666666667 0.5592592592592592 0.9463541666666667 0.5740740740740741 0.94765625 0.5995370370370371 0.9481770833333333 0.6615740740740741 0.94453125 0.6726851851851852 0.9372395833333333 0.6759259259259259 0.9252604166666667 0.6736111111111112 0.9216145833333333 0.6685185185185185 0.9182291666666667 0.6458333333333334 0.9169270833333333 0.6175925925925926 0.9166666666666666 0.5606481481481481 0.921875 0.5532407407407407 0.93203125 0.5509259259259259
0 0.36770833333333336 0.9171296296296296 0.3731770833333333 0.9217592592592593 0.37552083333333336 0.9351851851851852 0.37473958333333335 0.999537037037037 0.3515625 0.999537037037037 0.3494791666666667 0.9944444444444445 0.34765625 0.9634259259259259 0.35 0.9254629629629629 0.35572916666666665 0.9171296296296296 0.36744791666666665 0.9171296296296296
0 0.6651041666666667 0.9888888888888889 0.6682291666666667 0.9912037037037037 0.6716145833333333 0.999537037037037 0.6466145833333333 0.999537037037037 0.6484375 0.9935185185185185 0.6546875 0.9879629629629629 0.66484375 0.9888888888888889
0 0.8520833333333333 0.24861111111111112 0.8591145833333333 0.25462962962962965 0.8622395833333333 0.26435185185185184 0.8661458333333333 0.3384259259259259 0.8635416666666667 0.3523148148148148 0.8502604166666666 0.35555555555555557 0.8419270833333333 0.3537037037037037 0.8395833333333333 0.3472222222222222 0.834375 0.2689814814814815 0.8348958333333333 0.25972222222222224 0.8380208333333333 0.25324074074074077 0.8518229166666667 0.24861111111111112
0 0.7763020833333333 0.2361111111111111 0.7864583333333334 0.24259259259259258 0.7901041666666667 0.2569444444444444 0.78984375 0.3365740740740741 0.7869791666666667 0.34444444444444444 0.78046875 0.3476851851851852 0.7677083333333333 0.3453703703703704 0.76484375 0.34074074074074073 0.7635416666666667 0.3300925925925926 0.7630208333333334 0.25092592592592594 0.7677083333333333 0.23981481481481481 0.7760416666666666 0.2361111111111111
0 0.73984375 0.538425925925926 0.7473958333333334 0.5416666666666666 0.7502604166666667 0.5476851851851852 0.75 0.5935185185185186 0.7515625 0.6050925925925926 0.7494791666666667 0.6356481481481482 0.746875 0.6407407407407407 0.7408854166666666 0.6444444444444445 0.7307291666666667 0.6435185185185185 0.7255208333333333 0.6375 0.72578125 0.6097222222222223 0.72421875 0.5990740740740741 0.7263020833333333 0.5430555555555555 0.7395833333333334 0.538425925925926
0 0.6822916666666666 0.38055555555555554 0.6859375 0.3837962962962963 0.6893229166666667 0.39444444444444443 0.70546875 0.4652777777777778 0.703125 0.48055555555555557 0.6901041666666666 0.4898148148148148 0.6838541666666667 0.487962962962963 0.67890625 0.4777777777777778 0.6622395833333333 0.4050925925925926 0.6622395833333333 0.39675925925925926 0.6661458333333333 0.387037037037037 0.68203125 0.38055555555555554
0 0.9635416666666666 0.25 0.97109375 0.25416666666666665 0.97421875 0.2601851851851852 0.9765625 0.28888888888888886 0.9747395833333333 0.3523148148148148 0.9721354166666667 0.3587962962962963 0.9638020833333333 0.36342592592592593 0.9515625 0.3597222222222222 0.9440104166666666 0.3439814814814815 0.9458333333333333 0.30648148148148147 0.9442708333333333 0.2722222222222222 0.9502604166666667 0.2537037037037037 0.96328125 0.25
0 0.7796875 0.6828703703703703 0.7861979166666667 0.6856481481481481 0.7901041666666667 0.6986111111111111 0.7924479166666667 0.7805555555555556 0.7901041666666667 0.7967592592592593 0.7856770833333333 0.8037037037037037 0.7807291666666667 0.8055555555555556 0.7721354166666666 0.8041666666666667 0.765625 0.7972222222222223 0.7622395833333333 0.7412037037037037 0.7635416666666667 0.7361111111111112 0.7619791666666667 0.7074074074074074 0.76484375 0.6865740740740741 0.7794270833333333 0.6828703703703703
0 0.8151041666666666 0.5504629629629629 0.8208333333333333 0.5537037037037037 0.8244791666666667 0.5666666666666667 0.8263020833333333 0.6268518518518519 0.8247395833333333 0.6560185185185186 0.8140625 0.662962962962963 0.803125 0.6611111111111111 0.7986979166666667 0.6532407407407408 0.7997395833333333 0.6189814814814815 0.7971354166666667 0.5675925925925925 0.8 0.5527777777777778 0.81484375 0.5504629629629629
0 0.6611979166666667 0.6953703703703704 0.671875 0.6990740740740741 0.6736979166666667 0.7055555555555556 0.67265625 0.7893518518518519 0.6690104166666667 0.8037037037037037 0.6625 0.8111111111111111 0.6479166666666667 0.8069444444444445 0.6455729166666667 0.7972222222222223 0.6466145833333333 0.7101851851851851 0.6505208333333333 0.6958333333333333 0.6609375 0.6953703703703704
0 0.70625 0.12546296296296297 0.7096354166666666 0.12962962962962962 0.7109375 0.1388888888888889 0.7106770833333333 0.20694444444444443 0.7080729166666667 0.21805555555555556 0.7 0.2222222222222222 0.6893229166666667 0.22083333333333333 0.6854166666666667 0.2125 0.6859375 0.13333333333333333 0.6877604166666667 0.12824074074074074 0.69296875 0.125 0.7059895833333333 0.12546296296296297
0 0.8190104166666666 0.24027777777777778 0.8221354166666667 0.24537037037037038 0.8244791666666667 0.26342592592592595 0.8252604166666667 0.3175925925925926 0.821875 0.32546296296296295 0.8119791666666667 0.3277777777777778 0.8036458333333333 0.32592592592592595 0.8010416666666667 0.32083333333333336 0.8020833333333334 0.2949074074074074 0.7989583333333333 0.25462962962962965 0.8002604166666667 0.24537037037037038 0.80390625 0.24027777777777778 0.81875 0.24027777777777778
0 0.8971354166666666 0.2574074074074074 0.9046875 0.26157407407407407 0.9078125 0.2671296296296296 0.9140625 0.3 0.9119791666666667 0.3111111111111111 0.9122395833333333 0.36064814814814816 0.9083333333333333 0.3675925925925926 0.9005208333333333 0.37037037037037035 0.88984375 0.36898148148148147 0.8815104166666666 0.3587962962962963 0.8833333333333333 0.32037037037037036 0.8817708333333333 0.2972222222222222 0.8783854166666667 0.287962962962963 0.88359375 0.26342592592592595 0.8903645833333333 0.25787037037037036 0.896875 0.2574074074074074
0 0.8145833333333333 0.6884259259259259 0.8221354166666667 0.6921296296296297 0.82578125 0.6995370370370371 0.8265625 0.7550925925925925 0.825 0.7921296296296296 0.8208333333333333 0.7976851851851852 0.81484375 0.8 0.8033854166666666 0.7958333333333333 0.7994791666666666 0.7851851851851852 0.7973958333333333 0.7106481481481481 0.79765625 0.700462962962963 0.80078125 0.6921296296296297 0.8143229166666667 0.6884259259259259