0 0.5815104166666667 0.9893518518518518 0.5890625 0.9921296296296296 0.5916666666666667 0.999537037037037 0.5653645833333333 0.999537037037037 0.5677083333333334 0.9925925925925926 0.58125 0.9893518518518518
0 0.88984375 0.11435185185185186 0.8955729166666667 0.11898148148148148 0.89765625 0.13425925925925927 0.8986979166666667 0.21342592592592594 0.8981770833333333 0.2212962962962963 0.8953125 0.22824074074074074 0.8861979166666667 0.23148148148148148 0.8768229166666667 0.2300925925925926 0.8716145833333333 0.22175925925925927 0.8697916666666666 0.19953703703703704 0.8713541666666667 0.18564814814814815 0.8708333333333333 0.15787037037037038 0.86875 0.1388888888888889 0.8713541666666667 0.12314814814814815 0.8744791666666667 0.11666666666666667 0.8895833333333333 0.11435185185185186
0 0.815625 0.09444444444444444 0.81875 0.09814814814814815 0.821875 0.10925925925925926 0.82421875 0.15092592592592594 0.8213541666666667 0.18703703703703703 0.81875 0.1925925925925926 0.8143229166666667 0.19490740740740742 0.80234375 0.19398148148148148 0.7963541666666667 0.18564814814814815 0.79765625 0.1527777777777778 0.7953125 0.1125 0.8015625 0.09537037037037037 0.8153645833333333 0.09444444444444444
0 0.6234375 0.674074074074074 0.6307291666666667 0.6777777777777778 0.6338541666666667 0.6865740740740741 0.634375 0.7449074074074075 0.6359375 0.7560185185185185 0.6330729166666667 0.7930555555555555 0.6299479166666667 0.8013888888888889 0.6231770833333333 0.8041666666666667 0.61171875 0.8023148148148148 0.60546875 0.7930555555555555 0.60703125 0.7680555555555556 0.6059895833333333 0.7379629629629629 0.60859375 0.6902777777777778 0.6130208333333333 0.6763888888888889 0.6231770833333333 0.674074074074074
0 0.8557291666666667 0.986574074074074 0.8635416666666667 0.9898148148148148 0.86796875 0.999537037037037 0.840625 0.999537037037037 0.8453125 0.9884259259259259 0.85546875 0.986574074074074
0 0.7028645833333333 0.2412037037037037 0.7109375 0.24814814814814815 0.7119791666666667 0.26435185185185184 0.7114583333333333 0.3388888888888889 0.7104166666666667 0.34305555555555556 0.7028645833333333 0.34675925925925927 0.69375 0.34629629629629627 0.68828125 0.34120370370370373 0.6854166666666667 0.27870370370370373 0.6861979166666666 0.25462962962962965 0.68828125 0.2449074074074074 0.6947916666666667 0.24074074074074073 0.7026041666666667 0.2412037037037037
0 0.9630208333333333 0.11388888888888889 0.97421875 0.12268518518518519 0.9765625 0.1476851851851852 0.9763020833333333 0.21388888888888888 0.9708333333333333 0.22314814814814815 0.9645833333333333 0.22546296296296298 0.95546875 0.22361111111111112 0.9486979166666667 0.21342592592592594 0.9479166666666666 0.15092592592592594 0.94609375 0.14444444444444443 0.9466145833333334 0.13333333333333333 0.95078125 0.11990740740740741 0.9565104166666667 0.11435185185185186 0.9627604166666667 0.11388888888888889
0 0.81484375 0.5402777777777777 0.8208333333333333 0.5425925925925926 0.82265625 0.5467592592592593 0.8268229166666666 0.5833333333333334 0.82578125 0.6439814814814815 0.8244791666666667 0.6481481481481481 0.81640625 0.6523148148148148 0.8033854166666666 0.6509259259259259 0.8 0.6453703703703704 0.7979166666666667 0.5699074074074074 0.8 0.5439814814814815 0.8046875 0.5402777777777777 0.8145833333333333 0.5402777777777777
0 0.7432291666666667 0.24537037037037038 0.7481770833333333 0.2490740740740741 0.7515625 0.25925925925925924 0.7536458333333333 0.3263888888888889 0.75234375 0.34675925925925927 0.7442708333333333 0.350462962962963 0.7341145833333333 0.35 0.72890625 0.3416666666666667 0.7255208333333333 0.26944444444444443 0.7260416666666667 0.25833333333333336 0.7299479166666667 0.24953703703703703 0.7375 0.24444444444444444 0.74296875 0.24537037037037038
0 0.8591145833333333 0.6819444444444445 0.8674479166666667 0.6865740740740741 0.871875 0.7018518518518518 0.8731770833333333 0.7935185185185185 0.8703125 0.799537037037037 0.86328125 0.8023148148148148 0.8486979166666667 0.799074074074074 0.8434895833333333 0.7800925925925926 0.8447916666666667 0.7282407407407407 0.8427083333333333 0.6962962962962963 0.846875 0.6851851851851852 0.8588541666666667 0.6819444444444445
0 0.9015625 0.24768518518518517 0.9078125 0.25416666666666665 0.9140625 0.2861111111111111 0.9127604166666666 0.29814814814814816 0.9140625 0.3388888888888889 0.9111979166666667 0.35509259259259257 0.9010416666666666 0.36064814814814816 0.8885416666666667 0.3574074074074074 0.8815104166666666 0.3453703703703704 0.8838541666666667 0.32546296296296295 0.8833333333333333 0.29259259259259257 0.87890625 0.274537037037037 0.8833333333333333 0.25601851851851853 0.8864583333333333 0.25046296296296294 0.89140625 0.24722222222222223 0.9013020833333333 0.24768518518518517
0 0.6661458333333333 0.11203703703703703 0.6723958333333333 0.11527777777777778 0.6752604166666667 0.12638888888888888 0.67578125 0.21342592592592594 0.6692708333333334 0.22314814814814815 0.6611979166666667 0.22777777777777777 0.6513020833333333 0.22407407407407406 0.6473958333333333 0.21851851851851853 0.646875 0.1925925925925926 0.65078125 0.12314814814814815 0.6546875 0.11435185185185186 0.6658854166666667 0.11203703703703703
0 0.7765625 0.5412037037037037 0.7869791666666667 0.5472222222222223 0.7903645833333334 0.5773148148148148 0.7901041666666667 0.6393518518518518 0.7854166666666667 0.6472222222222223 0.7786458333333334 0.649074074074074 0.7692708333333333 0.6476851851851851 0.7653645833333333 0.6398148148148148 0.7619791666666667 0.562037037037037 0.7653645833333333 0.5453703703703704 0.7763020833333333 0.5412037037037037
0 0.5921875 0.1111111111111111 0.5989583333333334 0.11481481481481481 0.6002604166666666 0.11944444444444445 0.6 0.19583333333333333 0.5971354166666667 0.2162037037037037 0.5934895833333333 0.22175925925925927 0.58828125 0.22407407407407406 0.578125 0.22083333333333333 0.57421875 0.21481481481481482 0.5723958333333333 0.2064814814814815 0.5744791666666667 0.12685185185185185 0.5776041666666667 0.11388888888888889 0.5919270833333333 0.1111111111111111
0 0.03411458333333333 0.5638888888888889 0.04765625 0.5638888888888889 0.050520833333333334 0.5703703703703704 0.04895833333333333 0.6023148148148149 0.04401041666666667 0.6439814814814815 0.04088541666666667 0.6541666666666667 0.03671875 0.6574074074074074 0.022395833333333334 0.6541666666666667 0.019010416666666665 0.6486111111111111 0.018489583333333334 0.6416666666666667 0.01953125 0.6152777777777778 0.025260416666666667 0.5722222222222222 0.028125 0.5652777777777778 0.033854166666666664 0.5638888888888889
0 0.5958333333333333 0.23287037037037037 0.5994791666666667 0.2351851851851852 0.60078125 0.24351851851851852 0.6020833333333333 0.34074074074074073 0.5986979166666667 0.35324074074074074 0.5893229166666667 0.35833333333333334 0.5799479166666667 0.35648148148148145 0.5736979166666667 0.3453703703703704 0.5752604166666667 0.24305555555555555 0.5794270833333334 0.2337962962962963 0.5955729166666667 0.23287037037037037
0 0.9372395833333333 0.5421296296296296 0.9432291666666667 0.549074074074074 0.9463541666666667 0.562962962962963 0.9484375 0.6513888888888889 0.9455729166666667 0.662962962962963 0.93515625 0.6662037037037037 0.9263020833333333 0.6648148148148149 0.92109375 0.6564814814814814 0.91796875 0.6222222222222222 0.91875 0.5898148148148148 0.9169270833333333 0.5537037037037037 0.91875 0.5472222222222223 0.9239583333333333 0.5425925925925926 0.9369791666666667 0.5421296296296296
0 0.5833333333333334 0.6805555555555556 0.5927083333333333 0.6842592592592592 0.5963541666666666 0.6921296296296297 0.596875 0.7625 0.5924479166666666 0.799537037037037 0.5872395833333334 0.8069444444444445 0.5822916666666667 0.8087962962962963 0.57109375 0.8074074074074075 0.5671875 0.8 0.56640625 0.749537037037037 0.56875 0.7342592592592593 0.57109375 0.6861111111111111 0.5744791666666667 0.6814814814814815 0.5830729166666667 0.6805555555555556
0 0.69765625 0.6731481481481482 0.7083333333333334 0.6777777777777778 0.7119791666666667 0.6912037037037037 0.71171875 0.775 0.71015625 0.7893518518518519 0.7044270833333334 0.7925925925925926 0.6880208333333333 0.7907407407407407 0.6817708333333333 0.7828703703703703 0.68515625 0.6819444444444445 0.6890625 0.674537037037037 0.6973958333333333 0.6731481481481482
0 0.7403645833333333 0.6842592592592592 0.7447916666666666 0.6888888888888889 0.7466145833333333 0.6976851851851852 0.7497395833333333 0.7703703703703704 0.746875 0.7787037037037037 0.7388020833333333 0.7819444444444444 0.72734375 0.7810185185185186 0.7247395833333333 0.7763888888888889 0.7192708333333333 0.6958333333333333 0.7208333333333333 0.6898148148148148 0.7252604166666666 0.6856481481481481 0.7401041666666667 0.6842592592592592
0 0.5455729166666666 0.6675925925925926 0.5536458333333333 0.6754629629629629 0.5552083333333333 0.7546296296296297 0.5520833333333334 0.7796296296296297 0.5434895833333333 0.7865740740740741 0.5330729166666667 0.7837962962962963 0.5283854166666667 0.7754629629629629 0.5265625 0.6944444444444444 0.5294270833333333 0.6736111111111112 0.5364583333333334 0.6675925925925926 0.5453125 0.6675925925925926
0 0.6669270833333333 0.2569444444444444 0.671875 0.2662037037037037 0.6716145833333333 0.3384259259259259 0.66953125 0.34305555555555556 0.6630208333333333 0.34444444444444444 0.6505208333333333 0.3435185185185185 0.6473958333333333 0.3398148148148148 0.6466145833333333 0.2828703703703704 0.6479166666666667 0.2662037037037037 0.6510416666666666 0.25833333333333336 0.6666666666666666 0.2569444444444444
0 0.6265625 0.5337962962962963 0.63125 0.5398148148148149 0.6325520833333333 0.549074074074074 0.6356770833333333 0.6347222222222222 0.6341145833333334 0.6425925925925926 0.6302083333333334 0.6486111111111111 0.6236979166666666 0.6513888888888889 0.6122395833333333 0.65 0.6072916666666667 0.6407407407407407 0.6041666666666666 0.5574074074074075 0.60703125 0.5361111111111111 0.6140625 0.5328703703703703 0.6263020833333334 0.5337962962962963
0 0.853125 0.12407407407407407 0.8591145833333333 0.13055555555555556 0.86015625 0.14027777777777778 0.8598958333333333 0.20601851851851852 0.85625 0.22037037037037038 0.8471354166666667 0.22361111111111112 0.8364583333333333 0.2212962962962963 0.8330729166666667 0.21296296296296297 0.8341145833333333 0.1300925925925926 0.83828125 0.12407407407407407 0.8528645833333334 0.12407407407407407
0 0.6270833333333333 0.22870370370370371 0.6348958333333333 0.2324074074074074 0.6377604166666667 0.24074074074074073 0.6395833333333333 0.30925925925925923 0.6377604166666667 0.33425925925925926 0.6283854166666667 0.34074074074074073 0.6153645833333333 0.3388888888888889 0.6125 0.33194444444444443 0.61171875 0.31805555555555554 0.6122395833333333 0.23796296296296296 0.6169270833333333 0.23055555555555557 0.6268229166666667 0.22870370370370371
0 0.85390625 0.23842592592592593 0.8591145833333333 0.24259259259259258 0.8627604166666667 0.25324074074074077 0.86484375 0.26944444444444443 0.8666666666666667 0.32407407407407407 0.8635416666666667 0.34074074074074073 0.8520833333333333 0.3449074074074074 0.84453125 0.34444444444444444 0.8401041666666667 0.3388888888888889 0.8348958333333333 0.25324074074074077 0.8375 0.2439814814814815 0.8408854166666667 0.23981481481481481 0.8536458333333333 0.23842592592592593
0 0.7440104166666667 0 0.775 0 0.7739583333333333 0.012962962962962963 0.7690104166666667 0.02638888888888889 0.7466145833333333 0.06296296296296296 0.7375 0.0824074074074074 0.73125 0.0875 0.725 0.08518518518518518 0.7174479166666666 0.07453703703703704 0.7143229166666667 0.059722222222222225 0.7203125 0.043055555555555555 0.7440104166666667 0.000462962962962963
0 0.55078125 0.5259259259259259 0.5583333333333333 0.5287037037037037 0.56015625 0.5333333333333333 0.5606770833333333 0.5606481481481481 0.55859375 0.5875 0.5596354166666667 0.6162037037037037 0.5575520833333333 0.6375 0.5544270833333333 0.6421296296296296 0.546875 0.6444444444444445 0.5354166666666667 0.6407407407407407 0.5322916666666667 0.6333333333333333 0.5341145833333333 0.5328703703703703 0.5390625 0.5259259259259259 0.5505208333333333 0.5259259259259259
0 0.72265625 0.36944444444444446 0.7653645833333333 0.3763888888888889 0.7690104166666667 0.3907407407407407 0.7674479166666667 0.41203703703703703 0.7653645833333333 0.4185185185185185 0.7604166666666666 0.42083333333333334 0.7083333333333334 0.41435185185185186 0.7052083333333333 0.4041666666666667 0.7067708333333333 0.3773148148148148 0.71328125 0.3699074074074074 0.7223958333333333 0.36944444444444446
0 0.8950520833333333 0.5509259259259259 0.90234375 0.5532407407407407 0.9057291666666667 0.5583333333333333 0.9080729166666667 0.6064814814814815 0.9059895833333333 0.6467592592592593 0.9010416666666666 0.6583333333333333 0.89609375 0.6597222222222222 0.8841145833333334 0.6592592592592592 0.8807291666666667 0.6546296296296297 0.8783854166666667 0.6064814814814815 0.8799479166666667 0.5564814814814815 0.8830729166666667 0.5523148148148148 0.8947916666666667 0.5509259259259259
0 0.3734375 0.5412037037037037 0.38046875 0.5430555555555555 0.38359375 0.5486111111111112 0.38385416666666666 0.5828703703703704 0.3815104166666667 0.6444444444444445 0.37916666666666665 0.6578703703703703 0.3731770833333333 0.6652777777777777 0.35833333333333334 0.6615740740740741 0.35598958333333336 0.6569444444444444 0.35494791666666664 0.6472222222222223 0.3567708333333333 0.5833333333333334 0.35911458333333335 0.5606481481481481 0.36276041666666664 0.5439814814814815 0.3731770833333333 0.5412037037037037
0 0.984375 0.8305555555555556 0.9903645833333333 0.8347222222222223 0.9997395833333333 0.8481481481481481 0.9997395833333333 0.9097222222222222 0.99375 0.9060185185185186 0.9669270833333333 0.8629629629629629 0.9669270833333333 0.8532407407407407 0.9729166666666667 0.8384259259259259 0.97734375 0.8319444444444445 0.9841145833333333 0.8305555555555556
0 0.6583333333333333 0.9634259259259259 0.66484375 0.9662037037037037 0.6708333333333333 0.9773148148148149 0.6723958333333333 0.9842592592592593 0.6721354166666667 0.999537037037037 0.64296875 0.999537037037037 0.64375 0.9773148148148149 0.6455729166666667 0.9703703703703703 0.65078125 0.9648148148148148 0.6580729166666667 0.9634259259259259
0 0.7411458333333333 0.5282407407407408 0.7502604166666667 0.5361111111111111 0.7515625 0.5805555555555556 0.7502604166666667 0.6226851851851852 0.7479166666666667 0.6300925925925925 0.7411458333333333 0.6342592592592593 0.7307291666666667 0.6333333333333333 0.725 0.624537037037037 0.7260416666666667 0.5361111111111111 0.73046875 0.5296296296296297 0.7408854166666666 0.5282407407407408
0 0.6294270833333333 0.09583333333333334 0.6346354166666667 0.10185185185185185 0.6375 0.11944444444444445 0.6377604166666667 0.17175925925925925 0.6354166666666666 0.20046296296296295 0.6299479166666667 0.20694444444444443 0.6247395833333333 0.20833333333333334 0.6145833333333334 0.20601851851851852 0.6106770833333334 0.19490740740740742 0.6109375 0.11203703703703703 0.615625 0.09814814814814815 0.62109375 0.09490740740740741 0.6291666666666667 0.09583333333333334
0 0.9643229166666667 0.2388888888888889 0.9721354166666667 0.24351851851851852 0.9760416666666667 0.2518518518518518 0.9786458333333333 0.30972222222222223 0.9760416666666667 0.3416666666666667 0.9723958333333333 0.3486111111111111 0.9651041666666667 0.3523148148148148 0.9515625 0.34953703703703703 0.94453125 0.33287037037037037 0.9466145833333334 0.29768518518518516 0.94609375 0.25555555555555554 0.9520833333333333 0.24212962962962964 0.9640625 0.2388888888888889
0 0.85390625 0.5430555555555555 0.86640625 0.5476851851851852 0.8692708333333333 0.5601851851851852 0.86640625 0.6439814814814815 0.86328125 0.6611111111111111 0.8572916666666667 0.6666666666666666 0.846875 0.6657407407407407 0.84140625 0.6615740740740741 0.83828125 0.6541666666666667 0.8377604166666667 0.6444444444444445 0.8421875 0.5601851851851852 0.8466145833333333 0.5462962962962963 0.8536458333333333 0.5430555555555555
0 0.6578125 0.6847222222222222 0.6703125 0.6888888888888889 0.6734375 0.6958333333333333 0.67265625 0.7791666666666667 0.6690104166666667 0.7930555555555555 0.6622395833333333 0.8004629629629629 0.6505208333333333 0.7986111111111112 0.6466145833333333 0.7935185185185185 0.6453125 0.7865740740740741 0.6463541666666667 0.700925925925926 0.65078125 0.6861111111111111 0.6575520833333334 0.6847222222222222
0 0.70625 0.5467592592592593 0.7104166666666667 0.5481481481481482 0.7135416666666666 0.5532407407407407 0.7153645833333333 0.5703703703703704 0.7151041666666667 0.6101851851851852 0.7122395833333334 0.6152777777777778 0.6924479166666667 0.6148148148148148 0.690625 0.6097222222222223 0.6919270833333333 0.5953703703703703 0.6908854166666667 0.5527777777777778 0.6955729166666667 0.5481481481481482 0.7059895833333333 0.5467592592592593
0 0.7828125 0.6726851851851852 0.7888020833333333 0.6787037037037037 0.790625 0.6888888888888889 0.7924479166666667 0.7759259259259259 0.7901041666666667 0.7865740740740741 0.7864583333333334 0.7930555555555555 0.7815104166666667 0.7953703703703704 0.77109375 0.7939814814814815 0.765625 0.7861111111111111 0.7625 0.7268518518518519 0.7651041666666667 0.6754629629629629 0.7825520833333334 0.6726851851851852
0 0.70234375 0.11296296296296296 0.70859375 0.11574074074074074 0.7114583333333333 0.12268518518518519 0.7119791666666667 0.17546296296296296 0.7104166666666667 0.20277777777777778 0.7072916666666667 0.20833333333333334 0.7018229166666666 0.2111111111111111 0.6880208333333333 0.20833333333333334 0.6856770833333333 0.19953703703703704 0.6856770833333333 0.18564814814814815 0.6872395833333333 0.11944444444444445 0.6921875 0.11388888888888889 0.7020833333333333 0.11296296296296296
0 0.81484375 0.22777777777777777 0.82109375 0.23055555555555557 0.8244791666666667 0.24259259259259258 0.8255208333333334 0.30694444444444446 0.8221354166666667 0.3148148148148148 0.8088541666666667 0.31666666666666665 0.803125 0.3148148148148148 0.8005208333333333 0.30694444444444446 0.8020833333333334 0.27314814814814814 0.8002604166666667 0.23796296296296296 0.8036458333333333 0.2300925925925926 0.8145833333333333 0.22777777777777777
0 0.78046875 0.2263888888888889 0.7885416666666667 0.23472222222222222 0.7911458333333333 0.24814814814814815 0.79140625 0.3106481481481482 0.78984375 0.32916666666666666 0.7875 0.3351851851851852 0.7809895833333333 0.33796296296296297 0.7721354166666666 0.3375 0.765625 0.3300925925925926 0.7630208333333334 0.2833333333333333 0.76484375 0.2337962962962963 0.7721354166666666 0.22592592592592592 0.7802083333333333 0.2263888888888889
0 0.7752604166666667 0.10833333333333334 0.7802083333333333 0.10972222222222222 0.7838541666666666 0.11481481481481481 0.78671875 0.1787037037037037 0.78359375 0.20694444444444443 0.7734375 0.21388888888888888 0.76640625 0.20972222222222223 0.7591145833333334 0.19583333333333333 0.7572916666666667 0.12777777777777777 0.75859375 0.11666666666666667 0.7614583333333333 0.11157407407407408 0.775 0.10833333333333334
0 0.5848958333333333 0.4041666666666667 0.62578125 0.4356481481481482 0.6338541666666667 0.44537037037037036 0.63359375 0.45601851851851855 0.62890625 0.47685185185185186 0.6239583333333333 0.48194444444444445 0.6127604166666667 0.4777777777777778 0.5684895833333333 0.4425925925925926 0.5669270833333333 0.425462962962963 0.5705729166666667 0.4101851851851852 0.57578125 0.40370370370370373 0.5846354166666666 0.4041666666666667
0 0.8171875 0.6782407407407407 0.8221354166666667 0.6814814814814815 0.8255208333333334 0.6902777777777778 0.8268229166666666 0.7560185185185185 0.8247395833333333 0.7805555555555556 0.82109375 0.7870370370370371 0.81484375 0.7898148148148149 0.8033854166666666 0.7851851851851852 0.7997395833333333 0.7722222222222223 0.8018229166666667 0.7342592592592593 0.8002604166666667 0.7305555555555555 0.7986979166666667 0.6916666666666667 0.7997395833333333 0.6856481481481481 0.80390625 0.6796296296296296 0.8169270833333333 0.6782407407407407