0 0.8932291666666666 0.12685185185185185 0.8958333333333334 0.13333333333333333 0.8979166666666667 0.1537037037037037 0.8994791666666667 0.19953703703703704 0.8973958333333333 0.2324074074074074 0.8950520833333333 0.2388888888888889 0.8893229166666666 0.2412037037037037 0.8765625 0.24074074074074073 0.8713541666666667 0.2337962962962963 0.8697916666666666 0.2212962962962963 0.87109375 0.1837962962962963 0.8684895833333334 0.15092592592592594 0.87109375 0.13333333333333333 0.875 0.12638888888888888 0.8872395833333333 0.12407407407407407 0.89296875 0.12685185185185185
0 0.8109375 0.10324074074074074 0.8151041666666666 0.1050925925925926 0.8192708333333333 0.11203703703703703 0.8236979166666667 0.14675925925925926 0.821875 0.19583333333333333 0.8174479166666667 0.20277777777777778 0.8111979166666666 0.2050925925925926 0.8002604166666667 0.20324074074074075 0.79609375 0.19537037037037036 0.79765625 0.17175925925925925 0.7947916666666667 0.13240740740740742 0.7958333333333333 0.11898148148148148 0.79921875 0.10925925925925926 0.8033854166666666 0.10416666666666667 0.8106770833333333 0.10324074074074074
0 0.6260416666666667 0.6851851851851852 0.6302083333333334 0.6875 0.63359375 0.6967592592592593 0.63671875 0.7689814814814815 0.63359375 0.8055555555555556 0.6299479166666667 0.8134259259259259 0.6208333333333333 0.8152777777777778 0.6088541666666667 0.8115740740740741 0.6052083333333333 0.8027777777777778 0.6067708333333334 0.7208333333333333 0.6078125 0.7027777777777777 0.6109375 0.6898148148148148 0.6161458333333333 0.6856481481481481 0.62578125 0.6851851851851852
0 0.74140625 0.25462962962962965 0.746875 0.2587962962962963 0.7515625 0.274537037037037 0.7536458333333333 0.3425925925925926 0.7518229166666667 0.3574074074074074 0.7427083333333333 0.3597222222222222 0.7346354166666667 0.3592592592592593 0.7286458333333333 0.35138888888888886 0.72734375 0.29305555555555557 0.725 0.2800925925925926 0.725 0.27175925925925926 0.7307291666666667 0.2574074074074074 0.7411458333333333 0.25462962962962965
0 0.70390625 0.2518518518518518 0.7083333333333334 0.25462962962962965 0.7114583333333333 0.2638888888888889 0.7111979166666667 0.34953703703703703 0.7075520833333333 0.35462962962962963 0.7 0.35648148148148145 0.6911458333333333 0.35462962962962963 0.6875 0.3486111111111111 0.6856770833333333 0.28194444444444444 0.6885416666666667 0.2537037037037037 0.7036458333333333 0.2518518518518518
0 0.9622395833333334 0.12407407407407407 0.9721354166666667 0.1300925925925926 0.975 0.13657407407407407 0.97578125 0.1449074074074074 0.9760416666666667 0.22268518518518518 0.9734375 0.23055555555555557 0.9666666666666667 0.2361111111111111 0.9528645833333333 0.23148148148148148 0.9489583333333333 0.22546296296296298 0.9473958333333333 0.21805555555555556 0.94765625 0.16435185185185186 0.9455729166666667 0.1550925925925926 0.94609375 0.1439814814814815 0.9510416666666667 0.12916666666666668 0.9619791666666667 0.12407407407407407
0 0.8515625 0.13425925925925927 0.8565104166666667 0.13703703703703704 0.8591145833333333 0.14351851851851852 0.8598958333333333 0.21388888888888888 0.8559895833333333 0.22916666666666666 0.8471354166666667 0.2337962962962963 0.83671875 0.23194444444444445 0.8330729166666667 0.22453703703703703 0.8333333333333334 0.14305555555555555 0.8346354166666666 0.13657407407407407 0.8369791666666667 0.13472222222222222 0.8513020833333333 0.13425925925925927
0 0.8182291666666667 0.5513888888888889 0.82265625 0.5564814814814815 0.82578125 0.5777777777777777 0.8260416666666667 0.6527777777777778 0.8231770833333333 0.6597222222222222 0.81484375 0.663425925925926 0.8036458333333333 0.6611111111111111 0.7989583333333333 0.6518518518518519 0.7997395833333333 0.6166666666666667 0.7979166666666667 0.5662037037037037 0.8010416666666667 0.5523148148148148 0.81796875 0.5513888888888889
0 0.6856770833333333 0.412962962962963 0.690625 0.4166666666666667 0.6927083333333334 0.4222222222222222 0.69609375 0.4527777777777778 0.6973958333333333 0.5092592592592593 0.6932291666666667 0.5222222222222223 0.684375 0.5254629629629629 0.6752604166666667 0.5226851851851851 0.67109375 0.512962962962963 0.6669270833333333 0.42962962962962964 0.6682291666666667 0.4212962962962963 0.6716145833333333 0.41574074074074074 0.6854166666666667 0.412962962962963
0 0.8627604166666667 0.6935185185185185 0.8671875 0.6962962962962963 0.8705729166666667 0.7027777777777777 0.8739583333333333 0.7379629629629629 0.8736979166666666 0.8046296296296296 0.8705729166666667 0.8111111111111111 0.8651041666666667 0.8134259259259259 0.8486979166666667 0.8097222222222222 0.84375 0.7907407407407407 0.8450520833333334 0.7731481481481481 0.8450520833333334 0.7388888888888889 0.8424479166666666 0.7166666666666667 0.84375 0.7032407407407407 0.8505208333333333 0.6935185185185185 0.8625 0.6935185185185185
0 0.9 0.2574074074074074 0.9080729166666667 0.2662037037037037 0.9145833333333333 0.2967592592592593 0.9125 0.3138888888888889 0.9135416666666667 0.35648148148148145 0.9109375 0.36527777777777776 0.9028645833333333 0.3699074074074074 0.8875 0.3675925925925926 0.8822916666666667 0.3592592592592593 0.88125 0.35 0.88359375 0.3388888888888889 0.8830729166666667 0.29953703703703705 0.87890625 0.2875 0.8828125 0.2662037037037037 0.8854166666666666 0.2611111111111111 0.8911458333333333 0.2574074074074074 0.8997395833333334 0.2574074074074074
0 0.5888020833333333 0.24212962962962964 0.5953125 0.24351851851851852 0.5994791666666667 0.24861111111111112 0.6026041666666667 0.3106481481481482 0.60234375 0.3523148148148148 0.5986979166666667 0.36527777777777776 0.5903645833333333 0.3685185185185185 0.57734375 0.36527777777777776 0.57421875 0.3597222222222222 0.5729166666666666 0.34953703703703703 0.5755208333333334 0.25277777777777777 0.5791666666666667 0.24444444444444444 0.5885416666666666 0.24212962962962964
0 0.62734375 0.5444444444444444 0.6302083333333334 0.5476851851851852 0.6322916666666667 0.5560185185185185 0.6356770833333333 0.6402777777777777 0.63359375 0.6532407407407408 0.6302083333333334 0.6592592592592592 0.62578125 0.6615740740740741 0.6127604166666667 0.6606481481481481 0.6080729166666666 0.6541666666666667 0.6059895833333333 0.6314814814814815 0.6044270833333333 0.5583333333333333 0.6059895833333333 0.5486111111111112 0.60859375 0.5449074074074074 0.61796875 0.5425925925925926 0.6270833333333333 0.5444444444444444
0 0.6661458333333333 0.12314814814814815 0.671875 0.12546296296296297 0.675 0.1375 0.6752604166666667 0.2111111111111111 0.6736979166666667 0.22685185185185186 0.6619791666666667 0.2375 0.6544270833333333 0.23657407407407408 0.6486979166666667 0.23148148148148148 0.6458333333333334 0.2222222222222222 0.6458333333333334 0.21064814814814814 0.6510416666666666 0.13148148148148148 0.6544270833333333 0.12453703703703704 0.6658854166666667 0.12314814814814815
0 0.7799479166666666 0.5518518518518518 0.7864583333333334 0.5560185185185185 0.7885416666666667 0.5625 0.79140625 0.6370370370370371 0.7890625 0.6541666666666667 0.7786458333333334 0.6597222222222222 0.7703125 0.6583333333333333 0.7653645833333333 0.6481481481481481 0.7619791666666667 0.5694444444444444 0.7653645833333333 0.5560185185185185 0.7796875 0.5518518518518518
0 0.5893229166666667 0.12083333333333333 0.596875 0.12314814814814815 0.6 0.1300925925925926 0.6002604166666666 0.20046296296296295 0.59921875 0.21944444444444444 0.5973958333333333 0.22453703703703703 0.5927083333333333 0.23148148148148148 0.5848958333333333 0.23425925925925925 0.5778645833333333 0.23055555555555557 0.57265625 0.21944444444444444 0.5744791666666667 0.13333333333333333 0.578125 0.12268518518518519 0.5890625 0.12083333333333333
0 0.9328125 0.5509259259259259 0.940625 0.5541666666666667 0.9450520833333333 0.5634259259259259 0.9484375 0.6055555555555555 0.9486979166666667 0.663425925925926 0.9455729166666667 0.6726851851851852 0.9361979166666666 0.6763888888888889 0.925 0.6731481481481482 0.9216145833333333 0.6666666666666666 0.9184895833333333 0.6472222222222223 0.9171875 0.6148148148148148 0.9169270833333333 0.5611111111111111 0.9221354166666667 0.5532407407407407 0.9325520833333333 0.5509259259259259
0 0.7 0.6837962962962963 0.70859375 0.6884259259259259 0.7125 0.6990740740740741 0.7109375 0.7958333333333333 0.7098958333333333 0.8 0.7052083333333333 0.8027777777777778 0.6885416666666667 0.8013888888888889 0.6841145833333333 0.7976851851851852 0.68203125 0.7916666666666666 0.68515625 0.6939814814814815 0.68984375 0.6847222222222222 0.6997395833333333 0.6837962962962963
0 0.7377604166666667 0.6944444444444444 0.7419270833333333 0.6958333333333333 0.74609375 0.7032407407407407 0.7494791666666667 0.7513888888888889 0.7494791666666667 0.7870370370370371 0.7411458333333333 0.7925925925925926 0.72734375 0.7916666666666666 0.7244791666666667 0.7861111111111111 0.71953125 0.7101851851851851 0.7205729166666667 0.7023148148148148 0.7236979166666667 0.6972222222222222 0.7375 0.6944444444444444
0 0.6997395833333333 0.12361111111111112 0.7065104166666667 0.125 0.7098958333333333 0.12916666666666668 0.7114583333333333 0.15046296296296297 0.7109375 0.2101851851851852 0.7080729166666667 0.21805555555555556 0.7 0.22175925925925927 0.6901041666666666 0.22037037037037038 0.6856770833333333 0.20972222222222223 0.6864583333333333 0.13148148148148148 0.6888020833333334 0.12685185185185185 0.6994791666666667 0.12361111111111112
0 0.6619791666666667 0.2657407407407407 0.66796875 0.2675925925925926 0.67109375 0.2722222222222222 0.6729166666666667 0.2916666666666667 0.6713541666666667 0.3458333333333333 0.6682291666666667 0.3527777777777778 0.6630208333333333 0.3541666666666667 0.6502604166666667 0.35324074074074074 0.646875 0.3472222222222222 0.64765625 0.2759259259259259 0.6510416666666666 0.2675925925925926 0.66171875 0.2657407407407407
0 0.5484375 0.5356481481481481 0.5588541666666667 0.5398148148148149 0.5598958333333334 0.5462962962962963 0.5583333333333333 0.5958333333333333 0.5596354166666667 0.6305555555555555 0.5572916666666666 0.6476851851851851 0.55078125 0.6541666666666667 0.5359375 0.6513888888888889 0.5328125 0.6472222222222223 0.5317708333333333 0.6407407407407407 0.534375 0.5990740740740741 0.5348958333333333 0.5402777777777777 0.5388020833333333 0.5361111111111111 0.5481770833333334 0.5356481481481481
0 0.8005208333333333 0.4041666666666667 0.83203125 0.4097222222222222 0.84140625 0.4148148148148148 0.8432291666666667 0.4305555555555556 0.8424479166666666 0.4486111111111111 0.84140625 0.4527777777777778 0.8346354166666666 0.45787037037037037 0.7828125 0.45185185185185184 0.7760416666666666 0.4462962962962963 0.7723958333333333 0.4324074074074074 0.77265625 0.42314814814814816 0.7760416666666666 0.4097222222222222 0.7828125 0.4041666666666667 0.8002604166666667 0.4041666666666667
0 0.6278645833333333 0.23842592592592593 0.6348958333333333 0.24166666666666667 0.63828125 0.25 0.6375 0.30462962962962964 0.6395833333333333 0.325 0.6372395833333333 0.3449074074074074 0.62734375 0.3509259259259259 0.61640625 0.34953703703703703 0.6127604166666667 0.3449074074074074 0.6114583333333333 0.3037037037037037 0.6125 0.2449074074074074 0.61953125 0.2388888888888889 0.6276041666666666 0.23842592592592593
0 0.8950520833333333 0.5611111111111111 0.9028645833333333 0.5638888888888889 0.9065104166666667 0.5712962962962963 0.90859375 0.6333333333333333 0.90625 0.662962962962963 0.9013020833333333 0.6699074074074074 0.8950520833333333 0.6708333333333333 0.88359375 0.6694444444444444 0.8809895833333333 0.6648148148148149 0.8791666666666667 0.6069444444444444 0.8802083333333334 0.5675925925925925 0.8833333333333333 0.562962962962963 0.8947916666666667 0.5611111111111111
0 0.43645833333333334 0.4648148148148148 0.44140625 0.4689814814814815 0.44609375 0.4810185185185185 0.44609375 0.4981481481481482 0.44427083333333334 0.5041666666666667 0.41119791666666666 0.5398148148148149 0.39739583333333334 0.5504629629629629 0.39296875 0.5481481481481482 0.38723958333333336 0.5356481481481481 0.3848958333333333 0.5226851851851851 0.38697916666666665 0.513425925925926 0.4005208333333333 0.49398148148148147 0.4278645833333333 0.4685185185185185 0.4361979166666667 0.4648148148148148
0 0.6614583333333334 0.9814814814814815 0.6684895833333333 0.9861111111111112 0.6734375 0.9949074074074075 0.6736979166666667 0.999537037037037 0.64609375 0.999537037037037 0.6502604166666667 0.9828703703703704 0.6611979166666667 0.9814814814814815
0 0.85234375 0.24814814814814815 0.8591145833333333 0.2537037037037037 0.8630208333333333 0.2657407407407407 0.8666666666666667 0.3337962962962963 0.8638020833333333 0.35185185185185186 0.85078125 0.35509259259259257 0.8434895833333333 0.3541666666666667 0.8401041666666667 0.34814814814814815 0.8348958333333333 0.26342592592592595 0.83984375 0.2518518518518518 0.8520833333333333 0.24814814814814815
0 0.78046875 0.23657407407407408 0.7864583333333334 0.2412037037037037 0.7903645833333334 0.2513888888888889 0.7908854166666667 0.3287037037037037 0.7875 0.34444444444444444 0.7794270833333333 0.34814814814814815 0.7684895833333333 0.3453703703703704 0.76484375 0.33935185185185185 0.7625 0.2689814814814815 0.76484375 0.2439814814814815 0.7721354166666666 0.2361111111111111 0.7802083333333333 0.23657407407407408
0 0.74375 0.5393518518518519 0.7497395833333333 0.5435185185185185 0.7515625 0.5597222222222222 0.7502604166666667 0.6319444444444444 0.7479166666666667 0.6402777777777777 0.7393229166666667 0.6449074074074074 0.7309895833333333 0.6439814814814815 0.72578125 0.6365740740740741 0.7260416666666667 0.5462962962962963 0.7270833333333333 0.5421296296296296 0.7309895833333333 0.5393518518518519 0.7434895833333334 0.5393518518518519
0 0.6252604166666667 0.10462962962962963 0.6348958333333333 0.11203703703703703 0.6375 0.13333333333333333 0.6380208333333334 0.16111111111111112 0.6369791666666667 0.20462962962962963 0.6330729166666667 0.21435185185185185 0.62421875 0.21851851851851853 0.6127604166666667 0.21435185185185185 0.61015625 0.20185185185185187 0.6119791666666666 0.13657407407407407 0.6109375 0.11944444444444445 0.6151041666666667 0.1087962962962963 0.625 0.10462962962962963
0 0.96171875 0.24953703703703703 0.9697916666666667 0.2523148148148148 0.975 0.2601851851851852 0.9778645833333334 0.3199074074074074 0.97734375 0.3375 0.97421875 0.3560185185185185 0.9645833333333333 0.362962962962963 0.9526041666666667 0.3597222222222222 0.9447916666666667 0.3453703703703704 0.946875 0.3060185185185185 0.9447916666666667 0.2773148148148148 0.9458333333333333 0.2662037037037037 0.9510416666666667 0.25324074074074077 0.9614583333333333 0.24953703703703703
0 0.853125 0.5537037037037037 0.8674479166666667 0.5587962962962963 0.86953125 0.575462962962963 0.8666666666666667 0.6569444444444444 0.86328125 0.6717592592592593 0.85625 0.6773148148148148 0.84140625 0.6722222222222223 0.83828125 0.6611111111111111 0.8419270833333333 0.5773148148148148 0.8453125 0.5597222222222222 0.8484375 0.5546296296296296 0.8528645833333334 0.5537037037037037
0 0.7072916666666667 0.5578703703703703 0.7122395833333334 0.5606481481481481 0.7145833333333333 0.5712962962962963 0.7151041666666667 0.6194444444444445 0.7135416666666666 0.625462962962963 0.7088541666666667 0.6259259259259259 0.6927083333333334 0.625 0.6908854166666667 0.6199074074074075 0.69140625 0.562037037037037 0.6966145833333334 0.5578703703703703 0.70703125 0.5578703703703703
0 0.6611979166666667 0.6958333333333333 0.6716145833333333 0.6986111111111111 0.6739583333333333 0.7050925925925926 0.6729166666666667 0.7902777777777777 0.6684895833333333 0.8064814814814815 0.6630208333333333 0.8111111111111111 0.6497395833333334 0.8083333333333333 0.6466145833333333 0.8041666666666667 0.6455729166666667 0.7962962962962963 0.6471354166666666 0.7097222222222223 0.6505208333333333 0.6967592592592593 0.6609375 0.6958333333333333
0 0.7830729166666667 0.6833333333333333 0.7869791666666667 0.6856481481481481 0.7903645833333334 0.6958333333333333 0.7934895833333333 0.7833333333333333 0.790625 0.799074074074074 0.7864583333333334 0.8046296296296296 0.7817708333333333 0.8060185185185185 0.7716145833333333 0.8041666666666667 0.765625 0.7958333333333333 0.7627604166666667 0.7101851851851851 0.7658854166666667 0.6861111111111111 0.7828125 0.6833333333333333
0 0.5416666666666666 0.6773148148148148 0.5510416666666667 0.6814814814814815 0.5536458333333333 0.687037037037037 0.5546875 0.6990740740740741 0.5541666666666667 0.7837962962962963 0.5510416666666667 0.7916666666666666 0.5432291666666667 0.7967592592592593 0.5325520833333334 0.7944444444444444 0.52890625 0.7893518518518519 0.5268229166666667 0.7555555555555555 0.5283854166666667 0.7453703703703703 0.5265625 0.7273148148148149 0.52734375 0.6893518518518519 0.5328125 0.6796296296296296 0.54140625 0.6773148148148148
0 0.8145833333333333 0.23796296296296296 0.81953125 0.23981481481481481 0.8223958333333333 0.24444444444444444 0.825 0.26435185185185184 0.82578125 0.29444444444444445 0.825 0.3212962962962963 0.82265625 0.325 0.8153645833333333 0.32685185185185184 0.80703125 0.32685185185185184 0.8013020833333333 0.32083333333333336 0.7997395833333333 0.262037037037037 0.8002604166666667 0.24768518518518517 0.8028645833333333 0.2412037037037037 0.8143229166666667 0.23796296296296296
0 0.7794270833333333 0.11944444444444445 0.7828125 0.12222222222222222 0.7841145833333333 0.12731481481481483 0.7864583333333334 0.20046296296296295 0.7833333333333333 0.21666666666666667 0.7763020833333333 0.22268518518518518 0.7643229166666666 0.22037037037037038 0.7622395833333333 0.2125 0.7580729166666667 0.20972222222222223 0.75703125 0.1361111111111111 0.7622395833333333 0.12083333333333333 0.7791666666666667 0.11944444444444445
0 0.5830729166666667 0.6907407407407408 0.5934895833333333 0.6958333333333333 0.5963541666666666 0.7125 0.59296875 0.7541666666666667 0.59453125 0.7754629629629629 0.5934895833333333 0.8013888888888889 0.5901041666666667 0.8162037037037037 0.58359375 0.8199074074074074 0.5708333333333333 0.8175925925925925 0.5669270833333333 0.8106481481481481 0.5661458333333333 0.8 0.5703125 0.6986111111111111 0.5739583333333333 0.6921296296296297 0.5828125 0.6907407407407408
0 0.81875 0.6898148148148148 0.8260416666666667 0.6981481481481482 0.8270833333333333 0.7689814814814815 0.8252604166666667 0.7930555555555555 0.8151041666666666 0.8004629629629629 0.8036458333333333 0.7958333333333333 0.8 0.7842592592592592 0.7979166666666667 0.7018518518518518 0.79921875 0.6958333333333333 0.8036458333333333 0.6902777777777778 0.8184895833333333 0.6898148148148148