0 0.88515625 0.125 0.8947916666666667 0.13055555555555556 0.8989583333333333 0.19675925925925927 0.8958333333333334 0.23703703703703705 0.8854166666666666 0.24212962962962964 0.8755208333333333 0.2412037037037037 0.87109375 0.23287037037037037 0.86953125 0.225 0.8703125 0.19398148148148148 0.8682291666666667 0.16527777777777777 0.8682291666666667 0.15092592592592594 0.871875 0.13055555555555556 0.8770833333333333 0.1259259259259259 0.8848958333333333 0.125
0 0.7067708333333333 0.5578703703703703 0.71171875 0.5601851851851852 0.7135416666666666 0.5662037037037037 0.71484375 0.6166666666666667 0.7143229166666667 0.6231481481481481 0.7109375 0.625462962962963 0.6942708333333333 0.625462962962963 0.690625 0.6203703703703703 0.6908854166666667 0.562037037037037 0.6958333333333333 0.5578703703703703 0.7065104166666667 0.5578703703703703
0 0.8109375 0.10416666666666667 0.81796875 0.11064814814814815 0.8208333333333333 0.11990740740740741 0.8231770833333333 0.1648148148148148 0.82109375 0.19537037037037036 0.8174479166666667 0.20324074074074075 0.8119791666666667 0.20555555555555555 0.8002604166666667 0.2037037037037037 0.7958333333333333 0.1962962962962963 0.79765625 0.17407407407407408 0.79375 0.13148148148148148 0.7955729166666666 0.11851851851851852 0.80078125 0.10694444444444444 0.8106770833333333 0.10416666666666667
0 0.6263020833333334 0.6851851851851852 0.63046875 0.687962962962963 0.6330729166666667 0.6958333333333333 0.6359375 0.7657407407407407 0.63359375 0.8032407407407407 0.6299479166666667 0.812037037037037 0.6197916666666666 0.8148148148148148 0.6091145833333333 0.8115740740740741 0.6059895833333333 0.8055555555555556 0.6067708333333334 0.7777777777777778 0.6033854166666667 0.7481481481481481 0.6067708333333334 0.7337962962962963 0.6091145833333333 0.6925925925925925 0.615625 0.6856481481481481 0.6260416666666667 0.6851851851851852
0 0.74375 0.2564814814814815 0.7489583333333333 0.2625 0.7510416666666667 0.2722222222222222 0.7533854166666667 0.3490740740740741 0.7515625 0.35694444444444445 0.7421875 0.36018518518518516 0.7341145833333333 0.3597222222222222 0.7283854166666667 0.3523148148148148 0.7244791666666667 0.2726851851851852 0.73125 0.2574074074074074 0.7434895833333334 0.2564814814814815
0 0.7026041666666667 0.2523148148148148 0.7078125 0.2550925925925926 0.7111979166666667 0.26342592592592595 0.7114583333333333 0.3486111111111111 0.7065104166666667 0.35648148148148145 0.7013020833333333 0.35694444444444445 0.6924479166666667 0.3560185185185185 0.6872395833333333 0.3490740740740741 0.6854166666666667 0.2689814814814815 0.6885416666666667 0.25416666666666665 0.70234375 0.2523148148148148
0 0.9625 0.125 0.9700520833333334 0.1300925925925926 0.9736979166666667 0.13703703703703704 0.9752604166666666 0.1574074074074074 0.975 0.2263888888888889 0.9705729166666667 0.2337962962962963 0.9653645833333333 0.2361111111111111 0.95625 0.2351851851851852 0.9489583333333333 0.22685185185185186 0.94609375 0.18981481481481483 0.9463541666666667 0.14074074074074075 0.9520833333333333 0.12777777777777777 0.9622395833333334 0.125
0 0.8528645833333334 0.13564814814814816 0.8567708333333334 0.13796296296296295 0.859375 0.14675925925925926 0.8588541666666667 0.21666666666666667 0.8559895833333333 0.22870370370370371 0.8471354166666667 0.23425925925925925 0.8348958333333333 0.23148148148148148 0.8322916666666667 0.22453703703703703 0.8328125 0.14351851851851852 0.8348958333333333 0.13657407407407407 0.8377604166666667 0.13518518518518519 0.8526041666666667 0.13564814814814816
0 0.8140625 0.5504629629629629 0.82109375 0.5541666666666667 0.8239583333333333 0.5648148148148148 0.8260416666666667 0.624537037037037 0.8247395833333333 0.6560185185185186 0.81484375 0.662962962962963 0.80390625 0.6615740740740741 0.7989583333333333 0.6546296296296297 0.7994791666666666 0.6171296296296296 0.7971354166666667 0.5819444444444445 0.7973958333333333 0.5657407407407408 0.7997395833333333 0.5532407407407407 0.8138020833333334 0.5504629629629629
0 0.86171875 0.6930555555555555 0.8671875 0.6967592592592593 0.8703125 0.7055555555555556 0.8731770833333333 0.7550925925925925 0.8729166666666667 0.8037037037037037 0.8700520833333333 0.8106481481481481 0.86484375 0.812962962962963 0.8526041666666667 0.8125 0.8486979166666667 0.8101851851851852 0.8455729166666667 0.8032407407407407 0.84375 0.7912037037037037 0.8442708333333333 0.7398148148148148 0.84140625 0.7203703703703703 0.8419270833333333 0.7074074074074074 0.8455729166666667 0.6981481481481482 0.8526041666666667 0.6925925925925925 0.8614583333333333 0.6930555555555555
0 0.9190104166666667 0.40694444444444444 0.9526041666666667 0.42777777777777776 0.9669270833333333 0.4412037037037037 0.9669270833333333 0.4597222222222222 0.9604166666666667 0.47824074074074074 0.9572916666666667 0.48148148148148145 0.9203125 0.4601851851851852 0.9028645833333333 0.4449074074074074 0.9028645833333333 0.42824074074074076 0.9078125 0.41064814814814815 0.9119791666666667 0.40694444444444444 0.91875 0.40694444444444444
0 0.5552083333333333 0.5375 0.5588541666666667 0.5402777777777777 0.5596354166666667 0.5462962962962963 0.5575520833333333 0.600462962962963 0.55859375 0.6324074074074074 0.5559895833333334 0.65 0.5473958333333333 0.6541666666666667 0.5354166666666667 0.6509259259259259 0.5317708333333333 0.6416666666666667 0.5325520833333334 0.6092592592592593 0.534375 0.5981481481481481 0.5348958333333333 0.5407407407407407 0.540625 0.5356481481481481 0.5549479166666667 0.5375
0 0.625 0.5430555555555555 0.6299479166666667 0.5472222222222223 0.63203125 0.5569444444444445 0.6348958333333333 0.6449074074074074 0.63046875 0.6583333333333333 0.6244791666666667 0.6615740740740741 0.6127604166666667 0.6606481481481481 0.609375 0.6578703703703703 0.6072916666666667 0.6513888888888889 0.6044270833333333 0.5555555555555556 0.6083333333333333 0.5449074074074074 0.6247395833333333 0.5430555555555555
0 0.890625 0.5611111111111111 0.9010416666666666 0.5638888888888889 0.90546875 0.5708333333333333 0.9078125 0.6282407407407408 0.9057291666666667 0.6620370370370371 0.9005208333333333 0.6694444444444444 0.8950520833333333 0.6708333333333333 0.88359375 0.6694444444444444 0.8799479166666667 0.663425925925926 0.87890625 0.5694444444444444 0.88125 0.5634259259259259 0.8903645833333333 0.5615740740740741
0 0.6622395833333333 0.12314814814814815 0.6713541666666667 0.1259259259259259 0.67421875 0.1337962962962963 0.6755208333333333 0.20972222222222223 0.6739583333333333 0.22685185185185186 0.6614583333333334 0.23842592592592593 0.6513020833333333 0.23564814814814813 0.6473958333333333 0.23055555555555557 0.64609375 0.20833333333333334 0.6505208333333333 0.13287037037037036 0.6544270833333333 0.125 0.6619791666666667 0.12314814814814815
0 0.78046875 0.5523148148148148 0.7864583333333334 0.5569444444444445 0.7880208333333333 0.5634259259259259 0.7908854166666667 0.6337962962962963 0.7888020833333333 0.6537037037037037 0.7799479166666666 0.6592592592592592 0.7692708333333333 0.6578703703703703 0.7651041666666667 0.65 0.7619791666666667 0.5712962962962963 0.7627604166666667 0.5606481481481481 0.7653645833333333 0.5555555555555556 0.7802083333333333 0.5523148148148148
0 0.8557291666666667 0.5541666666666667 0.86640625 0.5583333333333333 0.86875 0.5680555555555555 0.86640625 0.6574074074074074 0.8638020833333333 0.6703703703703704 0.8606770833333334 0.6754629629629629 0.8559895833333333 0.6773148148148148 0.8421875 0.6736111111111112 0.8377604166666667 0.6620370370370371 0.8419270833333333 0.5717592592592593 0.8473958333333333 0.5555555555555556 0.85546875 0.5541666666666667
0 0.5924479166666666 0.12222222222222222 0.5979166666666667 0.12546296296296297 0.6 0.13148148148148148 0.5994791666666667 0.2175925925925926 0.5932291666666667 0.23148148148148148 0.58515625 0.23472222222222222 0.5776041666666667 0.2310185185185185 0.5723958333333333 0.21851851851851853 0.5744791666666667 0.13333333333333333 0.578125 0.12361111111111112 0.5921875 0.12222222222222222
0 0.70078125 0.6837962962962963 0.7083333333333334 0.6884259259259259 0.7122395833333334 0.7023148148148148 0.7104166666666667 0.7953703703703704 0.7088541666666667 0.8004629629629629 0.7041666666666667 0.8027777777777778 0.6869791666666667 0.8009259259259259 0.6815104166666667 0.7902777777777777 0.6848958333333334 0.6925925925925925 0.68984375 0.6842592592592592 0.7005208333333334 0.6837962962962963
0 0.73828125 0.6944444444444444 0.7432291666666667 0.6976851851851852 0.74609375 0.7064814814814815 0.7494791666666667 0.7819444444444444 0.7455729166666667 0.7902777777777777 0.7377604166666667 0.7921296296296296 0.72734375 0.7916666666666666 0.72421875 0.7865740740740741 0.7223958333333333 0.7509259259259259 0.7190104166666667 0.7268518518518519 0.7192708333333333 0.7078703703703704 0.7216145833333333 0.6986111111111111 0.7380208333333333 0.6944444444444444
0 0.5424479166666667 0.6773148148148148 0.5505208333333333 0.6810185185185185 0.5536458333333333 0.687037037037037 0.5552083333333333 0.7652777777777777 0.5533854166666666 0.7861111111111111 0.5489583333333333 0.7935185185185185 0.5434895833333333 0.7962962962962963 0.5328125 0.7939814814814815 0.52890625 0.787962962962963 0.5263020833333333 0.7277777777777777 0.5276041666666667 0.6851851851851852 0.5328125 0.6787037037037037 0.5421875 0.6773148148148148
0 0.6265625 0.2388888888888889 0.6348958333333333 0.24305555555555555 0.6385416666666667 0.2574074074074074 0.6369791666666667 0.2898148148148148 0.6390625 0.3226851851851852 0.6380208333333334 0.3421296296296296 0.63515625 0.34814814814814815 0.628125 0.35138888888888886 0.6143229166666667 0.3486111111111111 0.6122395833333333 0.3449074074074074 0.6114583333333333 0.33194444444444443 0.61171875 0.25 0.6169270833333333 0.24074074074074073 0.6263020833333334 0.2388888888888889
0 0.6825520833333333 0.3814814814814815 0.6859375 0.38425925925925924 0.6893229166666667 0.39444444444444443 0.7057291666666666 0.4666666666666667 0.7028645833333333 0.48194444444444445 0.6893229166666667 0.4912037037037037 0.6841145833333333 0.48842592592592593 0.6786458333333333 0.47638888888888886 0.6622395833333333 0.4050925925925926 0.6622395833333333 0.3972222222222222 0.6674479166666667 0.3861111111111111 0.6822916666666666 0.3814814814814815
0 0.9997395833333333 0.052314814814814814 0.9997395833333333 0.1638888888888889 0.9979166666666667 0.16342592592592592 0.9919270833333333 0.14722222222222223 0.99296875 0.12916666666666668 0.9869791666666666 0.07546296296296297 0.9877604166666667 0.06435185185185185 0.9903645833333333 0.0587962962962963 0.9994791666666667 0.052314814814814814
0 0.6653645833333334 0.2671296296296296 0.6697916666666667 0.27037037037037037 0.671875 0.2763888888888889 0.6729166666666667 0.29814814814814816 0.6713541666666667 0.3060185185185185 0.6708333333333333 0.3472222222222222 0.66875 0.3523148148148148 0.66484375 0.3537037037037037 0.6486979166666667 0.3523148148148148 0.646875 0.34953703703703703 0.6463541666666667 0.34120370370370373 0.64765625 0.2759259259259259 0.6515625 0.2675925925925926 0.6651041666666667 0.2671296296296296
0 0.7731770833333333 0.11990740740740741 0.7807291666666667 0.12222222222222222 0.7838541666666666 0.12685185185185185 0.7859375 0.17592592592592593 0.7859375 0.20092592592592592 0.7841145833333333 0.21342592592592594 0.78046875 0.22083333333333333 0.77421875 0.22407407407407406 0.7643229166666666 0.22175925925925927 0.7622395833333333 0.21342592592592594 0.7578125 0.20972222222222223 0.7583333333333333 0.16712962962962963 0.7567708333333333 0.14537037037037037 0.75703125 0.13425925925925927 0.7609375 0.12268518518518519 0.7729166666666667 0.11990740740740741
0 0.59140625 0.24351851851851852 0.5989583333333334 0.24675925925925926 0.60078125 0.27314814814814814 0.60625 0.2828703703703704 0.6026041666666667 0.29444444444444445 0.6010416666666667 0.3560185185185185 0.59609375 0.36574074074074076 0.5888020833333333 0.36898148148148147 0.578125 0.36666666666666664 0.57421875 0.36018518518518516 0.5731770833333333 0.3300925925925926 0.5700520833333333 0.3111111111111111 0.57265625 0.2962962962962963 0.57109375 0.29259259259259257 0.5643229166666667 0.2935185185185185 0.5640625 0.2898148148148148 0.57109375 0.28888888888888886 0.5729166666666666 0.2847222222222222 0.5744791666666667 0.2550925925925926 0.5778645833333333 0.24537037037037038 0.5911458333333334 0.24351851851851852
0 0.8018229166666667 0.4046296296296296 0.8302083333333333 0.4097222222222222 0.8403645833333333 0.41435185185185186 0.8421875 0.4185185185185185 0.8421875 0.44814814814814813 0.83984375 0.45416666666666666 0.8333333333333334 0.4583333333333333 0.7848958333333333 0.4527777777777778 0.7755208333333333 0.44675925925925924 0.7723958333333333 0.4356481481481482 0.7723958333333333 0.42314814814814816 0.7770833333333333 0.4078703703703704 0.7841145833333333 0.4041666666666667 0.8015625 0.4046296296296296
0 0.9361979166666666 0.5518518518518518 0.9427083333333334 0.5583333333333333 0.9450520833333333 0.5657407407407408 0.94765625 0.6027777777777777 0.9479166666666666 0.6615740740740741 0.94453125 0.6726851851851852 0.9390625 0.6759259259259259 0.9291666666666667 0.6754629629629629 0.9216145833333333 0.6689814814814815 0.9171875 0.6231481481481481 0.9184895833333333 0.6050925925925926 0.91640625 0.5847222222222223 0.9166666666666666 0.5606481481481481 0.92265625 0.5527777777777778 0.9359375 0.5518518518518518
0 0.6622395833333333 0.9861111111111112 0.66796875 0.9898148148148148 0.6716145833333333 0.999537037037037 0.6458333333333334 0.999537037037037 0.6471354166666666 0.9939814814814815 0.65234375 0.9875 0.6619791666666667 0.9861111111111112
0 0.85390625 0.24953703703703703 0.8598958333333333 0.2564814814814815 0.8622395833333333 0.26481481481481484 0.8661458333333333 0.3384259259259259 0.8627604166666667 0.3527777777777778 0.8505208333333333 0.35555555555555557 0.8424479166666666 0.3541666666666667 0.8395833333333333 0.34814814814814815 0.834375 0.26851851851851855 0.83515625 0.25833333333333336 0.8385416666666666 0.25277777777777777 0.8536458333333333 0.24953703703703703
0 0.7778645833333333 0.23657407407407408 0.7875 0.2449074074074074 0.7903645833333334 0.26157407407407407 0.78984375 0.3365740740740741 0.78671875 0.3449074074074074 0.7809895833333333 0.3476851851851852 0.7677083333333333 0.3453703703703704 0.7651041666666667 0.3416666666666667 0.76328125 0.3300925925925926 0.7630208333333334 0.2513888888888889 0.7674479166666667 0.24027777777777778 0.7776041666666667 0.23657407407407408
0 0.7442708333333333 0.5398148148148149 0.75 0.5462962962962963 0.7497395833333333 0.5916666666666667 0.7515625 0.6055555555555555 0.7489583333333333 0.6370370370370371 0.740625 0.6444444444444445 0.73046875 0.6435185185185185 0.7252604166666666 0.6361111111111111 0.7255208333333333 0.5462962962962963 0.7270833333333333 0.5416666666666666 0.7309895833333333 0.5393518518518519 0.7440104166666667 0.5398148148148149
0 0.6307291666666667 0.10787037037037037 0.6346354166666667 0.11342592592592593 0.6369791666666667 0.13194444444444445 0.6369791666666667 0.20185185185185187 0.6341145833333334 0.21342592592592594 0.6265625 0.21898148148148147 0.6158854166666666 0.21805555555555556 0.6106770833333334 0.20925925925925926 0.6109375 0.11944444444444445 0.6130208333333333 0.11203703703703703 0.61875 0.10648148148148148 0.63046875 0.10787037037037037
0 0.9630208333333333 0.25 0.9708333333333333 0.25416666666666665 0.97421875 0.26064814814814813 0.9763020833333333 0.28703703703703703 0.9747395833333333 0.3523148148148148 0.9721354166666667 0.3587962962962963 0.9643229166666667 0.36342592592592593 0.95234375 0.36064814814814816 0.9440104166666666 0.3453703703703704 0.9458333333333333 0.3037037037037037 0.9442708333333333 0.2722222222222222 0.95 0.25416666666666665 0.9627604166666667 0.25
0 0.6591145833333333 0.6949074074074074 0.6716145833333333 0.6990740740740741 0.6736979166666667 0.7064814814814815 0.6723958333333333 0.7907407407407407 0.6671875 0.8069444444444445 0.6619791666666667 0.8111111111111111 0.64765625 0.8064814814814815 0.6453125 0.7939814814814815 0.6466145833333333 0.7097222222222223 0.6502604166666667 0.6967592592592593 0.6588541666666666 0.6949074074074074
0 0.44947916666666665 0.028703703703703703 0.45234375 0.03148148148148148 0.45364583333333336 0.04675925925925926 0.45234375 0.06805555555555555 0.45026041666666666 0.07546296296296297 0.44505208333333335 0.0787037037037037 0.4375 0.07777777777777778 0.43359375 0.07083333333333333 0.4317708333333333 0.059722222222222225 0.43255208333333334 0.04675925925925926 0.4356770833333333 0.04027777777777778 0.44921875 0.029166666666666667
0 0.7796875 0.6828703703703703 0.7861979166666667 0.6856481481481481 0.7901041666666667 0.7 0.7921875 0.7791666666666667 0.7901041666666667 0.7962962962962963 0.7861979166666667 0.8027777777777778 0.7796875 0.8060185185185185 0.76875 0.8018518518518518 0.76484375 0.7935185185185185 0.7625 0.7143518518518519 0.7645833333333333 0.687037037037037 0.7794270833333333 0.6828703703703703
0 0.6997395833333333 0.12407407407407407 0.70703125 0.1259259259259259 0.7096354166666666 0.12962962962962962 0.7111979166666667 0.15231481481481482 0.71015625 0.21342592592592594 0.7065104166666667 0.2199074074074074 0.7 0.2222222222222222 0.6893229166666667 0.22083333333333333 0.68515625 0.2101851851851852 0.6859375 0.1337962962962963 0.6890625 0.12685185185185185 0.6994791666666667 0.12407407407407407
0 0.5880208333333333 0.6916666666666667 0.59296875 0.6949074074074074 0.59609375 0.7060185185185185 0.5932291666666667 0.7611111111111111 0.59453125 0.7828703703703703 0.5921875 0.8078703703703703 0.5888020833333333 0.8162037037037037 0.5848958333333333 0.8189814814814815 0.5708333333333333 0.8166666666666667 0.56640625 0.8097222222222222 0.565625 0.7953703703703704 0.5674479166666667 0.7800925925925926 0.56640625 0.7652777777777777 0.5692708333333333 0.7523148148148148 0.5690104166666666 0.711574074074074 0.5708333333333333 0.6962962962962963 0.5770833333333333 0.6907407407407408 0.5877604166666667 0.6916666666666667
0 0.8166666666666667 0.23935185185185184 0.821875 0.24444444444444444 0.8244791666666667 0.26296296296296295 0.8252604166666667 0.31712962962962965 0.8223958333333333 0.325 0.81484375 0.3277777777777778 0.8067708333333333 0.3277777777777778 0.8010416666666667 0.3212962962962963 0.8020833333333334 0.29444444444444445 0.7989583333333333 0.2537037037037037 0.8002604166666667 0.24537037037037038 0.8033854166666666 0.24074074074074073 0.81640625 0.23935185185185184
0 0.9 0.25833333333333336 0.9078125 0.2675925925925926 0.9109375 0.28935185185185186 0.9135416666666667 0.2962962962962963 0.91171875 0.30648148148148147 0.91328125 0.34953703703703703 0.9119791666666667 0.36157407407407405 0.909375 0.36666666666666664 0.8984375 0.37083333333333335 0.8901041666666667 0.36944444444444446 0.88125 0.3587962962962963 0.8807291666666667 0.34953703703703703 0.8833333333333333 0.3398148148148148 0.8830729166666667 0.31851851851851853 0.8815104166666666 0.2967592592592593 0.8783854166666667 0.2847222222222222 0.8802083333333334 0.27361111111111114 0.8848958333333333 0.26157407407407407 0.89140625 0.25787037037037036 0.8997395833333334 0.25833333333333336
0 0.8145833333333333 0.6884259259259259 0.8247395833333333 0.6953703703703704 0.82578125 0.7101851851851851 0.8255208333333334 0.788425925925926 0.821875 0.7962962962962963 0.81640625 0.799537037037037 0.8067708333333333 0.7981481481481482 0.8010416666666667 0.7930555555555555 0.7986979166666667 0.7824074074074074 0.7981770833333334 0.7643518518518518 0.7979166666666667 0.6990740740740741 0.8020833333333334 0.6912037037037037 0.8143229166666667 0.6884259259259259