0 0.890625 0.12453703703703704 0.8950520833333333 0.1300925925925926 0.8973958333333333 0.1537037037037037 0.8979166666666667 0.22037037037037038 0.8942708333333333 0.2375 0.88359375 0.2412037037037037 0.8739583333333333 0.23842592592592593 0.8703125 0.22685185185185186 0.8705729166666667 0.19444444444444445 0.8682291666666667 0.15092592592592594 0.8705729166666667 0.1337962962962963 0.8734375 0.12731481481481483 0.8807291666666667 0.12361111111111112 0.8903645833333333 0.12453703703703704
0 0.8114583333333333 0.10277777777777777 0.815625 0.1050925925925926 0.8197916666666667 0.11342592592592593 0.8234375 0.15 0.82109375 0.19537037037037036 0.8177083333333334 0.2013888888888889 0.8119791666666667 0.20416666666666666 0.8026041666666667 0.20324074074074075 0.7963541666666667 0.19583333333333333 0.7979166666666667 0.1699074074074074 0.7947916666666667 0.12962962962962962 0.7966145833333333 0.11435185185185186 0.8002604166666667 0.10601851851851851 0.8111979166666666 0.10277777777777777
0 0.6239583333333333 0.6828703703703703 0.63046875 0.6851851851851852 0.6338541666666667 0.6930555555555555 0.6361979166666667 0.7555555555555555 0.63359375 0.8032407407407407 0.6291666666666667 0.8111111111111111 0.6221354166666667 0.812962962962963 0.6104166666666667 0.8106481481481481 0.6059895833333333 0.8032407407407407 0.6049479166666667 0.7893518518518519 0.6065104166666667 0.7773148148148148 0.60390625 0.7541666666666667 0.60859375 0.6930555555555555 0.6127604166666667 0.6851851851851852 0.6236979166666666 0.6828703703703703
0 0.7421875 0.25416666666666665 0.7473958333333334 0.25833333333333336 0.7515625 0.2726851851851852 0.7536458333333333 0.3425925925925926 0.7513020833333334 0.35555555555555557 0.74296875 0.35833333333333334 0.73359375 0.3574074074074074 0.7286458333333333 0.35 0.7268229166666667 0.29305555555555557 0.7247395833333333 0.27824074074074073 0.7255208333333333 0.2689814814814815 0.7299479166666667 0.2574074074074074 0.7419270833333333 0.25416666666666665
0 0.4046875 0.15833333333333333 0.41640625 0.1675925925925926 0.4171875 0.18194444444444444 0.4044270833333333 0.24583333333333332 0.4015625 0.25277777777777777 0.39791666666666664 0.2550925925925926 0.3854166666666667 0.24861111111111112 0.38229166666666664 0.23425925925925925 0.38697916666666665 0.19953703703703704 0.39401041666666664 0.16574074074074074 0.39739583333333334 0.15787037037037038 0.4044270833333333 0.15833333333333333
0 0.9614583333333333 0 0.98203125 0 0.9942708333333333 0.023148148148148147 0.9979166666666667 0.03518518518518519 0.9997395833333333 0.03564814814814815 0.9997395833333333 0.10092592592592593 0.99453125 0.10231481481481482 0.9841145833333333 0.09444444444444444 0.98046875 0.08842592592592592 0.97890625 0.07777777777777778 0.9697916666666667 0.053703703703703705 0.95546875 0.025 0.9552083333333333 0.0125 0.9614583333333333 0.000462962962962963
0 0.8505208333333333 0.13333333333333333 0.8565104166666667 0.13657407407407407 0.859375 0.14305555555555555 0.86015625 0.2 0.85703125 0.22592592592592592 0.8526041666666667 0.23148148148148148 0.8473958333333333 0.23287037037037037 0.8361979166666667 0.2310185185185185 0.8328125 0.22407407407407406 0.8328125 0.14305555555555555 0.834375 0.1361111111111111 0.8380208333333333 0.13333333333333333 0.8502604166666666 0.13333333333333333
0 0.815625 0.549074074074074 0.8221354166666667 0.5541666666666667 0.8244791666666667 0.5657407407407408 0.8263020833333333 0.6273148148148148 0.825 0.6546296296296297 0.821875 0.6587962962962963 0.81484375 0.6611111111111111 0.8033854166666666 0.6597222222222222 0.7986979166666667 0.6518518518518519 0.7994791666666666 0.6194444444444445 0.7971354166666667 0.5675925925925925 0.8005208333333333 0.5504629629629629 0.8153645833333333 0.549074074074074
0 0.8630208333333333 0.6916666666666667 0.86796875 0.6967592592592593 0.8708333333333333 0.7069444444444445 0.8731770833333333 0.7615740740740741 0.871875 0.8041666666666667 0.8690104166666667 0.8092592592592592 0.86328125 0.8115740740740741 0.8481770833333333 0.8083333333333333 0.8440104166666667 0.7967592592592593 0.8447916666666667 0.7560185185185185 0.84140625 0.7138888888888889 0.84296875 0.7027777777777777 0.8484375 0.6935185185185185 0.8627604166666667 0.6916666666666667
0 0.9013020833333333 0.4023148148148148 0.9229166666666667 0.4111111111111111 0.9520833333333333 0.4287037037037037 0.9544270833333334 0.43842592592592594 0.953125 0.4546296296296296 0.9494791666666667 0.4652777777777778 0.9440104166666666 0.4708333333333333 0.9169270833333333 0.46064814814814814 0.890625 0.44537037037037036 0.8880208333333334 0.4356481481481482 0.8903645833333333 0.41574074074074074 0.89375 0.4060185185185185 0.9010416666666666 0.4023148148148148
0 0.66484375 0.9449074074074074 0.6705729166666666 0.9597222222222223 0.6721354166666667 0.999537037037037 0.64375 0.999537037037037 0.6427083333333333 0.9736111111111111 0.6450520833333333 0.9495370370370371 0.64765625 0.9444444444444444 0.65234375 0.9421296296296297 0.6645833333333333 0.9449074074074074
0 0.546875 0.5337962962962963 0.55703125 0.5365740740740741 0.5598958333333334 0.5430555555555555 0.5591145833333333 0.6305555555555555 0.5567708333333333 0.6472222222222223 0.5494791666666666 0.6523148148148148 0.5359375 0.649074074074074 0.53203125 0.638425925925926 0.53515625 0.5393518518518519 0.53671875 0.5356481481481481 0.5466145833333333 0.5337962962962963
0 0.6234375 0.5412037037037037 0.6296875 0.5453703703703704 0.63203125 0.5532407407407407 0.6354166666666666 0.6421296296296296 0.6341145833333334 0.6509259259259259 0.6299479166666667 0.6578703703703703 0.6197916666666666 0.6601851851851852 0.6122395833333333 0.6587962962962963 0.6078125 0.6504629629629629 0.6044270833333333 0.5569444444444445 0.6057291666666667 0.5476851851851852 0.6091145833333333 0.5430555555555555 0.6231770833333333 0.5412037037037037
0 0.6669270833333333 0.12222222222222222 0.67265625 0.12546296296296297 0.6752604166666667 0.1361111111111111 0.67578125 0.21296296296296297 0.6747395833333333 0.22361111111111112 0.6721354166666667 0.22916666666666666 0.6619791666666667 0.23657407407407408 0.65234375 0.23472222222222222 0.646875 0.2263888888888889 0.6473958333333333 0.17824074074074073 0.6513020833333333 0.12962962962962962 0.6567708333333333 0.12222222222222222 0.6666666666666666 0.12222222222222222
0 0.7802083333333333 0.5504629629629629 0.7854166666666667 0.5537037037037037 0.78828125 0.5601851851851852 0.7901041666666667 0.5773148148148148 0.7908854166666667 0.6365740740740741 0.7893229166666667 0.6513888888888889 0.7794270833333333 0.6583333333333333 0.76953125 0.6564814814814814 0.76484375 0.6472222222222223 0.76171875 0.5666666666666667 0.7651041666666667 0.5541666666666667 0.7731770833333333 0.55 0.7799479166666666 0.5504629629629629
0 0.8609375 0.5541666666666667 0.8666666666666667 0.5574074074074075 0.86875 0.5638888888888889 0.8684895833333334 0.6268518518518519 0.86484375 0.6643518518518519 0.8614583333333333 0.6722222222222223 0.8557291666666667 0.6759259259259259 0.8447916666666667 0.6736111111111112 0.8385416666666666 0.6662037037037037 0.83828125 0.6263888888888889 0.8411458333333334 0.5745370370370371 0.8453125 0.5578703703703703 0.8486979166666667 0.5532407407407407 0.8606770833333334 0.5541666666666667
0 0.9 0.5615740740740741 0.9057291666666667 0.5699074074074074 0.9078125 0.6476851851851851 0.9036458333333334 0.6652777777777777 0.8942708333333333 0.6699074074074074 0.88359375 0.6680555555555555 0.8799479166666667 0.6615740740740741 0.878125 0.6069444444444444 0.8791666666666667 0.5662037037037037 0.8856770833333333 0.5601851851851852 0.8997395833333334 0.5615740740740741
0 0.7088541666666667 0.5564814814814815 0.7125 0.5592592592592592 0.7138020833333333 0.5648148148148148 0.71484375 0.6194444444444445 0.7125 0.6231481481481481 0.696875 0.624537037037037 0.6919270833333333 0.6236111111111111 0.6903645833333333 0.6189814814814815 0.6916666666666667 0.5981481481481481 0.6903645833333333 0.562962962962963 0.6947916666666667 0.5569444444444445 0.70859375 0.5564814814814815
0 0.7 0.6819444444444445 0.7072916666666667 0.6851851851851852 0.7106770833333333 0.6907407407407408 0.7125 0.6995370370370371 0.7106770833333333 0.7930555555555555 0.7088541666666667 0.7986111111111112 0.7033854166666667 0.8009259259259259 0.6859375 0.7981481481481482 0.6815104166666667 0.7902777777777777 0.68515625 0.6902777777777778 0.6888020833333334 0.6833333333333333 0.6997395833333333 0.6819444444444445
0 0.7408854166666666 0.6935185185185185 0.7440104166666667 0.6967592592592593 0.7463541666666667 0.7055555555555556 0.75 0.7768518518518519 0.7481770833333333 0.7865740740740741 0.7356770833333334 0.7902777777777777 0.7270833333333333 0.7898148148148149 0.7244791666666667 0.7861111111111111 0.71953125 0.7060185185185185 0.7203125 0.6995370370370371 0.7234375 0.6953703703703704 0.7307291666666667 0.6921296296296297 0.740625 0.6935185185185185
0 0.54765625 0.6773148148148148 0.5526041666666667 0.6819444444444445 0.55390625 0.687037037037037 0.5549479166666667 0.7717592592592593 0.55390625 0.7828703703703703 0.5513020833333333 0.7893518518518519 0.54375 0.7949074074074074 0.5322916666666667 0.7916666666666666 0.528125 0.7828703703703703 0.5265625 0.7555555555555555 0.5268229166666667 0.6925925925925925 0.528125 0.6842592592592592 0.5328125 0.6777777777777778 0.5473958333333333 0.6773148148148148
0 0.6333333333333333 0.23981481481481481 0.6369791666666667 0.2449074074074074 0.63828125 0.2518518518518518 0.6388020833333333 0.33194444444444443 0.6369791666666667 0.3449074074074074 0.62734375 0.35 0.6161458333333333 0.3486111111111111 0.6122395833333333 0.3421296296296296 0.61171875 0.2537037037037037 0.6127604166666667 0.24444444444444444 0.61796875 0.2388888888888889 0.62734375 0.23703703703703705 0.6330729166666667 0.23981481481481481
0 0.89453125 0.25601851851851853 0.9020833333333333 0.2574074074074074 0.9078125 0.2652777777777778 0.9140625 0.2967592592592593 0.9119791666666667 0.31203703703703706 0.9125 0.3587962962962963 0.9091145833333333 0.36527777777777776 0.9010416666666666 0.36898148148148147 0.8875 0.36712962962962964 0.88203125 0.3587962962962963 0.8807291666666667 0.3527777777777778 0.8833333333333333 0.3296296296296296 0.8817708333333333 0.29305555555555557 0.8786458333333333 0.2875 0.87890625 0.2814814814814815 0.8841145833333334 0.26157407407407407 0.8942708333333333 0.25601851851851853
0 0.7809895833333333 0.11990740740740741 0.7838541666666666 0.12546296296296297 0.78515625 0.14305555555555555 0.7861979166666667 0.2013888888888889 0.7828125 0.21666666666666667 0.77578125 0.22268518518518518 0.7661458333333333 0.22037037037037038 0.7625 0.21157407407407408 0.7583333333333333 0.20972222222222223 0.75703125 0.13518518518518519 0.7619791666666667 0.11990740740740741 0.7807291666666667 0.11990740740740741
0 0.934375 0.55 0.9403645833333333 0.5532407407407407 0.9447916666666667 0.5638888888888889 0.94765625 0.6106481481481482 0.94765625 0.6620370370370371 0.9442708333333333 0.6717592592592593 0.9361979166666666 0.674537037037037 0.925 0.6722222222222223 0.9208333333333333 0.6643518518518519 0.9171875 0.6175925925925926 0.9182291666666667 0.6046296296296296 0.9161458333333333 0.575 0.91640625 0.562037037037037 0.9203125 0.5527777777777778 0.9341145833333333 0.55
0 0.96328125 0.12407407407407407 0.9739583333333334 0.1337962962962963 0.97578125 0.15648148148148147 0.9755208333333333 0.22268518518518518 0.9721354166666667 0.2310185185185185 0.9653645833333333 0.2351851851851852 0.95703125 0.23425925925925925 0.9489583333333333 0.22546296296296298 0.9471354166666667 0.21805555555555556 0.9481770833333333 0.19814814814814816 0.94609375 0.19027777777777777 0.9471354166666667 0.1375 0.9528645833333333 0.1259259259259259 0.9630208333333333 0.12407407407407407
0 0.8544270833333333 0.24861111111111112 0.86015625 0.2550925925925926 0.8627604166666667 0.26481481481481484 0.8661458333333333 0.337037037037037 0.86328125 0.35138888888888886 0.8533854166666667 0.3537037037037037 0.84375 0.35324074074074074 0.8401041666666667 0.3486111111111111 0.834375 0.26851851851851855 0.8348958333333333 0.2587962962962963 0.8385416666666666 0.2518518518518518 0.8447916666666667 0.24768518518518517 0.8541666666666666 0.24861111111111112
0 0.7796875 0.23564814814814813 0.7861979166666667 0.24027777777777778 0.7903645833333334 0.2523148148148148 0.7908854166666667 0.2972222222222222 0.78984375 0.337037037037037 0.7875 0.3435185185185185 0.7794270833333333 0.3472222222222222 0.7692708333333333 0.3453703703703704 0.76484375 0.3384259259259259 0.7625 0.2712962962962963 0.76328125 0.25046296296296294 0.7653645833333333 0.24212962962962964 0.7713541666666667 0.2361111111111111 0.7794270833333333 0.23564814814814813
0 0.7380208333333333 0.5370370370370371 0.7489583333333333 0.5416666666666666 0.75078125 0.5513888888888889 0.7513020833333334 0.600925925925926 0.7497395833333333 0.6333333333333333 0.7481770833333333 0.637962962962963 0.7411458333333333 0.6430555555555556 0.7307291666666667 0.6421296296296296 0.7270833333333333 0.6393518518518518 0.7255208333333333 0.6337962962962963 0.72578125 0.5449074074074074 0.7276041666666667 0.5398148148148149 0.7377604166666667 0.5370370370370371
0 0.6309895833333333 0.10648148148148148 0.63515625 0.1125 0.6375 0.13333333333333333 0.6372395833333333 0.20092592592592592 0.6341145833333334 0.21203703703703702 0.6265625 0.2175925925925926 0.6158854166666666 0.21666666666666667 0.6125 0.21342592592592594 0.6104166666666667 0.20601851851851852 0.6122395833333333 0.13842592592592592 0.6111979166666667 0.11944444444444445 0.6125 0.1125 0.6184895833333334 0.10555555555555556 0.6307291666666667 0.10648148148148148
0 0.96328125 0.24861111111111112 0.9697916666666667 0.2513888888888889 0.97421875 0.25833333333333336 0.9768229166666667 0.2851851851851852 0.9752604166666666 0.3486111111111111 0.9713541666666666 0.3592592592592593 0.96328125 0.362962962962963 0.9526041666666667 0.3592592592592593 0.9442708333333333 0.3453703703703704 0.9455729166666667 0.2861111111111111 0.9440104166666666 0.2759259259259259 0.9458333333333333 0.26296296296296295 0.95 0.25324074074074077 0.9630208333333333 0.24861111111111112
0 0.6653645833333334 0.2652777777777778 0.6713541666666667 0.2722222222222222 0.6729166666666667 0.28703703703703703 0.6716145833333333 0.3449074074074074 0.6697916666666667 0.350462962962963 0.665625 0.3527777777777778 0.6502604166666667 0.3523148148148148 0.6466145833333333 0.3458333333333333 0.64765625 0.274537037037037 0.6510416666666666 0.26666666666666666 0.6651041666666667 0.2652777777777778
0 0.7002604166666667 0.25046296296296294 0.70703125 0.25277777777777777 0.7109375 0.25833333333333336 0.7122395833333334 0.29768518518518516 0.7111979166666667 0.3476851851851852 0.7075520833333333 0.3527777777777778 0.6997395833333333 0.35509259259259257 0.6921875 0.3537037037037037 0.6877604166666667 0.3490740740740741 0.6854166666666667 0.2814814814814815 0.6877604166666667 0.25462962962962965 0.6919270833333333 0.25092592592592594 0.7 0.25046296296296294
0 0.58984375 0.12037037037037036 0.5971354166666667 0.12268518518518519 0.6002604166666666 0.12962962962962962 0.6005208333333333 0.2 0.59921875 0.22037037037037038 0.59296875 0.23055555555555557 0.5885416666666666 0.23287037037037037 0.58125 0.23194444444444445 0.5763020833333333 0.2273148148148148 0.5731770833333333 0.22083333333333333 0.5723958333333333 0.20972222222222223 0.5747395833333333 0.1300925925925926 0.578125 0.12222222222222222 0.5895833333333333 0.12037037037037036
0 0.6546875 0.6930555555555555 0.6684895833333333 0.6953703703703704 0.6729166666666667 0.6986111111111111 0.67421875 0.7046296296296296 0.67265625 0.7893518518518519 0.6690104166666667 0.8018518518518518 0.6630208333333333 0.8083333333333333 0.6502604166666667 0.8074074074074075 0.6471354166666666 0.8027777777777778 0.6450520833333333 0.7930555555555555 0.6466145833333333 0.7111111111111111 0.64921875 0.6962962962962963 0.6544270833333333 0.6930555555555555
0 0.7033854166666667 0.43148148148148147 0.7278645833333334 0.45555555555555555 0.7481770833333333 0.48148148148148145 0.75 0.4912037037037037 0.7481770833333333 0.5032407407407408 0.74453125 0.513425925925926 0.73828125 0.5194444444444445 0.7307291666666667 0.5166666666666667 0.7169270833333333 0.5023148148148148 0.6893229166666667 0.4685185185185185 0.6893229166666667 0.45 0.69609375 0.43472222222222223 0.703125 0.43148148148148147
0 0.7846354166666667 0.6824074074074075 0.7880208333333333 0.6861111111111111 0.7903645833333334 0.6986111111111111 0.7924479166666667 0.7828703703703703 0.7901041666666667 0.7949074074074074 0.7869791666666667 0.8004629629629629 0.7809895833333333 0.8037037037037037 0.7682291666666666 0.8004629629629629 0.7640625 0.7898148148148149 0.7627604166666667 0.6990740740740741 0.7658854166666667 0.6837962962962963 0.771875 0.6810185185185185 0.784375 0.6824074074074075
0 0.7049479166666667 0.12361111111111112 0.709375 0.12685185185185185 0.7109375 0.13518518518518519 0.7106770833333333 0.20972222222222223 0.7072916666666667 0.21805555555555556 0.6971354166666667 0.2212962962962963 0.6888020833333334 0.21851851851851853 0.6856770833333333 0.2101851851851852 0.6861979166666666 0.13287037037037036 0.6890625 0.12546296296296297 0.7046875 0.12361111111111112
0 0.5872395833333334 0.6898148148148148 0.5947916666666667 0.6962962962962963 0.59765625 0.7125 0.5953125 0.7615740740740741 0.5963541666666666 0.7754629629629629 0.5916666666666667 0.8087962962962963 0.5885416666666666 0.8148148148148148 0.5817708333333333 0.8180555555555555 0.5713541666666667 0.8152777777777778 0.56640625 0.8069444444444445 0.5658854166666667 0.7560185185185185 0.5692708333333333 0.7310185185185185 0.56875 0.712037037037037 0.5708333333333333 0.6949074074074074 0.5778645833333333 0.6888888888888889 0.5869791666666667 0.6898148148148148
0 0.8169270833333333 0.23796296296296296 0.8216145833333334 0.24166666666666667 0.8239583333333333 0.25462962962962965 0.8255208333333334 0.3138888888888889 0.8234375 0.32314814814814813 0.8158854166666667 0.32592592592592595 0.80625 0.32546296296296295 0.8015625 0.32083333333333336 0.8015625 0.2828703703703704 0.79921875 0.25277777777777777 0.8002604166666667 0.2449074074074074 0.80390625 0.23935185185185184 0.8166666666666667 0.23796296296296296
0 0.8005208333333333 0.40324074074074073 0.83125 0.40879629629629627 0.840625 0.41388888888888886 0.8424479166666666 0.41944444444444445 0.8419270833333333 0.44722222222222224 0.8388020833333333 0.4532407407407407 0.8307291666666666 0.45555555555555555 0.7830729166666667 0.45092592592592595 0.7760416666666666 0.44583333333333336 0.7723958333333333 0.43333333333333335 0.77265625 0.4185185185185185 0.7760416666666666 0.4078703703703704 0.7828125 0.40324074074074073 0.8002604166666667 0.40324074074074073
0 0.5885416666666666 0.2412037037037037 0.5986979166666667 0.2439814814814815 0.6005208333333333 0.25092592592592594 0.6013020833333333 0.27361111111111114 0.6083333333333333 0.2759259259259259 0.6013020833333333 0.29907407407407405 0.6015625 0.35555555555555557 0.596875 0.3638888888888889 0.5903645833333333 0.3675925925925926 0.5807291666666666 0.36712962962962964 0.575 0.3597222222222222 0.57265625 0.324537037037037 0.5640625 0.3106481481481482 0.56328125 0.30462962962962964 0.5640625 0.29814814814814816 0.5713541666666667 0.30277777777777776 0.5736979166666667 0.2972222222222222 0.5744791666666667 0.25972222222222224 0.5768229166666666 0.24537037037037038 0.58828125 0.2412037037037037
0 0.8127604166666667 0.6865740740740741 0.8244791666666667 0.6925925925925925 0.8263020833333333 0.7125 0.8255208333333334 0.787962962962963 0.8234375 0.7935185185185185 0.8151041666666666 0.7981481481481482 0.80234375 0.7935185185185185 0.7981770833333334 0.7759259259259259 0.7989583333333333 0.7550925925925925 0.8018229166666667 0.737037037037037 0.7981770833333334 0.6976851851851852 0.8033854166666666 0.6884259259259259 0.8125 0.6865740740740741