0 0.8877604166666667 0.1175925925925926 0.8947916666666667 0.12083333333333333 0.89765625 0.1300925925925926 0.8997395833333334 0.21666666666666667 0.89609375 0.2310185185185185 0.8872395833333333 0.23564814814814813 0.8765625 0.23425925925925925 0.871875 0.22453703703703703 0.8721354166666667 0.17685185185185184 0.8700520833333333 0.14212962962962963 0.8739583333333333 0.12222222222222222 0.8799479166666667 0.11805555555555555 0.8875 0.1175925925925926
0 0.7760416666666666 0.1125 0.7828125 0.11481481481481481 0.7848958333333333 0.11990740740740741 0.7877604166666666 0.1865740740740741 0.78671875 0.20277777777777778 0.784375 0.2101851851851852 0.7794270833333333 0.2162037037037037 0.7731770833333333 0.21851851851851853 0.76640625 0.21342592592592594 0.7604166666666666 0.2037037037037037 0.7583333333333333 0.13472222222222222 0.7591145833333334 0.12314814814814815 0.7619791666666667 0.11574074074074074 0.77578125 0.1125
0 0.6263020833333334 0.6736111111111112 0.6309895833333333 0.6759259259259259 0.6346354166666667 0.6824074074074075 0.6375 0.725 0.6364583333333333 0.7861111111111111 0.6325520833333333 0.8037037037037037 0.6276041666666666 0.8083333333333333 0.6127604166666667 0.8060185185185185 0.6080729166666666 0.8009259259259259 0.6059895833333333 0.7935185185185185 0.6078125 0.7731481481481481 0.6075520833333333 0.7199074074074074 0.6106770833333334 0.6851851851851852 0.6161458333333333 0.6736111111111112 0.6260416666666667 0.6736111111111112
0 0.7028645833333333 0.2449074074074074 0.7114583333333333 0.2518518518518518 0.7140625 0.2828703703703704 0.7122395833333334 0.3425925925925926 0.7104166666666667 0.34814814814814815 0.7044270833333334 0.350462962962963 0.6921875 0.34953703703703703 0.6888020833333334 0.3453703703703704 0.6877604166666667 0.33935185185185185 0.6875 0.25462962962962965 0.6911458333333333 0.24722222222222223 0.7026041666666667 0.2449074074074074
0 0.7059895833333333 0.11805555555555555 0.7106770833333333 0.12129629629629629 0.7119791666666667 0.1259259259259259 0.71171875 0.20324074074074075 0.7104166666666667 0.2101851851851852 0.6997395833333333 0.21574074074074073 0.6890625 0.21388888888888888 0.6869791666666667 0.2074074074074074 0.6877604166666667 0.125 0.6919270833333333 0.11851851851851852 0.7057291666666666 0.11805555555555555
0 0.9638020833333333 0.11805555555555555 0.9705729166666667 0.12083333333333333 0.97578125 0.1287037037037037 0.9776041666666667 0.1865740740740741 0.9763020833333333 0.22083333333333333 0.9705729166666667 0.22777777777777777 0.9645833333333333 0.22962962962962963 0.9552083333333333 0.2263888888888889 0.94921875 0.21481481481481482 0.9473958333333333 0.15092592592592594 0.94765625 0.13657407407407407 0.9502604166666667 0.12638888888888888 0.9552083333333333 0.11944444444444445 0.9635416666666666 0.11805555555555555
0 0.8122395833333333 0.09722222222222222 0.81875 0.10138888888888889 0.8221354166666667 0.10972222222222222 0.825 0.1476851851851852 0.8247395833333333 0.1712962962962963 0.8221354166666667 0.19166666666666668 0.8184895833333333 0.19675925925925927 0.8127604166666667 0.1986111111111111 0.8044270833333333 0.19768518518518519 0.79765625 0.19212962962962962 0.7963541666666667 0.11990740740740741 0.796875 0.1125 0.8010416666666667 0.10138888888888889 0.8119791666666667 0.09722222222222222
0 0.81640625 0.5439814814814815 0.8213541666666667 0.5462962962962963 0.825 0.5532407407407407 0.8270833333333333 0.5916666666666667 0.8265625 0.6476851851851851 0.8244791666666667 0.6527777777777778 0.8177083333333334 0.6560185185185186 0.8057291666666667 0.6550925925925926 0.8002604166666667 0.65 0.7981770833333334 0.575462962962963 0.7984375 0.5569444444444445 0.8010416666666667 0.5467592592592593 0.8072916666666666 0.5435185185185185 0.8161458333333333 0.5439814814814815
0 0.6614583333333334 0.9675925925925926 0.6661458333333333 0.9703703703703703 0.6716145833333333 0.9814814814814815 0.6736979166666667 0.999537037037037 0.6442708333333333 0.999537037037037 0.646875 0.9740740740740741 0.6505208333333333 0.9689814814814814 0.6611979166666667 0.9675925925925926
0 0.5502604166666667 0.5296296296296297 0.5606770833333333 0.5356481481481481 0.5611979166666666 0.55 0.559375 0.5842592592592593 0.5609375 0.6023148148148149 0.5598958333333334 0.6333333333333333 0.5572916666666666 0.6444444444444445 0.5505208333333333 0.6481481481481481 0.5364583333333334 0.6444444444444445 0.5330729166666667 0.6324074074074074 0.5359375 0.5337962962962963 0.5395833333333333 0.5300925925925926 0.55 0.5296296296296297
0 0.62421875 0.5365740740740741 0.6299479166666667 0.5388888888888889 0.6328125 0.5472222222222223 0.6364583333333333 0.637962962962963 0.634375 0.6476851851851851 0.63046875 0.6541666666666667 0.6169270833333333 0.6578703703703703 0.6109375 0.6523148148148148 0.6078125 0.6388888888888888 0.6057291666666667 0.55 0.609375 0.5393518518518519 0.6239583333333333 0.5365740740740741
0 0.8630208333333333 0.687037037037037 0.8684895833333334 0.6916666666666667 0.8721354166666667 0.7032407407407407 0.87421875 0.787962962962963 0.8729166666666667 0.8009259259259259 0.8606770833333334 0.8064814814814815 0.8484375 0.8023148148148148 0.8453125 0.7902777777777777 0.84375 0.7083333333333334 0.8447916666666667 0.6958333333333333 0.8481770833333333 0.6893518518518519 0.8546875 0.6861111111111111 0.8627604166666667 0.687037037037037
0 0.7421875 0.24814814814814815 0.7489583333333333 0.2537037037037037 0.75234375 0.262037037037037 0.7544270833333333 0.3425925925925926 0.7515625 0.35138888888888886 0.7385416666666667 0.3541666666666667 0.7322916666666667 0.35185185185185186 0.7296875 0.3458333333333333 0.7263020833333333 0.2671296296296296 0.73125 0.2523148148148148 0.7419270833333333 0.24814814814814815
0 0.6666666666666666 0.11666666666666667 0.6731770833333334 0.11944444444444445 0.6755208333333333 0.12638888888888888 0.6765625 0.21296296296296297 0.6723958333333333 0.22546296296296298 0.6622395833333333 0.23194444444444445 0.6541666666666667 0.22916666666666666 0.6481770833333333 0.22037037037037038 0.6473958333333333 0.19398148148148148 0.6518229166666667 0.12638888888888888 0.6567708333333333 0.1175925925925926 0.66640625 0.11666666666666667
0 0.7817708333333333 0.5458333333333333 0.7877604166666666 0.5509259259259259 0.7901041666666667 0.5611111111111111 0.7916666666666666 0.6263888888888889 0.78984375 0.6472222222222223 0.7822916666666667 0.6527777777777778 0.7713541666666667 0.6518518518518519 0.765625 0.6398148148148148 0.7658854166666667 0.6018518518518519 0.7630208333333334 0.5675925925925925 0.7638020833333333 0.5541666666666667 0.7658854166666667 0.55 0.7713541666666667 0.5462962962962963 0.7815104166666667 0.5458333333333333
0 0.5973958333333333 0.11712962962962963 0.6 0.11944444444444445 0.6015625 0.12638888888888888 0.60078125 0.19953703703703704 0.5973958333333333 0.22037037037037038 0.5893229166666667 0.22777777777777777 0.5815104166666667 0.22685185185185186 0.57421875 0.21435185185185185 0.5755208333333334 0.12824074074074074 0.5768229166666666 0.11944444444444445 0.5807291666666666 0.1162037037037037 0.5971354166666667 0.11712962962962963
0 0.59296875 0.23657407407407408 0.6005208333333333 0.2412037037037037 0.6028645833333334 0.28194444444444444 0.60234375 0.3472222222222222 0.5989583333333334 0.3592592592592593 0.5942708333333333 0.3625 0.58125 0.3625 0.5768229166666666 0.3560185185185185 0.57421875 0.34675925925925927 0.5768229166666666 0.2449074074074074 0.578125 0.23981481481481481 0.5822916666666667 0.2375 0.5927083333333333 0.23657407407407408
0 0.9356770833333333 0.5449074074074074 0.9411458333333333 0.5486111111111112 0.9453125 0.5569444444444445 0.9489583333333333 0.5884259259259259 0.9486979166666667 0.6578703703703703 0.94609375 0.6657407407407407 0.9380208333333333 0.6699074074074074 0.9286458333333333 0.6694444444444444 0.921875 0.6606481481481481 0.9177083333333333 0.600462962962963 0.9182291666666667 0.5537037037037037 0.9244791666666666 0.5462962962962963 0.9354166666666667 0.5449074074074074
0 0.5864583333333333 0.6847222222222222 0.59453125 0.6888888888888889 0.5971354166666667 0.6958333333333333 0.5950520833333334 0.7875 0.5924479166666666 0.8060185185185185 0.58203125 0.8134259259259259 0.57421875 0.8115740740740741 0.56875 0.8027777777777778 0.5674479166666667 0.7833333333333333 0.56953125 0.7796296296296297 0.5697916666666667 0.7703703703703704 0.5677083333333334 0.7541666666666667 0.5716145833333334 0.6930555555555555 0.5768229166666666 0.6851851851851852 0.5861979166666667 0.6847222222222222
0 0.70390625 0.6782407407407407 0.71015625 0.6824074074074075 0.7119791666666667 0.6884259259259259 0.71328125 0.736574074074074 0.7119791666666667 0.7898148148148149 0.7098958333333333 0.7949074074074074 0.70390625 0.7967592592592593 0.6854166666666667 0.7930555555555555 0.6830729166666667 0.7842592592592592 0.6864583333333333 0.6861111111111111 0.69140625 0.6777777777777778 0.7036458333333333 0.6782407407407407
0 0.7401041666666667 0.687962962962963 0.74453125 0.6907407407407408 0.7481770833333333 0.7023148148148148 0.7510416666666667 0.763425925925926 0.7497395833333333 0.7805555555555556 0.7411458333333333 0.7856481481481481 0.7291666666666666 0.7847222222222222 0.7255208333333333 0.7791666666666667 0.72109375 0.7069444444444445 0.7213541666666666 0.6967592592592593 0.7236979166666667 0.6912037037037037 0.73984375 0.687962962962963
0 0.5434895833333333 0.6708333333333333 0.55 0.6731481481481482 0.5541666666666667 0.6796296296296296 0.55625 0.7652777777777777 0.55390625 0.7819444444444444 0.5502604166666667 0.7875 0.5440104166666667 0.7902777777777777 0.5328125 0.7861111111111111 0.52890625 0.7763888888888889 0.5276041666666667 0.7134259259259259 0.5294270833333333 0.6782407407407407 0.5322916666666667 0.674074074074074 0.5432291666666667 0.6708333333333333
0 0.8565104166666667 0.12916666666666668 0.8604166666666667 0.13842592592592592 0.8606770833333334 0.2050925925925926 0.8588541666666667 0.22037037037037038 0.8502604166666666 0.2273148148148148 0.8380208333333333 0.22546296296296298 0.834375 0.2199074074074074 0.8348958333333333 0.13333333333333333 0.8411458333333334 0.12777777777777777 0.85625 0.12916666666666668
0 0.8736979166666666 0.8412037037037037 0.8885416666666667 0.8416666666666667 0.8947916666666667 0.8458333333333333 0.8984375 0.8592592592592593 0.89765625 0.8837962962962963 0.8885416666666667 0.8902777777777777 0.85234375 0.8921296296296296 0.83515625 0.8912037037037037 0.828125 0.8861111111111111 0.8252604166666667 0.8666666666666667 0.8263020833333333 0.8490740740740741 0.8302083333333333 0.8439814814814814 0.8364583333333333 0.8421296296296297 0.8734375 0.8412037037037037
0 0.6653645833333334 0.26064814814814813 0.6721354166666667 0.2657407407407407 0.6744791666666666 0.29953703703703705 0.6723958333333333 0.34444444444444444 0.66484375 0.3486111111111111 0.65078125 0.34675925925925927 0.6486979166666667 0.3439814814814815 0.6473958333333333 0.3347222222222222 0.64921875 0.32175925925925924 0.6486979166666667 0.26944444444444443 0.6536458333333334 0.2611111111111111 0.6651041666666667 0.26064814814814813
0 0.8546875 0.24259259259259258 0.8604166666666667 0.24722222222222223 0.8638020833333333 0.25833333333333336 0.8677083333333333 0.32037037037037036 0.8661458333333333 0.34074074074074073 0.8630208333333333 0.34629629629629627 0.8559895833333333 0.34814814814814815 0.8450520833333334 0.3476851851851852 0.8408854166666667 0.3416666666666667 0.83828125 0.31851851851851853 0.8359375 0.2601851851851852 0.8377604166666667 0.24861111111111112 0.8408854166666667 0.2449074074074074 0.8544270833333333 0.24259259259259258
0 0.7494791666666667 0.04861111111111111 0.7552083333333334 0.05694444444444444 0.7549479166666667 0.07314814814814814 0.7434895833333334 0.15462962962962962 0.7401041666666667 0.1648148148148148 0.7348958333333333 0.16712962962962963 0.7236979166666667 0.16435185185185186 0.7169270833333333 0.15601851851851853 0.7174479166666666 0.13425925925925927 0.7309895833333333 0.055092592592592596 0.7375 0.04490740740740741 0.74921875 0.04861111111111111
0 0.7216145833333333 0.37407407407407406 0.7518229166666667 0.3763888888888889 0.7588541666666667 0.3800925925925926 0.7609375 0.38657407407407407 0.76171875 0.4041666666666667 0.7598958333333333 0.4185185185185185 0.7559895833333333 0.42314814814814816 0.70703125 0.4199074074074074 0.7002604166666667 0.4152777777777778 0.6981770833333333 0.40370370370370373 0.7 0.38055555555555554 0.7091145833333333 0.3731481481481482 0.7213541666666666 0.37407407407407406
0 0.6283854166666667 0.2324074074074074 0.63515625 0.2361111111111111 0.6393229166666666 0.24814814814814815 0.6403645833333333 0.3199074074074074 0.6380208333333334 0.34074074074074073 0.62890625 0.3453703703703704 0.61796875 0.3435185185185185 0.6135416666666667 0.3347222222222222 0.6119791666666666 0.2550925925925926 0.6143229166666667 0.2375 0.6197916666666666 0.23287037037037037 0.628125 0.2324074074074074
0 0.8924479166666667 0.5541666666666667 0.90625 0.5606481481481481 0.9078125 0.5671296296296297 0.9088541666666666 0.612037037037037 0.9080729166666667 0.6509259259259259 0.9028645833333333 0.6620370370370371 0.8947916666666667 0.6643518518518519 0.8846354166666667 0.6620370370370371 0.8815104166666666 0.6578703703703703 0.8794270833333333 0.6171296296296296 0.8802083333333334 0.5611111111111111 0.88359375 0.5564814814814815 0.8921875 0.5541666666666667
0 0.9015625 0.25092592592592594 0.9065104166666667 0.25462962962962965 0.9098958333333333 0.26157407407407407 0.9151041666666667 0.29212962962962963 0.9130208333333333 0.29953703703703705 0.91484375 0.3300925925925926 0.9140625 0.3523148148148148 0.9111979166666667 0.3597222222222222 0.90234375 0.3638888888888889 0.8893229166666666 0.362962962962963 0.8825520833333333 0.35185185185185186 0.88203125 0.3416666666666667 0.88515625 0.3314814814814815 0.8841145833333334 0.29305555555555557 0.8794270833333333 0.2800925925925926 0.8864583333333333 0.2550925925925926 0.8940104166666667 0.25046296296296294 0.9013020833333333 0.25092592592592594
0 0.7424479166666667 0.5328703703703703 0.7494791666666667 0.5365740740740741 0.7515625 0.5430555555555555 0.7515625 0.6180555555555556 0.7481770833333333 0.6347222222222222 0.73984375 0.637962962962963 0.7307291666666667 0.6365740740740741 0.7270833333333333 0.6324074074074074 0.7260416666666667 0.6268518518518519 0.7268229166666667 0.5416666666666666 0.7309895833333333 0.5342592592592592 0.7421875 0.5328703703703703
0 0.6283854166666667 0.09907407407407408 0.63359375 0.10277777777777777 0.6369791666666667 0.1125 0.6385416666666667 0.15462962962962962 0.6369791666666667 0.2023148148148148 0.6341145833333334 0.20833333333333334 0.6276041666666666 0.2125 0.6190104166666667 0.21203703703703702 0.6130208333333333 0.2074074074074074 0.6104166666666667 0.18564814814814815 0.6125 0.11064814814814815 0.61953125 0.1 0.628125 0.09907407407407408
0 0.9651041666666667 0.24305555555555555 0.971875 0.24583333333333332 0.975 0.25046296296296294 0.9783854166666667 0.2824074074074074 0.97734375 0.3384259259259259 0.9739583333333334 0.3509259259259259 0.9653645833333333 0.3560185185185185 0.9591145833333333 0.3560185185185185 0.9494791666666667 0.34953703703703703 0.94609375 0.34074074074074073 0.9455729166666667 0.3314814814814815 0.94765625 0.30416666666666664 0.94609375 0.26296296296296295 0.9526041666666667 0.24583333333333332 0.96484375 0.24305555555555555
0 0.6572916666666667 0.6898148148148148 0.67109375 0.6916666666666667 0.675 0.6986111111111111 0.67421875 0.7828703703703703 0.66953125 0.799074074074074 0.66328125 0.8037037037037037 0.65 0.8013888888888889 0.6463541666666667 0.7907407407407407 0.6489583333333333 0.6958333333333333 0.65078125 0.6884259259259259 0.65703125 0.6898148148148148
0 0.7109375 0.5523148148148148 0.7145833333333333 0.5574074074074075 0.7158854166666667 0.5740740740740741 0.7158854166666667 0.6138888888888889 0.7145833333333333 0.6180555555555556 0.7109375 0.6194444444444445 0.6934895833333333 0.6189814814814815 0.69140625 0.6134259259259259 0.6934895833333333 0.5916666666666667 0.6921875 0.5550925925925926 0.6958333333333333 0.5518518518518518 0.7106770833333333 0.5523148148148148
0 0.7854166666666667 0.6773148148148148 0.78984375 0.6824074074074075 0.7921875 0.6995370370370371 0.7934895833333333 0.7805555555555556 0.78828125 0.7967592592592593 0.7794270833333333 0.8 0.7703125 0.7962962962962963 0.765625 0.7861111111111111 0.7635416666666667 0.6967592592592593 0.7669270833333334 0.6782407407407407 0.78515625 0.6773148148148148
0 0.81953125 0.23333333333333334 0.8234375 0.23796296296296296 0.8265625 0.26157407407407407 0.8260416666666667 0.31296296296296294 0.8234375 0.3189814814814815 0.8143229166666667 0.32175925925925924 0.80625 0.32037037037037036 0.8020833333333334 0.3143518518518518 0.8028645833333333 0.2828703703703704 0.80078125 0.2439814814814815 0.8049479166666667 0.23333333333333334 0.8192708333333333 0.23333333333333334
0 0.7791666666666667 0.22962962962962963 0.7875 0.23564814814814813 0.79140625 0.24768518518518517 0.7919270833333333 0.325 0.78984375 0.3365740740740741 0.7828125 0.3416666666666667 0.7684895833333333 0.3388888888888889 0.765625 0.33055555555555555 0.76484375 0.3138888888888889 0.7651041666666667 0.24212962962962964 0.7684895833333333 0.2337962962962963 0.77890625 0.22962962962962963
0 0.5908854166666667 0.4097222222222222 0.6015625 0.4162037037037037 0.6380208333333334 0.45046296296296295 0.6403645833333333 0.45694444444444443 0.63984375 0.4671296296296296 0.63515625 0.4875 0.6317708333333333 0.4898148148148148 0.6203125 0.48703703703703705 0.6059895833333333 0.4722222222222222 0.5815104166666667 0.4550925925925926 0.5744791666666667 0.4462962962962963 0.57421875 0.43333333333333335 0.5799479166666667 0.41435185185185186 0.5841145833333333 0.4097222222222222 0.590625 0.4097222222222222
0 0.859375 0.5476851851851852 0.8682291666666667 0.5532407407407407 0.8705729166666667 0.5675925925925925 0.8661458333333333 0.6574074074074074 0.86328125 0.6666666666666666 0.8559895833333333 0.6703703703703704 0.84140625 0.6648148148148149 0.8390625 0.6430555555555556 0.8419270833333333 0.5675925925925925 0.8484375 0.5481481481481482 0.8591145833333333 0.5476851851851852
0 0.81875 0.6828703703703703 0.825 0.6875 0.8268229166666666 0.6944444444444444 0.8276041666666667 0.7791666666666667 0.82421875 0.7888888888888889 0.8151041666666666 0.7939814814814815 0.80390625 0.7893518518518519 0.8 0.7796296296296297 0.79921875 0.7620370370370371 0.8018229166666667 0.7337962962962963 0.7994791666666666 0.7134259259259259 0.7997395833333333 0.6958333333333333 0.8041666666666667 0.6837962962962963 0.8184895833333333 0.6828703703703703