0 0.8890625 0.12638888888888888 0.8940104166666667 0.12962962962962962 0.8955729166666667 0.13657407407407407 0.8984375 0.20092592592592592 0.8958333333333334 0.2375 0.8880208333333334 0.24259259259259258 0.8763020833333334 0.24212962962962964 0.8708333333333333 0.23425925925925925 0.8692708333333333 0.22592592592592592 0.8700520833333333 0.19537037037037036 0.8682291666666667 0.1574074074074074 0.86953125 0.13842592592592592 0.87265625 0.12916666666666668 0.87890625 0.1259259259259259 0.8888020833333333 0.12638888888888888
0 0.8143229166666667 0.10648148148148148 0.8184895833333333 0.11296296296296296 0.82109375 0.12268518518518519 0.82265625 0.16342592592592592 0.8205729166666667 0.1962962962962963 0.8182291666666667 0.20277777777777778 0.8106770833333333 0.2064814814814815 0.8 0.20416666666666666 0.7947916666666667 0.19583333333333333 0.796875 0.17962962962962964 0.7940104166666667 0.12777777777777777 0.7966145833333333 0.11527777777777778 0.8002604166666667 0.10787037037037037 0.8065104166666667 0.10462962962962963 0.8140625 0.10648148148148148
0 0.7796875 0.5527777777777778 0.7854166666666667 0.5569444444444445 0.7875 0.5638888888888889 0.7903645833333334 0.6319444444444444 0.7885416666666667 0.6546296296296297 0.7794270833333333 0.6606481481481481 0.7692708333333333 0.6592592592592592 0.76484375 0.6509259259259259 0.7614583333333333 0.5893518518518519 0.7625 0.5606481481481481 0.76953125 0.5537037037037037 0.7794270833333333 0.5527777777777778
0 0.7390625 0.25601851851851853 0.7484375 0.2625 0.7515625 0.2828703703703704 0.7528645833333333 0.3523148148148148 0.7515625 0.35833333333333334 0.7432291666666667 0.3611111111111111 0.7333333333333333 0.36018518518518516 0.7283854166666667 0.3541666666666667 0.7268229166666667 0.3476851851851852 0.7247395833333333 0.2722222222222222 0.7307291666666667 0.25833333333333336 0.7388020833333333 0.25601851851851853
0 0.07135416666666666 0.1037037037037037 0.07630208333333334 0.10787037037037037 0.07916666666666666 0.11666666666666667 0.07473958333333333 0.1648148148148148 0.07135416666666666 0.175 0.06875 0.19953703703703704 0.0640625 0.2064814814814815 0.057291666666666664 0.20879629629629629 0.04921875 0.2050925925925926 0.04375 0.19583333333333333 0.0453125 0.16111111111111112 0.05625 0.10740740740740741 0.06041666666666667 0.10324074074074074 0.07109375 0.1037037037037037
0 0.7013020833333333 0.25277777777777777 0.70703125 0.2550925925925926 0.7104166666666667 0.26157407407407407 0.71171875 0.3111111111111111 0.7109375 0.350462962962963 0.7067708333333333 0.35694444444444445 0.7 0.35833333333333334 0.68984375 0.35555555555555557 0.6869791666666667 0.35138888888888886 0.6848958333333334 0.2875 0.68671875 0.2574074074074074 0.6901041666666666 0.2537037037037037 0.7010416666666667 0.25277777777777777
0 0.9627604166666667 0.1259259259259259 0.9682291666666667 0.12916666666666668 0.9739583333333334 0.1388888888888889 0.9752604166666666 0.16574074074074074 0.975 0.22546296296296298 0.9708333333333333 0.2337962962962963 0.9645833333333333 0.23657407407407408 0.9544270833333334 0.23472222222222222 0.9479166666666666 0.22546296296296298 0.946875 0.1648148148148148 0.9447916666666667 0.15833333333333333 0.9458333333333333 0.1425925925925926 0.9486979166666667 0.13333333333333333 0.9533854166666667 0.12731481481481483 0.9625 0.1259259259259259
0 0.8455729166666667 0.13518518518518519 0.85703125 0.1388888888888889 0.8591145833333333 0.15787037037037038 0.8580729166666666 0.21944444444444444 0.85390625 0.23194444444444445 0.8486979166666667 0.23472222222222222 0.83515625 0.2324074074074074 0.8315104166666667 0.22037037037037038 0.8330729166666667 0.1962962962962963 0.8328125 0.1412037037037037 0.8354166666666667 0.13657407407407407 0.8453125 0.13518518518518519
0 0.8143229166666667 0.5513888888888889 0.8208333333333333 0.5550925925925926 0.8231770833333333 0.5625 0.8260416666666667 0.6078703703703704 0.8252604166666667 0.6541666666666667 0.8216145833333334 0.6611111111111111 0.8145833333333333 0.6638888888888889 0.803125 0.6625 0.7989583333333333 0.6574074074074074 0.7986979166666667 0.5976851851851852 0.796875 0.5810185185185185 0.79765625 0.5611111111111111 0.8002604166666667 0.5532407407407407 0.8140625 0.5513888888888889
0 0.6856770833333333 0.3958333333333333 0.6895833333333333 0.40046296296296297 0.6924479166666667 0.412962962962963 0.7026041666666667 0.48055555555555557 0.70234375 0.49166666666666664 0.6997395833333333 0.49907407407407406 0.6877604166666667 0.5060185185185185 0.6815104166666667 0.5050925925925925 0.6765625 0.49444444444444446 0.6645833333333333 0.4203703703703704 0.66484375 0.40694444444444444 0.6682291666666667 0.40046296296296297 0.6786458333333333 0.39444444444444443 0.6854166666666667 0.3958333333333333
0 0.859375 0.6935185185185185 0.86640625 0.6976851851851852 0.8700520833333333 0.7050925925925926 0.8731770833333333 0.7541666666666667 0.87265625 0.8064814814814815 0.86953125 0.812037037037037 0.8627604166666667 0.8143518518518519 0.84765625 0.8106481481481481 0.8434895833333333 0.7921296296296296 0.8442708333333333 0.7398148148148148 0.8416666666666667 0.725462962962963 0.8419270833333333 0.7074074074074074 0.8489583333333334 0.6953703703703704 0.8591145833333333 0.6935185185185185
0 0.5927083333333333 0.24444444444444444 0.5981770833333333 0.24722222222222223 0.6002604166666666 0.25416666666666665 0.6010416666666667 0.35324074074074074 0.596875 0.36527777777777776 0.58984375 0.36944444444444446 0.5799479166666667 0.3680555555555556 0.5747395833333333 0.36342592592592593 0.5729166666666666 0.35138888888888886 0.57265625 0.31805555555555554 0.575 0.2513888888888889 0.5778645833333333 0.24583333333333332 0.5924479166666666 0.24444444444444444
0 0.6263020833333334 0.5449074074074074 0.6299479166666667 0.549074074074074 0.63203125 0.562037037037037 0.6346354166666667 0.6449074074074074 0.6307291666666667 0.6587962962962963 0.6208333333333333 0.662962962962963 0.6119791666666666 0.6615740740740741 0.6072916666666667 0.6546296296296297 0.6036458333333333 0.562037037037037 0.60546875 0.549537037037037 0.60859375 0.5453703703703704 0.6260416666666667 0.5449074074074074
0 0.66875 0.125 0.6729166666666667 0.13055555555555556 0.6752604166666667 0.15 0.6736979166666667 0.1875 0.6747395833333333 0.22546296296296298 0.67109375 0.23194444444444445 0.6611979166666667 0.2388888888888889 0.65 0.2351851851851852 0.6458333333333334 0.225 0.64921875 0.14027777777777778 0.65078125 0.1300925925925926 0.6546875 0.125 0.6684895833333333 0.125
0 0.59375 0.12361111111111112 0.5981770833333333 0.12638888888888888 0.6002604166666666 0.13796296296296295 0.5989583333333334 0.21712962962962962 0.59609375 0.2273148148148148 0.58671875 0.2351851851851852 0.5770833333333333 0.23148148148148148 0.5716145833333334 0.21898148148148147 0.57421875 0.13148148148148148 0.5794270833333334 0.12314814814814815 0.5934895833333333 0.12361111111111112
0 0.8596354166666667 0.5560185185185185 0.86640625 0.5592592592592592 0.8684895833333334 0.5675925925925925 0.8677083333333333 0.6375 0.8658854166666666 0.6648148148148149 0.8611979166666667 0.6763888888888889 0.85703125 0.6787037037037037 0.8416666666666667 0.674537037037037 0.8380208333333333 0.6671296296296296 0.8372395833333334 0.6578703703703703 0.8419270833333333 0.5708333333333333 0.8479166666666667 0.5560185185185185 0.859375 0.5560185185185185
0 0.8973958333333333 0.562962962962963 0.9028645833333333 0.5662037037037037 0.9052083333333333 0.5717592592592593 0.9075520833333334 0.6296296296296297 0.9059895833333333 0.6625 0.9026041666666667 0.6694444444444444 0.8979166666666667 0.6717592592592593 0.88359375 0.6708333333333333 0.8799479166666667 0.6657407407407407 0.8783854166666667 0.6194444444444445 0.8796875 0.5666666666666667 0.8872395833333333 0.5625 0.8971354166666666 0.562962962962963
0 0.6934895833333333 0.6842592592592592 0.70703125 0.6884259259259259 0.71171875 0.7023148148148148 0.71171875 0.7731481481481481 0.7096354166666666 0.799074074074074 0.7057291666666666 0.8037037037037037 0.6854166666666667 0.8013888888888889 0.68125 0.7921296296296296 0.684375 0.6958333333333333 0.6869791666666667 0.687962962962963 0.6932291666666667 0.6842592592592592
0 0.73828125 0.6953703703703704 0.7427083333333333 0.6981481481481482 0.7455729166666667 0.7060185185185185 0.7494791666666667 0.7824074074074074 0.7466145833333333 0.7902777777777777 0.7377604166666667 0.7935185185185185 0.72734375 0.7930555555555555 0.7239583333333334 0.7875 0.7190104166666667 0.725925925925926 0.7192708333333333 0.7069444444444445 0.7216145833333333 0.6995370370370371 0.7380208333333333 0.6953703703703704
0 0.38385416666666666 0.5837962962962963 0.39401041666666664 0.5921296296296297 0.39557291666666666 0.6064814814814815 0.38177083333333334 0.6912037037037037 0.3776041666666667 0.6995370370370371 0.3734375 0.7023148148148148 0.365625 0.7 0.35859375 0.6925925925925925 0.3567708333333333 0.6847222222222222 0.3572916666666667 0.6717592592592593 0.3697916666666667 0.5972222222222222 0.37552083333333336 0.5842592592592593 0.38359375 0.5837962962962963
0 0.7018229166666666 0.12546296296296297 0.7080729166666667 0.12824074074074074 0.7098958333333333 0.13518518518518519 0.71015625 0.2101851851851852 0.7067708333333333 0.2199074074074074 0.6984375 0.22314814814814815 0.6885416666666667 0.2212962962962963 0.68515625 0.21435185185185185 0.6856770833333333 0.13333333333333333 0.6890625 0.12731481481481483 0.7015625 0.12546296296296297
0 0.66328125 0.2675925925925926 0.6690104166666667 0.27037037037037037 0.671875 0.28055555555555556 0.6705729166666666 0.34629629629629627 0.6682291666666667 0.35324074074074074 0.6559895833333333 0.35462962962962963 0.6473958333333333 0.3523148148148148 0.64609375 0.34675925925925927 0.6466145833333333 0.2828703703703704 0.6505208333333333 0.26851851851851855 0.6630208333333333 0.2675925925925926
0 0.5447916666666667 0.5361111111111111 0.5567708333333333 0.5393518518518519 0.559375 0.5453703703703704 0.5578125 0.6407407407407407 0.55546875 0.6509259259259259 0.5481770833333334 0.6550925925925926 0.5359375 0.6527777777777778 0.5328125 0.649074074074074 0.53125 0.6412037037037037 0.5338541666666666 0.5435185185185185 0.5361979166666667 0.537962962962963 0.54453125 0.5361111111111111
0 0.7877604166666666 0.4046296296296296 0.83203125 0.4111111111111111 0.8401041666666667 0.4148148148148148 0.8419270833333333 0.41805555555555557 0.8427083333333333 0.4287037037037037 0.8419270833333333 0.4486111111111111 0.8385416666666666 0.45601851851851855 0.8317708333333333 0.45925925925925926 0.7833333333333333 0.4537037037037037 0.7763020833333333 0.449537037037037 0.7723958333333333 0.4388888888888889 0.7729166666666667 0.41898148148148145 0.7776041666666667 0.4078703703703704 0.7875 0.4046296296296296
0 0.6291666666666667 0.24027777777777778 0.634375 0.24351851851851852 0.6380208333333334 0.2550925925925926 0.6390625 0.324537037037037 0.6369791666666667 0.3453703703703704 0.6270833333333333 0.3523148148148148 0.6158854166666666 0.3509259259259259 0.6119791666666666 0.3449074074074074 0.6109375 0.26157407407407407 0.6138020833333333 0.24444444444444444 0.6203125 0.23981481481481481 0.62890625 0.24027777777777778
0 0.9380208333333333 0.5541666666666667 0.94296875 0.5601851851851852 0.9455729166666667 0.5689814814814815 0.9479166666666666 0.6055555555555555 0.9479166666666666 0.6550925925925926 0.9455729166666667 0.6712962962962963 0.93671875 0.6768518518518518 0.9255208333333333 0.675 0.9200520833333333 0.6648148148148149 0.9171875 0.6263888888888889 0.91875 0.6087962962962963 0.915625 0.5662037037037037 0.9166666666666666 0.5606481481481481 0.9223958333333333 0.5537037037037037 0.9377604166666667 0.5541666666666667
0 0.6614583333333334 0.6962962962962963 0.6684895833333333 0.6981481481481482 0.67265625 0.7032407407407407 0.6734375 0.7412037037037037 0.671875 0.7935185185185185 0.6697916666666667 0.8032407407407407 0.6622395833333333 0.812037037037037 0.65078125 0.8106481481481481 0.646875 0.8069444444444445 0.6450520833333333 0.7986111111111112 0.6458333333333334 0.7129629629629629 0.6526041666666667 0.6962962962962963 0.6611979166666667 0.6962962962962963
0 0.6630208333333333 0.9879629629629629 0.6682291666666667 0.9921296296296296 0.6708333333333333 0.999537037037037 0.6463541666666667 0.999537037037037 0.6510416666666666 0.9898148148148148 0.6627604166666666 0.9879629629629629
0 0.853125 0.25 0.8575520833333333 0.2537037037037037 0.86171875 0.2652777777777778 0.8661458333333333 0.3388888888888889 0.8630208333333333 0.3527777777777778 0.8463541666666666 0.35648148148148145 0.8419270833333333 0.35509259259259257 0.83828125 0.3458333333333333 0.834375 0.2638888888888889 0.83515625 0.25833333333333336 0.8388020833333333 0.25277777777777777 0.8528645833333334 0.25
0 0.7783854166666667 0.23703703703703705 0.7864583333333334 0.24351851851851852 0.78984375 0.25555555555555554 0.7903645833333334 0.3282407407407407 0.7869791666666667 0.3453703703703704 0.7763020833333333 0.3490740740740741 0.7669270833333334 0.3453703703703704 0.7635416666666667 0.337037037037037 0.76171875 0.27037037037037037 0.7643229166666666 0.2449074074074074 0.7721354166666666 0.23703703703703705 0.778125 0.23703703703703705
0 0.746875 0.5421296296296296 0.7497395833333333 0.5462962962962963 0.7502604166666667 0.5523148148148148 0.7494791666666667 0.6305555555555555 0.7471354166666667 0.6407407407407407 0.7393229166666667 0.6458333333333334 0.7299479166666667 0.6444444444444445 0.7247395833333333 0.6375 0.7252604166666666 0.549074074074074 0.7270833333333333 0.5425925925925926 0.7330729166666666 0.5398148148148149 0.7466145833333333 0.5421296296296296
0 0.6236979166666666 0.10601851851851851 0.6307291666666667 0.1087962962962963 0.6346354166666667 0.1162037037037037 0.6377604166666667 0.16203703703703703 0.63515625 0.20925925925925926 0.63046875 0.21712962962962962 0.6234375 0.2199074074074074 0.615625 0.21851851851851853 0.6111979166666667 0.21342592592592594 0.6091145833333333 0.18796296296296297 0.6106770833333334 0.11898148148148148 0.6151041666666667 0.10925925925925926 0.6234375 0.10601851851851851
0 0.9635416666666666 0.25046296296296294 0.9703125 0.25462962962962965 0.97421875 0.2625 0.9763020833333333 0.28935185185185186 0.975 0.3527777777777778 0.971875 0.3597222222222222 0.9640625 0.3638888888888889 0.9497395833333333 0.3592592592592593 0.94375 0.3453703703703704 0.9455729166666667 0.3074074074074074 0.9440104166666666 0.2722222222222222 0.95078125 0.2537037037037037 0.96328125 0.25046296296296294
0 0.7057291666666666 0.5583333333333333 0.7125 0.5634259259259259 0.7143229166666667 0.5814814814814815 0.7140625 0.6231481481481481 0.7104166666666667 0.6268518518518519 0.6924479166666667 0.6263888888888889 0.6895833333333333 0.6199074074074075 0.6911458333333333 0.5990740740740741 0.6903645833333333 0.5638888888888889 0.6955729166666667 0.5587962962962963 0.70546875 0.5583333333333333
0 0.6236979166666666 0.6856481481481481 0.6302083333333334 0.6893518518518519 0.6325520833333333 0.6962962962962963 0.6356770833333333 0.7703703703703704 0.6333333333333333 0.8027777777777778 0.6294270833333333 0.8134259259259259 0.6231770833333333 0.8157407407407408 0.6106770833333334 0.8143518518518519 0.6052083333333333 0.8074074074074075 0.6041666666666666 0.7958333333333333 0.6059895833333333 0.7782407407407408 0.6026041666666667 0.7615740740740741 0.6041666666666666 0.7583333333333333 0.603125 0.7444444444444445 0.60546875 0.7379629629629629 0.6091145833333333 0.6925925925925925 0.6127604166666667 0.6875 0.6234375 0.6856481481481481
0 0.7838541666666666 0.6851851851851852 0.7875 0.6888888888888889 0.7901041666666667 0.7055555555555556 0.7924479166666667 0.7828703703703703 0.78828125 0.8009259259259259 0.7802083333333333 0.8074074074074075 0.7697916666666667 0.8041666666666667 0.7635416666666667 0.7935185185185185 0.76171875 0.7097222222222223 0.7651041666666667 0.6865740740740741 0.78359375 0.6851851851851852
0 0.5450520833333333 0.6796296296296296 0.55078125 0.6828703703703703 0.5536458333333333 0.6907407407407408 0.5546875 0.7712962962962963 0.5520833333333334 0.7898148148148149 0.5442708333333334 0.7967592592592593 0.5315104166666667 0.7949074074074074 0.52734375 0.7861111111111111 0.52578125 0.6958333333333333 0.52734375 0.6865740740740741 0.53125 0.6814814814814815 0.5361979166666667 0.6787037037037037 0.5447916666666667 0.6796296296296296
0 0.8143229166666667 0.23981481481481481 0.8190104166666666 0.24166666666666667 0.8221354166666667 0.24768518518518517 0.8252604166666667 0.29305555555555557 0.8244791666666667 0.32175925925925924 0.82109375 0.32685185185185184 0.815625 0.3282407407407407 0.80390625 0.32731481481481484 0.8002604166666667 0.32083333333333336 0.8015625 0.2898148148148148 0.7989583333333333 0.2625 0.8 0.24814814814814815 0.8033854166666666 0.2412037037037037 0.8140625 0.23981481481481481
0 0.7734375 0.11990740740740741 0.7799479166666666 0.12222222222222222 0.78359375 0.12731481481481483 0.7859375 0.19953703703703704 0.7830729166666667 0.2175925925925926 0.7731770833333333 0.22453703703703703 0.7645833333333333 0.22268518518518518 0.7622395833333333 0.21435185185185185 0.7578125 0.20972222222222223 0.7583333333333333 0.17222222222222222 0.7565104166666666 0.14583333333333334 0.7572916666666667 0.1310185185185185 0.7609375 0.12268518518518519 0.7731770833333333 0.11990740740740741
0 0.8981770833333333 0.25833333333333336 0.903125 0.2611111111111111 0.9078125 0.26851851851851855 0.9106770833333333 0.2902777777777778 0.9138020833333333 0.3 0.9111979166666667 0.30694444444444446 0.9130208333333333 0.3472222222222222 0.9119791666666667 0.3625 0.9078125 0.36898148148148147 0.89765625 0.37175925925925923 0.8885416666666667 0.3699074074074074 0.8807291666666667 0.35833333333333334 0.88046875 0.3486111111111111 0.8830729166666667 0.3402777777777778 0.8825520833333333 0.30648148148148147 0.878125 0.28564814814814815 0.8802083333333334 0.27361111111111114 0.8848958333333333 0.262037037037037 0.8979166666666667 0.25833333333333336
0 0.5848958333333333 0.6916666666666667 0.5927083333333333 0.6958333333333333 0.5955729166666667 0.7101851851851851 0.59296875 0.7337962962962963 0.5927083333333333 0.8027777777777778 0.5890625 0.8180555555555555 0.5817708333333333 0.8208333333333333 0.5708333333333333 0.8189814814814815 0.5661458333333333 0.8097222222222222 0.5651041666666666 0.7976851851851852 0.56875 0.75 0.5700520833333333 0.6995370370370371 0.575 0.6921296296296297 0.5846354166666666 0.6916666666666667
0 0.9947916666666666 0.44722222222222224 0.9997395833333333 0.4537037037037037 0.9997395833333333 0.549537037037037 0.9947916666666666 0.5430555555555555 0.99296875 0.5324074074074074 0.98359375 0.5092592592592593 0.9731770833333333 0.4740740740740741 0.9736979166666667 0.4666666666666667 0.97734375 0.45925925925925926 0.9875 0.449537037037037 0.99453125 0.44722222222222224
0 0.8182291666666667 0.6907407407407408 0.8244791666666667 0.6962962962962963 0.8252604166666667 0.7013888888888888 0.82578125 0.7856481481481481 0.8247395833333333 0.7935185185185185 0.8145833333333333 0.8009259259259259 0.8067708333333333 0.799537037037037 0.7997395833333333 0.7930555555555555 0.79765625 0.7041666666666667 0.79921875 0.6958333333333333 0.80234375 0.6916666666666667 0.81796875 0.6907407407407408