0 0.8893229166666666 0.11435185185185186 0.8958333333333334 0.11666666666666667 0.8981770833333333 0.12314814814814815 0.9018229166666667 0.18425925925925926 0.8989583333333333 0.22407407407407406 0.8947916666666667 0.22916666666666666 0.88828125 0.23148148148148148 0.8768229166666667 0.22962962962962963 0.87265625 0.22175925925925927 0.8731770833333333 0.17685185185185184 0.8700520833333333 0.14027777777777778 0.8755208333333333 0.11805555555555555 0.8890625 0.11435185185185186
0 0.6630208333333333 0.6856481481481481 0.6752604166666667 0.6925925925925925 0.67734375 0.712037037037037 0.67578125 0.7763888888888889 0.671875 0.7935185185185185 0.66328125 0.8004629629629629 0.65 0.7972222222222223 0.6471354166666666 0.7898148148148149 0.6463541666666667 0.7787037037037037 0.6484375 0.7449074074074075 0.6471354166666666 0.7277777777777777 0.6484375 0.6995370370370371 0.6510416666666666 0.6884259259259259 0.6559895833333333 0.6851851851851852 0.6627604166666666 0.6856481481481481
0 0.8130208333333333 0.09305555555555556 0.8174479166666667 0.09490740740740741 0.821875 0.10185185185185185 0.8252604166666667 0.13333333333333333 0.8255208333333334 0.1597222222222222 0.8231770833333333 0.18611111111111112 0.8205729166666667 0.1925925925925926 0.8158854166666667 0.19490740740740742 0.8002604166666667 0.19166666666666668 0.7973958333333333 0.17962962962962964 0.7986979166666667 0.15138888888888888 0.7971354166666667 0.1125 0.8033854166666666 0.09583333333333334 0.8127604166666667 0.09305555555555556
0 0.6231770833333333 0.674074074074074 0.6333333333333333 0.6787037037037037 0.6359375 0.6856481481481481 0.63828125 0.7532407407407408 0.6372395833333333 0.7837962962962963 0.6348958333333333 0.7962962962962963 0.6302083333333334 0.8032407407407407 0.6236979166666666 0.8050925925925926 0.6127604166666667 0.8032407407407407 0.6067708333333334 0.7939814814814815 0.6096354166666667 0.6888888888888889 0.6140625 0.6777777777777778 0.6229166666666667 0.674074074074074
0 0.71953125 0.36944444444444446 0.7533854166666667 0.3736111111111111 0.7627604166666667 0.3787037037037037 0.76484375 0.4 0.7638020833333333 0.4111111111111111 0.7609375 0.41805555555555557 0.75546875 0.4203703703703704 0.7098958333333333 0.4166666666666667 0.7033854166666667 0.412962962962963 0.7013020833333333 0.4027777777777778 0.703125 0.3763888888888889 0.7098958333333333 0.3699074074074074 0.7192708333333333 0.36944444444444446
0 0.86015625 0.9875 0.8666666666666667 0.9912037037037037 0.8697916666666666 0.999537037037037 0.8427083333333333 0.999537037037037 0.8453125 0.9902777777777778 0.8484375 0.9875 0.8598958333333333 0.9875
0 0.74296875 0.2449074074074074 0.7486979166666666 0.24814814814814815 0.7528645833333333 0.25925925925925924 0.75546875 0.3416666666666667 0.7515625 0.3490740740740741 0.7390625 0.3509259259259259 0.7333333333333333 0.3490740740740741 0.7299479166666667 0.33935185185185185 0.7265625 0.26342592592592595 0.7330729166666666 0.24768518518518517 0.7427083333333333 0.2449074074074074
0 0.9645833333333333 0.11435185185185186 0.9739583333333334 0.11990740740740741 0.97734375 0.12731481481481483 0.9786458333333333 0.1925925925925926 0.97734375 0.2175925925925926 0.9713541666666666 0.22453703703703703 0.96484375 0.22592592592592592 0.9546875 0.22175925925925927 0.95 0.20972222222222223 0.9505208333333334 0.17962962962962964 0.9484375 0.1449074074074074 0.9489583333333333 0.1300925925925926 0.9526041666666667 0.11944444444444445 0.9572916666666667 0.11527777777777778 0.9643229166666667 0.11435185185185186
0 0.8169270833333333 0.5407407407407407 0.8213541666666667 0.5421296296296296 0.8244791666666667 0.5472222222222223 0.8276041666666667 0.575462962962963 0.828125 0.6398148148148148 0.8255208333333334 0.649537037037037 0.81953125 0.6527777777777778 0.8036458333333333 0.6509259259259259 0.8002604166666667 0.6421296296296296 0.8015625 0.6175925925925926 0.79921875 0.575462962962963 0.7997395833333333 0.55 0.8036458333333333 0.5421296296296296 0.8166666666666667 0.5407407407407407
0 0.8643229166666667 0.6837962962962963 0.86953125 0.6865740740740741 0.8731770833333333 0.6990740740740741 0.8752604166666667 0.7550925925925925 0.8747395833333333 0.7939814814814815 0.871875 0.8 0.86640625 0.8023148148148148 0.8513020833333333 0.8004629629629629 0.8447916666666667 0.7833333333333333 0.846875 0.736574074074074 0.8440104166666667 0.6967592592592593 0.8520833333333333 0.6833333333333333 0.8640625 0.6837962962962963
0 0.6299479166666667 0.5351851851851852 0.6325520833333333 0.5393518518518519 0.6348958333333333 0.5601851851851852 0.6369791666666667 0.6342592592592593 0.6328125 0.6476851851851851 0.6234375 0.6523148148148148 0.6135416666666667 0.6509259259259259 0.609375 0.6430555555555556 0.6059895833333333 0.5893518518518519 0.6057291666666667 0.55 0.60703125 0.5398148148148149 0.609375 0.5356481481481481 0.6296875 0.5351851851851852
0 0.6697916666666667 0.11296296296296296 0.6755208333333333 0.11805555555555555 0.6770833333333334 0.1287037037037037 0.6768229166666667 0.20462962962962963 0.6786458333333333 0.21342592592592594 0.6747395833333333 0.22175925925925927 0.6630208333333333 0.22777777777777777 0.6541666666666667 0.22546296296296298 0.6494791666666667 0.2199074074074074 0.6473958333333333 0.20972222222222223 0.6473958333333333 0.19583333333333333 0.65234375 0.12268518518518519 0.6580729166666667 0.11342592592592593 0.66953125 0.11296296296296296
0 0.78046875 0.5421296296296296 0.7877604166666666 0.5462962962962963 0.7901041666666667 0.5532407407407407 0.7932291666666667 0.6263888888888889 0.7903645833333334 0.6449074074074074 0.78046875 0.649537037037037 0.7713541666666667 0.6476851851851851 0.765625 0.6337962962962963 0.7638020833333333 0.5675925925925925 0.7645833333333333 0.5532407407407407 0.7669270833333334 0.5467592592592593 0.7802083333333333 0.5421296296296296
0 0.59609375 0.11203703703703703 0.6005208333333333 0.11666666666666667 0.6018229166666667 0.12268518518518519 0.6015625 0.1962962962962963 0.5989583333333334 0.2152777777777778 0.5919270833333333 0.22361111111111112 0.5815104166666667 0.2222222222222222 0.5768229166666666 0.21666666666666667 0.5739583333333333 0.20601851851851852 0.57421875 0.18472222222222223 0.5776041666666667 0.11574074074074074 0.5856770833333333 0.1111111111111111 0.5958333333333333 0.11203703703703703
0 0.02109375 0.8629629629629629 0.022395833333333334 0.8657407407407407 0.021354166666666667 0.9074074074074074 0.017708333333333333 0.95 0.013541666666666667 0.961574074074074 0.008854166666666666 0.9634259259259259 0 0.962037037037037 0 0.8671296296296296 0.020833333333333332 0.8629629629629629
0 0.59140625 0.2324074074074074 0.60078125 0.23657407407407408 0.603125 0.27314814814814814 0.6026041666666667 0.3458333333333333 0.59921875 0.35509259259259257 0.5921875 0.3587962962962963 0.5796875 0.35555555555555557 0.5752604166666667 0.3458333333333333 0.5747395833333333 0.33611111111111114 0.5778645833333333 0.23796296296296296 0.584375 0.23287037037037037 0.5911458333333334 0.2324074074074074
0 0.93828125 0.5421296296296296 0.94296875 0.5458333333333333 0.9473958333333333 0.5574074074074075 0.95 0.587037037037037 0.95 0.6532407407407408 0.9458333333333333 0.6652777777777777 0.9328125 0.6671296296296296 0.9255208333333333 0.663425925925926 0.921875 0.6513888888888889 0.9182291666666667 0.5541666666666667 0.9213541666666667 0.5462962962962963 0.9252604166666667 0.5430555555555555 0.9380208333333333 0.5421296296296296
0 0.5815104166666667 0.6810185185185185 0.5932291666666667 0.6842592592592592 0.5979166666666667 0.6944444444444444 0.5955729166666667 0.7861111111111111 0.5927083333333333 0.8027777777777778 0.58828125 0.8083333333333333 0.5755208333333334 0.8083333333333333 0.5713541666666667 0.8060185185185185 0.5682291666666667 0.7958333333333333 0.5677083333333334 0.7824074074074074 0.56953125 0.7731481481481481 0.5682291666666667 0.7583333333333333 0.57109375 0.7421296296296296 0.5700520833333333 0.7296296296296296 0.5721354166666667 0.6902777777777778 0.57421875 0.6837962962962963 0.58125 0.6814814814814815
0 0.7020833333333333 0.674074074074074 0.71015625 0.6787037037037037 0.7135416666666666 0.6939814814814815 0.7127604166666667 0.7870370370370371 0.7072916666666667 0.7935185185185185 0.6885416666666667 0.7907407407407407 0.6838541666666667 0.7833333333333333 0.6869791666666667 0.6824074074074075 0.6921875 0.674074074074074 0.7018229166666666 0.674074074074074
0 0.7403645833333333 0.6842592592592592 0.74453125 0.6865740740740741 0.7481770833333333 0.6976851851851852 0.7520833333333333 0.7541666666666667 0.7513020833333334 0.7759259259259259 0.7421875 0.7824074074074074 0.7270833333333333 0.7791666666666667 0.7221354166666667 0.7199074074074074 0.7223958333333333 0.6916666666666667 0.7291666666666666 0.6851851851851852 0.7401041666666667 0.6842592592592592
0 0.37083333333333335 0.7717592592592593 0.37526041666666665 0.7759259259259259 0.3765625 0.7828703703703703 0.3770833333333333 0.8300925925925926 0.37526041666666665 0.8814814814814815 0.3731770833333333 0.8939814814814815 0.3703125 0.8962962962962963 0.35182291666666665 0.8944444444444445 0.34869791666666666 0.8861111111111111 0.34817708333333336 0.8726851851851852 0.35234375 0.7819444444444444 0.3572916666666667 0.7722222222222223 0.37057291666666664 0.7717592592592593
0 0.5453125 0.6675925925925926 0.5520833333333334 0.6708333333333333 0.55546875 0.6782407407407407 0.5567708333333333 0.7569444444444444 0.5544270833333333 0.7791666666666667 0.54609375 0.7865740740740741 0.5356770833333333 0.7851851851851852 0.5309895833333333 0.7791666666666667 0.5291666666666667 0.7717592592592593 0.5278645833333333 0.7421296296296296 0.5294270833333333 0.6754629629629629 0.5359375 0.6689814814814815 0.5450520833333333 0.6675925925925926
0 0.8565104166666667 0.125 0.8606770833333334 0.1300925925925926 0.8614583333333333 0.14027777777777778 0.8614583333333333 0.2074074074074074 0.8583333333333333 0.22037037037037038 0.8486979166666667 0.22407407407407406 0.83828125 0.22175925925925927 0.8348958333333333 0.2162037037037037 0.8354166666666667 0.1337962962962963 0.83828125 0.12546296296296297 0.85625 0.125
0 0.5880208333333333 0.9907407407407407 0.5921875 0.9949074074074075 0.5927083333333333 0.999537037037037 0.5669270833333333 0.999537037037037 0.57265625 0.9912037037037037 0.5877604166666667 0.9907407407407407
0 0.66328125 0.2564814814814815 0.6716145833333333 0.2601851851851852 0.6747395833333333 0.27361111111111114 0.6734375 0.33611111111111114 0.6723958333333333 0.3425925925925926 0.6700520833333333 0.3439814814814815 0.6515625 0.3425925925925926 0.6481770833333333 0.3351851851851852 0.6497395833333334 0.32407407407407407 0.6505208333333333 0.2625 0.65390625 0.25787037037037036 0.6630208333333333 0.2564814814814815
0 0.85390625 0.23842592592592593 0.86171875 0.24351851851851852 0.86484375 0.2513888888888889 0.8684895833333334 0.324537037037037 0.8661458333333333 0.34074074074074073 0.85234375 0.3458333333333333 0.8434895833333333 0.34305555555555556 0.840625 0.33425925925925926 0.8369791666666667 0.2523148148148148 0.8380208333333333 0.2462962962962963 0.8424479166666666 0.24074074074074073 0.8536458333333333 0.23842592592592593
0 0.5546875 0.5268518518518519 0.5609375 0.5319444444444444 0.5606770833333333 0.625462962962963 0.5583333333333333 0.6398148148148148 0.5505208333333333 0.6449074074074074 0.5372395833333333 0.6416666666666667 0.5338541666666666 0.6328703703703704 0.5361979166666667 0.5324074074074074 0.5424479166666667 0.5259259259259259 0.5544270833333333 0.5268518518518519
0 0.6283854166666667 0.22916666666666666 0.6375 0.23425925925925925 0.640625 0.24814814814814815 0.6408854166666667 0.32731481481481484 0.6380208333333334 0.33796296296296297 0.62734375 0.3416666666666667 0.6182291666666667 0.3398148148148148 0.6140625 0.33101851851851855 0.6127604166666667 0.2439814814814815 0.6158854166666666 0.23287037037037037 0.628125 0.22916666666666666
0 0.8953125 0.5509259259259259 0.9057291666666667 0.5560185185185185 0.90859375 0.5680555555555555 0.9098958333333333 0.6125 0.9088541666666666 0.6462962962962963 0.9041666666666667 0.6583333333333333 0.89921875 0.6606481481481481 0.88359375 0.6587962962962963 0.8815104166666666 0.6476851851851851 0.8799479166666667 0.6060185185185185 0.8809895833333333 0.5597222222222222 0.88359375 0.5532407407407407 0.8950520833333333 0.5509259259259259
0 0.9302083333333333 0.8291666666666667 0.9786458333333333 0.8481481481481481 0.9875 0.8550925925925926 0.98984375 0.8625 0.98828125 0.8865740740740741 0.98515625 0.8939814814814815 0.9809895833333333 0.8967592592592593 0.9479166666666666 0.8870370370370371 0.9177083333333333 0.8731481481481481 0.9140625 0.8643518518518518 0.9158854166666667 0.8384259259259259 0.9216145833333333 0.8291666666666667 0.9299479166666667 0.8291666666666667
0 0.66171875 0.9643518518518519 0.665625 0.9662037037037037 0.67265625 0.9773148148148149 0.6752604166666667 0.9939814814814815 0.67421875 0.999537037037037 0.6463541666666667 0.999537037037037 0.6447916666666667 0.9949074074074075 0.64609375 0.9722222222222222 0.6515625 0.9657407407407408 0.6614583333333334 0.9643518518518519
0 0.7794270833333333 0.2263888888888889 0.7895833333333333 0.2337962962962963 0.79296875 0.25046296296296294 0.7927083333333333 0.3226851851851852 0.7893229166666667 0.3351851851851852 0.78359375 0.3384259259259259 0.775 0.33796296296296297 0.7692708333333333 0.3337962962962963 0.765625 0.3125 0.765625 0.23842592592592593 0.7684895833333333 0.2310185185185185 0.7791666666666667 0.2263888888888889
0 0.7453125 0.5300925925925926 0.7494791666666667 0.5328703703703703 0.75234375 0.5393518518518519 0.7526041666666666 0.6231481481481481 0.7489583333333333 0.6319444444444444 0.7427083333333333 0.6347222222222222 0.7338541666666667 0.6342592592592593 0.728125 0.6296296296296297 0.7265625 0.6231481481481481 0.7265625 0.5916666666666667 0.7286458333333333 0.5337962962962963 0.7356770833333334 0.5291666666666667 0.7450520833333333 0.5300925925925926
0 0.6294270833333333 0.09583333333333334 0.6338541666666667 0.09861111111111111 0.6377604166666667 0.10833333333333334 0.63984375 0.1439814814814815 0.6375 0.2013888888888889 0.6338541666666667 0.2064814814814815 0.6276041666666666 0.20879629629629629 0.6169270833333333 0.20694444444444443 0.6127604166666667 0.19907407407407407 0.6114583333333333 0.15 0.6138020833333333 0.10555555555555556 0.6197916666666666 0.09675925925925925 0.6291666666666667 0.09583333333333334
0 0.9669270833333333 0.23981481481481481 0.9747395833333333 0.24444444444444444 0.978125 0.25462962962962965 0.9791666666666666 0.3212962962962963 0.9776041666666667 0.3416666666666667 0.97421875 0.3486111111111111 0.9653645833333333 0.3527777777777778 0.9528645833333333 0.34953703703703703 0.9466145833333334 0.33425925925925926 0.9486979166666667 0.2962962962962963 0.946875 0.26296296296296295 0.9494791666666667 0.24953703703703703 0.9528645833333333 0.24305555555555555 0.9572916666666667 0.23981481481481481 0.9666666666666667 0.23981481481481481
0 0.8572916666666667 0.5439814814814815 0.86875 0.549537037037037 0.87109375 0.5652777777777778 0.8674479166666667 0.6550925925925926 0.8630208333333333 0.6652777777777777 0.8578125 0.6675925925925926 0.8453125 0.6652777777777777 0.8416666666666667 0.6611111111111111 0.8393229166666667 0.6513888888888889 0.8442708333333333 0.5569444444444445 0.8486979166666667 0.5453703703703704 0.85703125 0.5439814814814815
0 0.703125 0.24166666666666667 0.7119791666666667 0.24722222222222223 0.7145833333333333 0.2810185185185185 0.7130208333333333 0.33796296296296297 0.7098958333333333 0.3449074074074074 0.70390625 0.34675925925925927 0.6932291666666667 0.34629629629629627 0.6893229166666667 0.34120370370370373 0.6872395833333333 0.2861111111111111 0.6888020833333334 0.24768518518518517 0.69296875 0.24259259259259258 0.7028645833333333 0.24166666666666667
0 0.7048177083333333 0.5819444444444445 0.025260416666666667 0.06944444444444445
0 0.7838541666666666 0.6726851851851852 0.7903645833333334 0.6787037037037037 0.7934895833333333 0.7013888888888888 0.7940104166666667 0.7763888888888889 0.7895833333333333 0.7930555555555555 0.78046875 0.7962962962962963 0.77109375 0.7935185185185185 0.7666666666666667 0.7851851851851852 0.76484375 0.7611111111111111 0.7645833333333333 0.6944444444444444 0.7677083333333333 0.6754629629629629 0.78359375 0.6726851851851852
0 0.7049479166666667 0.11388888888888889 0.71171875 0.11990740740740741 0.71328125 0.1962962962962963 0.7111979166666667 0.2064814814814815 0.70078125 0.2125 0.6919270833333333 0.2111111111111111 0.6877604166666667 0.20324074074074075 0.68828125 0.12731481481481483 0.6890625 0.11944444444444445 0.69140625 0.11574074074074074 0.7046875 0.11388888888888889
0 0.81796875 0.22824074074074074 0.8216145833333334 0.2300925925925926 0.82578125 0.2412037037037037 0.8270833333333333 0.30416666666666664 0.825 0.3138888888888889 0.815625 0.31712962962962965 0.80703125 0.31666666666666665 0.8028645833333333 0.3101851851851852 0.8013020833333333 0.2439814814814815 0.8046875 0.2310185185185185 0.8177083333333334 0.22824074074074074
0 0.7765625 0.1087962962962963 0.7828125 0.11064814814814815 0.7856770833333333 0.1162037037037037 0.78828125 0.18333333333333332 0.7861979166666667 0.20416666666666666 0.7828125 0.21064814814814814 0.7760416666666666 0.21296296296296297 0.7630208333333334 0.20972222222222223 0.7609375 0.2 0.7609375 0.15555555555555556 0.7588541666666667 0.12546296296296297 0.7622395833333333 0.1125 0.7763020833333333 0.1087962962962963
0 0.9010416666666666 0.24722222222222223 0.90703125 0.25092592592592594 0.9111979166666667 0.25925925925925924 0.9158854166666667 0.28935185185185186 0.9143229166666667 0.35185185185185186 0.9111979166666667 0.3574074074074074 0.9010416666666666 0.36064814814814816 0.8903645833333333 0.35833333333333334 0.8833333333333333 0.3486111111111111 0.88359375 0.33425925925925926 0.8864583333333333 0.3277777777777778 0.8861979166666667 0.3138888888888889 0.8838541666666667 0.28703703703703703 0.8802083333333334 0.2763888888888889 0.8877604166666667 0.2513888888888889 0.8924479166666667 0.24768518518518517 0.90078125 0.24722222222222223
0 0.5830729166666667 0.40324074074074073 0.5953125 0.4097222222222222 0.6338541666666667 0.4439814814814815 0.6346354166666667 0.45185185185185184 0.6302083333333334 0.4773148148148148 0.625 0.48194444444444445 0.6125 0.4773148148148148 0.5692708333333333 0.4425925925925926 0.5674479166666667 0.4287037037037037 0.5716145833333334 0.4111111111111111 0.5755208333333334 0.4041666666666667 0.5828125 0.40324074074074073
0 0.7513020833333334 0 0.7559895833333333 0 0.7635416666666667 0.012037037037037037 0.765625 0.017592592592592594 0.765625 0.027314814814814816 0.7411458333333333 0.11342592592592593 0.7375 0.11944444444444445 0.7307291666666667 0.12037037037037036 0.7203125 0.1125 0.7153645833333333 0.10277777777777777 0.7166666666666667 0.08888888888888889 0.7375 0.022222222222222223 0.74453125 0.007407407407407408 0.7513020833333334 0.000462962962962963
0 0.8177083333333334 0.6787037037037037 0.8247395833333333 0.6824074074074075 0.8270833333333333 0.6884259259259259 0.828125 0.774074074074074 0.8252604166666667 0.7851851851851852 0.8140625 0.7907407407407407 0.80546875 0.7865740740740741 0.8018229166666667 0.7796296296296297 0.80078125 0.7439814814814815 0.80234375 0.7194444444444444 0.7997395833333333 0.6935185185185185 0.80390625 0.6810185185185185 0.8174479166666667 0.6787037037037037