0 0.5927083333333333 0.23796296296296296 0.06041666666666667 0.046296296296296294
0 0.1125 0.337037037037037 0.05625 0.040740740740740744
0 0.7052083333333333 0.24074074074074073 0.052083333333333336 0.044444444444444446
0 0.7640625 0.38981481481481484 0.06354166666666666 0.04259259259259259
0 0.11927083333333334 0.287962962962963 0.051041666666666666 0.04259259259259259
0 0.9385416666666667 0.575925925925926 0.05625 0.040740740740740744
0 0.878125 0.3435185185185185 0.06041666666666667 0.04259259259259259
0 0.8765625 0.2537037037037037 0.057291666666666664 0.040740740740740744
0 0.43020833333333336 0.28888888888888886 0.05416666666666667 0.040740740740740744
0 0.9411458333333333 0.6240740740740741 0.057291666666666664 0.040740740740740744
0 0.8786458333333333 0.4287037037037037 0.05520833333333333 0.04259259259259259
0 0.275 0.2916666666666667 0.05 0.03888888888888889
0 0.9359375 0.24722222222222223 0.051041666666666666 0.03888888888888889
0 0.5994791666666667 0.5324074074074074 0.06354166666666666 0.046296296296296294
0 0.10520833333333333 0.8685185185185185 0.058333333333333334 0.040740740740740744
0 0.27708333333333335 0.24074074074074073 0.04583333333333333 0.040740740740740744
0 0.8760416666666667 0.20555555555555555 0.052083333333333336 0.040740740740740744
0 0.7635416666666667 0.18611111111111112 0.07708333333333334 0.053703703703703705
0 0.4296875 0.7722222222222223 0.059375 0.037037037037037035
0 0.8875 0.48148148148148145 0.06875 0.037037037037037035
0 0.26979166666666665 0.3351851851851852 0.04791666666666667 0.037037037037037035
0 0.27447916666666666 0.6759259259259259 0.05520833333333333 0.044444444444444446
0 0.9447916666666667 0.43425925925925923 0.06041666666666667 0.03888888888888889
0 0.37604166666666666 0.3861111111111111 0.05 0.04259259259259259
0 0.4046875 0.8796296296296297 0.09270833333333334 0.05185185185185185
0 0.5359375 0.8222222222222222 0.059375 0.044444444444444446
0 0.7692708333333333 0.6805555555555556 0.06145833333333333 0.03518518518518519
0 0.0515625 0.5277777777777778 0.05520833333333333 0.037037037037037035
0 0.6005208333333333 0.8287037037037037 0.05520833333333333 0.03888888888888889
0 0.9489583333333333 0.8717592592592592 0.06666666666666667 0.04351851851851852
0 0.21875 0.5740740740740741 0.05 0.040740740740740744
0 0.9427083333333334 0.3861111111111111 0.06458333333333334 0.03888888888888889
0 0.052083333333333336 0.7166666666666667 0.052083333333333336 0.03333333333333333
0 0.2755208333333333 0.5740740740740741 0.051041666666666666 0.040740740740740744
0 0.5395833333333333 0.725925925925926 0.06458333333333334 0.044444444444444446
0 0.6005208333333333 0.5796296296296296 0.051041666666666666 0.040740740740740744
0 0.7645833333333333 0.5796296296296296 0.058333333333333334 0.040740740740740744
0 0.7609375 0.3351851851851852 0.05520833333333333 0.040740740740740744
0 0.43125 0.7148148148148148 0.06458333333333334 0.040740740740740744
0 0.8864583333333333 0.5324074074074074 0.06041666666666667 0.03888888888888889
0 0.9484375 0.2916666666666667 0.046875 0.03518518518518519
0 0.7677083333333333 0.7222222222222222 0.06041666666666667 0.037037037037037035
0 0.26979166666666665 0.38055555555555554 0.05 0.03888888888888889
0 0.11979166666666667 0.38425925925925924 0.04375 0.03888888888888889
0 0.7671875 0.6314814814814815 0.06145833333333333 0.040740740740740744
0 0.10677083333333333 0.5416666666666666 0.06770833333333333 0.046296296296296294
0 0.1203125 0.4351851851851852 0.05520833333333333 0.037037037037037035
0 0.7046875 0.5509259259259259 0.06145833333333333 0.046296296296296294
0 0.058333333333333334 0.43425925925925923 0.052083333333333336 0.03888888888888889
0 0.7078125 0.7240740740740741 0.053125 0.040740740740740744
0 0.7614583333333333 0.8694444444444445 0.06666666666666667 0.04259259259259259
0 0.7015625 0.29907407407407405 0.051041666666666666 0.03888888888888889
0 0.5953125 0.7805555555555556 0.059375 0.04259259259259259
0 0.5395833333333333 0.48518518518518516 0.06458333333333334 0.040740740740740744
0 0.43697916666666664 0.5740740740740741 0.05520833333333333 0.040740740740740744
0 0.37395833333333334 0.8203703703703704 0.052083333333333336 0.040740740740740744
0 0.1125 0.6731481481481482 0.05 0.03888888888888889
0 0.37864583333333335 0.6277777777777778 0.053125 0.044444444444444446
0 0.11666666666666667 0.48055555555555557 0.04791666666666667 0.03888888888888889
0 0.9494791666666667 0.7712962962962963 0.05520833333333333 0.03888888888888889
0 0.8822916666666667 0.575925925925926 0.052083333333333336 0.037037037037037035
0 0.13802083333333334 0.028703703703703703 0.05520833333333333 0.05
0 0.6041666666666666 0.6296296296296297 0.05625 0.040740740740740744
0 0.05677083333333333 0.48333333333333334 0.05520833333333333 0.037037037037037035
0 0.5354166666666667 0.8851851851851852 0.0625 0.044444444444444446
0 0.20729166666666668 0.8759259259259259 0.05 0.04814814814814815
0 0.4322916666666667 0.4305555555555556 0.05416666666666667 0.03888888888888889
0 0.3927083333333333 0.9722222222222222 0.058333333333333334 0.044444444444444446
0 0.1078125 0.8157407407407408 0.053125 0.03518518518518519
0 0.9322916666666666 0.20185185185185187 0.05 0.040740740740740744
0 0.2682291666666667 0.4351851851851852 0.04895833333333333 0.037037037037037035
0 0.27291666666666664 0.8175925925925925 0.05625 0.03518518518518519
0 0.3807291666666667 0.33425925925925926 0.04895833333333333 0.03888888888888889
0 0.8828125 0.023148148148148147 0.06354166666666666 0.04259259259259259
0 0.7635416666666667 0.8212962962962963 0.052083333333333336 0.03518518518518519
0 0.4348958333333333 0.3814814814814815 0.057291666666666664 0.037037037037037035
0 0.07552083333333333 0.9453703703703704 0.04895833333333333 0.04259259259259259
0 0.7609375 0.24444444444444444 0.051041666666666666 0.040740740740740744
0 0.5390625 0.3851851851851852 0.057291666666666664 0.040740740740740744
0 0.7557291666666667 0.4888888888888889 0.04895833333333333 0.040740740740740744
0 0.1125 0.7212962962962963 0.03958333333333333 0.03518518518518519
0 0.06145833333333333 0.2962962962962963 0.052083333333333336 0.040740740740740744
0 0.8734375 0.10277777777777777 0.059375 0.053703703703703705
0 0.6010416666666667 0.42685185185185187 0.058333333333333334 0.046296296296296294
0 0.8885416666666667 0.7722222222222223 0.052083333333333336 0.037037037037037035
0 0.7052083333333333 0.4759259259259259 0.06875 0.05185185185185185
0 0.60625 0.3347222222222222 0.07916666666666666 0.05092592592592592
0 0.21666666666666667 0.7685185185185185 0.05 0.037037037037037035
0 0.06875 0.2490740740740741 0.05 0.03888888888888889
0 0.21822916666666667 0.6222222222222222 0.051041666666666666 0.037037037037037035
0 0.5473958333333333 0.6296296296296297 0.051041666666666666 0.040740740740740744
0 0.05520833333333333 0.6453703703703704 0.052083333333333336 0.03888888888888889
0 0.4375 0.6287037037037037 0.05625 0.05
0 0.26979166666666665 0.8712962962962963 0.05416666666666667 0.03888888888888889
0 0.8885416666666667 0.8203703703703704 0.05625 0.040740740740740744
0 0.3854166666666667 0.24814814814814815 0.05 0.037037037037037035
0 0.6973958333333333 0.1935185185185185 0.04895833333333333 0.05185185185185185
0 0.1078125 0.7694444444444445 0.046875 0.03888888888888889
0 0.5427083333333333 0.43333333333333335 0.052083333333333336 0.040740740740740744
0 0.44166666666666665 0.18981481481481483 0.05625 0.04259259259259259
0 0.3848958333333333 0.1962962962962963 0.046875 0.040740740740740744
0 0.38619791666666664 0.10462962962962963 0.06197916666666667 0.053703703703703705
0 0.43697916666666664 0.48148148148148145 0.05520833333333333 0.040740740740740744
0 0.9505208333333334 0.8194444444444444 0.057291666666666664 0.03888888888888889
0 0.26979166666666665 0.47962962962962963 0.05625 0.040740740740740744
0 0.23125 0.10787037037037037 0.06041666666666667 0.049074074074074076
0 0.21979166666666666 0.33611111111111114 0.04791666666666667 0.03888888888888889
0 0.7052083333333333 0.6305555555555555 0.05416666666666667 0.03888888888888889
0 0.05 0.5805555555555556 0.05625 0.03888888888888889
0 0.0515625 0.7694444444444445 0.053125 0.04259259259259259
0 0.12447916666666667 0.24259259259259258 0.051041666666666666 0.037037037037037035
0 0.9455729166666667 0.7273148148148149 0.06302083333333333 0.049074074074074076
0 0.2140625 0.8185185185185185 0.046875 0.037037037037037035
0 0.22083333333333333 0.2916666666666667 0.04791666666666667 0.04259259259259259
0 0.70625 0.7759259259259259 0.05 0.044444444444444446
0 0.21822916666666667 0.387037037037037 0.051041666666666666 0.040740740740740744
0 0.7640625 0.7731481481481481 0.059375 0.04259259259259259
0 0.8817708333333333 0.6277777777777778 0.057291666666666664 0.040740740740740744
0 0.22083333333333333 0.5268518518518519 0.05 0.03888888888888889
0 0.7005208333333334 0.387037037037037 0.05520833333333333 0.040740740740740744
0 0.54296875 0.10925925925925926 0.0578125 0.05740740740740741