0 0.5841145833333333 0.9912037037037037 0.5888020833333333 0.9944444444444445 0.5903645833333333 0.999537037037037 0.56484375 0.999537037037037 0.56796875 0.9921296296296296 0.5838541666666667 0.9912037037037037
0 0.8895833333333333 0.11712962962962963 0.8950520833333333 0.12314814814814815 0.8963541666666667 0.13194444444444445 0.89765625 0.22037037037037038 0.8950520833333333 0.2300925925925926 0.8880208333333334 0.23425925925925925 0.8768229166666667 0.2337962962962963 0.8700520833333333 0.22361111111111112 0.86953125 0.17453703703703705 0.8671875 0.1439814814814815 0.8705729166666667 0.12407407407407407 0.8731770833333333 0.11944444444444445 0.8893229166666666 0.11712962962962963
0 0.8127604166666667 0.09675925925925925 0.8192708333333333 0.10462962962962963 0.8213541666666667 0.1125 0.8223958333333333 0.16574074074074074 0.8197916666666667 0.19027777777777777 0.81328125 0.19722222222222222 0.8033854166666666 0.19675925925925927 0.7955729166666666 0.18888888888888888 0.7963541666666667 0.14722222222222223 0.7942708333333334 0.12268518518518519 0.7963541666666667 0.10694444444444444 0.8005208333333333 0.09861111111111111 0.8125 0.09675925925925925
0 0.7807291666666667 0.5449074074074074 0.78671875 0.5509259259259259 0.7885416666666667 0.5625 0.78984375 0.6314814814814815 0.7869791666666667 0.6467592592592593 0.7799479166666666 0.6509259259259259 0.76875 0.649537037037037 0.76328125 0.6375 0.7622395833333333 0.6027777777777777 0.7635416666666667 0.5944444444444444 0.7611979166666667 0.5583333333333333 0.7653645833333333 0.5467592592592593 0.77421875 0.5435185185185185 0.78046875 0.5449074074074074
0 0.9651041666666667 0.11851851851851852 0.9716145833333333 0.12407407407407407 0.9747395833333333 0.13333333333333333 0.97578125 0.20833333333333334 0.97421875 0.22037037037037038 0.9640625 0.22870370370370371 0.9557291666666666 0.2273148148148148 0.94765625 0.21666666666666667 0.9447916666666667 0.1425925925925926 0.946875 0.12962962962962962 0.9518229166666666 0.11944444444444445 0.96484375 0.11851851851851852
0 0.85 0.12638888888888888 0.8565104166666667 0.12962962962962962 0.8578125 0.1337962962962963 0.8588541666666667 0.20092592592592592 0.8565104166666667 0.2199074074074074 0.8486979166666667 0.22546296296296298 0.8348958333333333 0.22361111111111112 0.83203125 0.21712962962962962 0.8315104166666667 0.2013888888888889 0.8333333333333334 0.13333333333333333 0.8377604166666667 0.12685185185185185 0.8497395833333333 0.12638888888888888
0 0.8151041666666666 0.5425925925925926 0.8197916666666667 0.5453703703703704 0.82265625 0.5513888888888889 0.8260416666666667 0.6027777777777777 0.8244791666666667 0.6472222222222223 0.8213541666666667 0.6523148148148148 0.81484375 0.6546296296296297 0.8036458333333333 0.6532407407407408 0.7986979166666667 0.6476851851851851 0.7989583333333333 0.6041666666666666 0.7966145833333333 0.5685185185185185 0.7971354166666667 0.5532407407407407 0.8002604166666667 0.5444444444444444 0.81484375 0.5425925925925926
0 0.70703125 0.55 0.71171875 0.5532407407407407 0.71328125 0.5611111111111111 0.7143229166666667 0.6092592592592593 0.71328125 0.6157407407407407 0.7065104166666667 0.6175925925925926 0.6908854166666667 0.6166666666666667 0.6893229166666667 0.6069444444444444 0.69140625 0.5958333333333333 0.6901041666666666 0.5537037037037037 0.6955729166666667 0.55 0.7067708333333333 0.55
0 0.9067708333333333 0.4740740740740741 0.9356770833333333 0.4777777777777778 0.9395833333333333 0.48055555555555557 0.9427083333333334 0.48842592592592593 0.9427083333333334 0.5120370370370371 0.9393229166666667 0.5203703703703704 0.9182291666666667 0.5236111111111111 0.8877604166666667 0.5208333333333334 0.88359375 0.5194444444444445 0.8799479166666667 0.5138888888888888 0.8783854166666667 0.4925925925925926 0.8825520833333333 0.47685185185185186 0.9065104166666667 0.4740740740740741
0 0.6578125 0.9643518518518519 0.66328125 0.9666666666666667 0.6682291666666667 0.975462962962963 0.6705729166666666 0.9842592592592593 0.67109375 0.999537037037037 0.6427083333333333 0.999537037037037 0.6440104166666667 0.9736111111111111 0.6481770833333333 0.9671296296296297 0.6575520833333334 0.9648148148148148
0 0.628125 0.09814814814814815 0.634375 0.10601851851851851 0.6356770833333333 0.1125 0.6372395833333333 0.1638888888888889 0.6348958333333333 0.2023148148148148 0.6247395833333333 0.21064814814814814 0.6161458333333333 0.2101851851851852 0.6111979166666667 0.20601851851851852 0.6091145833333333 0.18009259259259258 0.609375 0.15092592592592594 0.6119791666666666 0.10601851851851851 0.61875 0.09814814814814815 0.6278645833333333 0.09814814814814815
0 0.6234375 0.5347222222222222 0.6299479166666667 0.5393518518518519 0.63203125 0.5537037037037037 0.634375 0.6333333333333333 0.63125 0.6472222222222223 0.6234375 0.6532407407407408 0.61171875 0.6523148148148148 0.60625 0.6398148148148148 0.6033854166666667 0.5625 0.6059895833333333 0.538425925925926 0.6111979166666667 0.5351851851851852 0.6231770833333333 0.5347222222222222
0 0.6645833333333333 0.11481481481481481 0.6723958333333333 0.11990740740740741 0.675 0.1337962962962963 0.6739583333333333 0.21157407407407408 0.6705729166666666 0.22361111111111112 0.6614583333333334 0.2300925925925926 0.65 0.22546296296296298 0.6466145833333333 0.21898148148148147 0.6458333333333334 0.20879629629629629 0.6505208333333333 0.12361111111111112 0.6544270833333333 0.1162037037037037 0.6643229166666667 0.11481481481481481
0 0.5888020833333333 0.11342592592592593 0.59921875 0.11990740740740741 0.6002604166666666 0.1587962962962963 0.5984375 0.2125 0.5950520833333334 0.22083333333333333 0.5885416666666666 0.22546296296296298 0.5770833333333333 0.22314814814814815 0.5736979166666667 0.2175925925925926 0.5716145833333334 0.20787037037037037 0.5744791666666667 0.12361111111111112 0.5776041666666667 0.11574074074074074 0.5885416666666666 0.11342592592592593
0 0.590625 0.2351851851851852 0.5986979166666667 0.23657407407407408 0.6 0.24351851851851852 0.6013020833333333 0.34074074074074073 0.596875 0.35694444444444445 0.5861979166666667 0.36064814814814816 0.5776041666666667 0.3574074074074074 0.5729166666666666 0.3472222222222222 0.5739583333333333 0.25787037037037036 0.5765625 0.2388888888888889 0.5903645833333333 0.2351851851851852
0 0.93515625 0.5444444444444444 0.93984375 0.5481481481481482 0.9440104166666666 0.5578703703703703 0.946875 0.5884259259259259 0.946875 0.6541666666666667 0.9434895833333333 0.6652777777777777 0.9364583333333333 0.6680555555555555 0.925 0.6666666666666666 0.91953125 0.6587962962962963 0.9153645833333334 0.5712962962962963 0.9158854166666667 0.5546296296296296 0.9182291666666667 0.5486111111111112 0.9252604166666667 0.5439814814814815 0.9348958333333334 0.5444444444444444
0 0.628125 0.6782407407407407 0.63125 0.6824074074074075 0.6330729166666667 0.6912037037037037 0.63515625 0.7657407407407407 0.6309895833333333 0.8 0.6276041666666666 0.8046296296296296 0.62109375 0.8064814814814815 0.6091145833333333 0.8041666666666667 0.6046875 0.7958333333333333 0.6036458333333333 0.736574074074074 0.6091145833333333 0.6819444444444445 0.6151041666666667 0.6768518518518518 0.6278645833333333 0.6782407407407407
0 0.8921875 0.39490740740740743 0.9322916666666666 0.4111111111111111 0.9427083333333334 0.4185185185185185 0.94375 0.4287037037037037 0.9421875 0.44583333333333336 0.9390625 0.45601851851851855 0.9328125 0.45925925925925926 0.9044270833333333 0.45185185185185184 0.8791666666666667 0.43703703703703706 0.87734375 0.42083333333333334 0.88046875 0.40324074074074073 0.88359375 0.3972222222222222 0.8919270833333334 0.39490740740740743
0 0.6989583333333333 0.675 0.7088541666666667 0.6819444444444445 0.7109375 0.6939814814814815 0.71015625 0.7893518518518519 0.7065104166666667 0.7939814814814815 0.6880208333333333 0.7930555555555555 0.6833333333333333 0.7902777777777777 0.6809895833333334 0.7842592592592592 0.6841145833333333 0.6861111111111111 0.6890625 0.6759259259259259 0.6986979166666667 0.675
0 0.7388020833333333 0.6861111111111111 0.7432291666666667 0.6902777777777778 0.74609375 0.7037037037037037 0.7486979166666666 0.7726851851851851 0.74609375 0.7800925925925926 0.7372395833333333 0.7837962962962963 0.7268229166666667 0.7833333333333333 0.7236979166666667 0.7796296296296297 0.7190104166666667 0.6958333333333333 0.7234375 0.687962962962963 0.7385416666666667 0.6861111111111111
0 0.36484375 0.8976851851851851 0.37057291666666664 0.9004629629629629 0.37213541666666666 0.9074074074074074 0.37083333333333335 0.9842592592592593 0.36614583333333334 0.999537037037037 0.3494791666666667 0.999537037037037 0.3463541666666667 0.9907407407407407 0.3455729166666667 0.9680555555555556 0.34739583333333335 0.9050925925925926 0.353125 0.8972222222222223 0.3645833333333333 0.8976851851851851
0 0.6997395833333333 0.11527777777777778 0.70625 0.1175925925925926 0.7091145833333333 0.12314814814814815 0.7106770833333333 0.18935185185185185 0.7098958333333333 0.20324074074074075 0.7078125 0.20925925925925926 0.6966145833333334 0.21481481481481482 0.6890625 0.21342592592592594 0.6856770833333333 0.20694444444444443 0.6856770833333333 0.12546296296296297 0.6893229166666667 0.1175925925925926 0.6994791666666667 0.11527777777777778
0 0.8596354166666667 0.6847222222222222 0.8666666666666667 0.6898148148148148 0.8705729166666667 0.7027777777777777 0.8721354166666667 0.7921296296296296 0.86953125 0.8013888888888889 0.8651041666666667 0.8041666666666667 0.8481770833333333 0.8013888888888889 0.8450520833333334 0.7967592592592593 0.8427083333333333 0.7865740740740741 0.8442708333333333 0.7574074074074074 0.8408854166666667 0.6990740740740741 0.8421875 0.6935185185185185 0.8481770833333333 0.6856481481481481 0.859375 0.6847222222222222
0 0.6619791666666667 0.2587962962962963 0.6708333333333333 0.2652777777777778 0.67265625 0.28425925925925927 0.6705729166666666 0.3416666666666667 0.66796875 0.3453703703703704 0.6622395833333333 0.34629629629629627 0.6494791666666667 0.3453703703703704 0.6458333333333334 0.3375 0.6473958333333333 0.3212962962962963 0.6473958333333333 0.26666666666666666 0.6510416666666666 0.2601851851851852 0.66171875 0.2587962962962963
0 0.7768229166666667 0.11157407407407408 0.7828125 0.11481481481481481 0.7841145833333333 0.12083333333333333 0.7859375 0.1875 0.78359375 0.20972222222222223 0.7723958333333333 0.21805555555555556 0.7643229166666666 0.2111111111111111 0.7635416666666667 0.2064814814814815 0.75859375 0.20046296296296295 0.7565104166666666 0.1287037037037037 0.7583333333333333 0.11851851851851852 0.7619791666666667 0.11342592592592593 0.7765625 0.11157407407407408
0 0.7427083333333333 0.24814814814814815 0.7489583333333333 0.25601851851851853 0.7515625 0.26944444444444443 0.753125 0.34074074074074073 0.7513020833333334 0.3490740740740741 0.7424479166666667 0.3527777777777778 0.734375 0.3523148148148148 0.7283854166666667 0.3453703703703704 0.7247395833333333 0.2689814814814815 0.7255208333333333 0.2587962962962963 0.7299479166666667 0.25046296296296294 0.7359375 0.24722222222222223 0.7424479166666667 0.24814814814814815
0 0.8559895833333333 0.24305555555555555 0.859375 0.24768518518518517 0.8622395833333333 0.2587962962962963 0.8658854166666666 0.32592592592592595 0.8625 0.3439814814814815 0.8510416666666667 0.3472222222222222 0.8419270833333333 0.3458333333333333 0.83828125 0.3388888888888889 0.834375 0.25462962962962965 0.8359375 0.24861111111111112 0.84140625 0.24212962962962964 0.85234375 0.24074074074074073 0.8557291666666667 0.24305555555555555
0 0.7770833333333333 0.3962962962962963 0.8184895833333333 0.4009259259259259 0.8283854166666667 0.4050925925925926 0.8315104166666667 0.4166666666666667 0.8315104166666667 0.4393518518518518 0.8263020833333333 0.44583333333333336 0.8177083333333334 0.44722222222222224 0.7723958333333333 0.44537037037037036 0.76484375 0.4393518518518518 0.7614583333333333 0.4263888888888889 0.7619791666666667 0.40879629629629627 0.7661458333333333 0.4 0.7768229166666667 0.3962962962962963
0 0.89453125 0.5532407407407407 0.90234375 0.5574074074074075 0.9046875 0.5634259259259259 0.90625 0.6217592592592592 0.9018229166666667 0.6560185185185186 0.89921875 0.6611111111111111 0.8940104166666667 0.6625 0.8838541666666667 0.6611111111111111 0.8791666666666667 0.6560185185185186 0.87890625 0.6231481481481481 0.8768229166666667 0.6055555555555555 0.8791666666666667 0.5574074074074075 0.884375 0.5537037037037037 0.8942708333333333 0.5532407407407407
0 0.66015625 0.687962962962963 0.66875 0.6888888888888889 0.6729166666666667 0.6958333333333333 0.6721354166666667 0.7759259259259259 0.6677083333333333 0.7967592592592593 0.6625 0.8013888888888889 0.6546875 0.8023148148148148 0.6473958333333333 0.799074074074074 0.6442708333333333 0.7870370370370371 0.6455729166666667 0.7023148148148148 0.64921875 0.6893518518518519 0.6598958333333333 0.687962962962963
0 0.5481770833333334 0.5273148148148148 0.55703125 0.5300925925925926 0.559375 0.5361111111111111 0.5575520833333333 0.6342592592592593 0.5541666666666667 0.6430555555555556 0.5484375 0.6458333333333334 0.534375 0.6416666666666667 0.5315104166666667 0.6300925925925925 0.53359375 0.5324074074074074 0.5372395833333333 0.5282407407407408 0.5479166666666667 0.5273148148148148
0 0.73828125 0.5305555555555556 0.7453125 0.5324074074074074 0.75 0.5407407407407407 0.74921875 0.6240740740740741 0.7458333333333333 0.6333333333333333 0.7403645833333333 0.6361111111111111 0.72734375 0.6337962962962963 0.7239583333333334 0.624537037037037 0.725 0.5375 0.7291666666666666 0.5319444444444444 0.7380208333333333 0.5305555555555556
0 0.7776041666666667 0.22824074074074074 0.78671875 0.23564814814814813 0.7903645833333334 0.2513888888888889 0.78984375 0.3282407407407407 0.7872395833333333 0.337037037037037 0.7828125 0.3398148148148148 0.7684895833333333 0.3388888888888889 0.7653645833333333 0.33425925925925926 0.7635416666666667 0.32546296296296295 0.7630208333333334 0.24259259259259258 0.7684895833333333 0.23055555555555557 0.77734375 0.22824074074074074
0 0.8393229166666667 0 0.9072916666666667 0 0.9010416666666666 0.007407407407407408 0.8911458333333333 0.012962962962962963 0.85703125 0.005092592592592593 0.8450520833333334 0.006944444444444444 0.8393229166666667 0.000462962962962963
0 0.9669270833333333 0.24351851851851852 0.9716145833333333 0.24768518518518517 0.9744791666666667 0.2564814814814815 0.9765625 0.32175925925925924 0.97421875 0.34675925925925927 0.9700520833333334 0.3527777777777778 0.9640625 0.35509259259259257 0.9515625 0.3527777777777778 0.9450520833333333 0.3421296296296296 0.9440104166666666 0.33194444444444443 0.9458333333333333 0.2851851851851852 0.9440104166666666 0.26481481481481484 0.94609375 0.2537037037037037 0.9515625 0.24444444444444444 0.9666666666666667 0.24351851851851852
0 0.8606770833333334 0.5476851851851852 0.8658854166666666 0.5513888888888889 0.86796875 0.5597222222222222 0.86640625 0.6319444444444444 0.8635416666666667 0.6592592592592592 0.859375 0.6671296296296296 0.8528645833333334 0.6685185185185185 0.8416666666666667 0.6652777777777777 0.8372395833333334 0.6555555555555556 0.8408854166666667 0.5662037037037037 0.8419270833333333 0.5569444444444445 0.84609375 0.5476851851851852 0.8604166666666667 0.5476851851851852
0 0.85703125 0.9893518518518518 0.8627604166666667 0.9916666666666667 0.8661458333333333 0.999537037037037 0.83984375 0.999537037037037 0.8432291666666667 0.9907407407407407 0.8567708333333334 0.9893518518518518
0 0.7809895833333333 0.674537037037037 0.7869791666666667 0.6787037037037037 0.7901041666666667 0.6995370370370371 0.7916666666666666 0.7708333333333334 0.7895833333333333 0.7875 0.7864583333333334 0.7939814814814815 0.78046875 0.7976851851851852 0.7684895833333333 0.7944444444444444 0.7630208333333334 0.7828703703703703 0.7619791666666667 0.6944444444444444 0.765625 0.6763888888888889 0.7807291666666667 0.674537037037037
0 0.7010416666666667 0.24351851851851852 0.70859375 0.24768518518518517 0.7109375 0.2569444444444444 0.7122395833333334 0.2967592592592593 0.7111979166666667 0.3388888888888889 0.709375 0.3458333333333333 0.7049479166666667 0.3490740740740741 0.6921875 0.3486111111111111 0.6880208333333333 0.3458333333333333 0.6864583333333333 0.33935185185185185 0.6859375 0.2513888888888889 0.69140625 0.24444444444444444 0.70078125 0.24351851851851852
0 0.5473958333333333 0.6703703703703704 0.5513020833333333 0.6736111111111112 0.5533854166666666 0.6810185185185185 0.5544270833333333 0.7689814814814815 0.5502604166666667 0.7833333333333333 0.5432291666666667 0.787962962962963 0.5322916666666667 0.7851851851851852 0.5268229166666667 0.7722222222222223 0.5260416666666666 0.6833333333333333 0.5283854166666667 0.6754629629629629 0.5322916666666667 0.6712962962962963 0.5471354166666667 0.6703703703703704
0 0.8158854166666667 0.2310185185185185 0.8221354166666667 0.23796296296296296 0.8252604166666667 0.27314814814814814 0.8244791666666667 0.3101851851851852 0.8221354166666667 0.31712962962962965 0.8166666666666667 0.3194444444444444 0.80390625 0.31851851851851853 0.8005208333333333 0.3138888888888889 0.7994791666666666 0.262037037037037 0.7994791666666666 0.2439814814814815 0.8018229166666667 0.23472222222222222 0.8078125 0.23055555555555557 0.815625 0.2310185185185185
0 0.9010416666666666 0.25046296296296294 0.9078125 0.25925925925925924 0.9135416666666667 0.29074074074074074 0.91015625 0.3 0.9125 0.3212962962962963 0.91171875 0.3523148148148148 0.90859375 0.3592592592592593 0.9018229166666667 0.362962962962963 0.8869791666666667 0.3611111111111111 0.8817708333333333 0.35185185185185186 0.8822916666666667 0.2898148148148148 0.8778645833333333 0.2796296296296296 0.88359375 0.25555555555555554 0.8903645833333333 0.25 0.90078125 0.25046296296296294
0 0.6239583333333333 0.23055555555555557 0.634375 0.23472222222222222 0.6372395833333333 0.24166666666666667 0.63828125 0.2523148148148148 0.6375 0.33425925925925926 0.634375 0.3398148148148148 0.6276041666666666 0.34305555555555556 0.615625 0.3416666666666667 0.6122395833333333 0.3351851851851852 0.6111979166666667 0.3212962962962963 0.6109375 0.2439814814814815 0.6145833333333334 0.2337962962962963 0.6236979166666666 0.23055555555555557
0 0.5828125 0.6819444444444445 0.5927083333333333 0.687037037037037 0.5955729166666667 0.6995370370370371 0.5908854166666667 0.8032407407407407 0.58828125 0.8083333333333333 0.5817708333333333 0.8111111111111111 0.5708333333333333 0.8101851851851852 0.5658854166666667 0.8 0.5653645833333333 0.7851851851851852 0.5690104166666666 0.6925925925925925 0.5729166666666666 0.6833333333333333 0.5825520833333333 0.6819444444444445
0 0.8125 0.6796296296296296 0.8205729166666667 0.6828703703703703 0.82421875 0.6898148148148148 0.82578125 0.7324074074074074 0.8244791666666667 0.7791666666666667 0.82109375 0.788425925925926 0.8145833333333333 0.7916666666666666 0.8065104166666667 0.7907407407407407 0.80078125 0.7861111111111111 0.7981770833333334 0.7560185185185185 0.7984375 0.687962962962963 0.8018229166666667 0.6819444444444445 0.8122395833333333 0.6796296296296296