0 0.88671875 0.12361111111111112 0.8942708333333333 0.1259259259259259 0.8966145833333333 0.1300925925925926 0.9010416666666666 0.19583333333333333 0.8973958333333333 0.23472222222222222 0.8940104166666667 0.23935185185185184 0.8841145833333334 0.2412037037037037 0.8755208333333333 0.23842592592592593 0.8721354166666667 0.22962962962962963 0.8721354166666667 0.18009259259259258 0.8697916666666666 0.15046296296296297 0.8731770833333333 0.12962962962962962 0.8768229166666667 0.12546296296296297 0.8864583333333333 0.12361111111111112
0 0.6682291666666667 0.6972222222222222 0.6739583333333333 0.6995370370370371 0.6755208333333333 0.7046296296296296 0.6744791666666666 0.7833333333333333 0.6697916666666667 0.8064814814814815 0.6635416666666667 0.8101851851851852 0.6502604166666667 0.8074074074074075 0.646875 0.8 0.64765625 0.7268518518518519 0.6515625 0.6981481481481482 0.65390625 0.6958333333333333 0.66796875 0.6972222222222222
0 0.8153645833333333 0.10416666666666667 0.81953125 0.10925925925925926 0.82265625 0.11851851851851852 0.8247395833333333 0.1726851851851852 0.82109375 0.19953703703703704 0.8130208333333333 0.20462962962962963 0.80234375 0.20277777777777778 0.796875 0.19490740740740742 0.7984375 0.17037037037037037 0.7963541666666667 0.125 0.7979166666666667 0.11527777777777778 0.8026041666666667 0.1050925925925926 0.8151041666666666 0.10416666666666667
0 0.6239583333333333 0.674537037037037 0.6341145833333334 0.6787037037037037 0.6375 0.7194444444444444 0.6359375 0.7972222222222223 0.6341145833333334 0.8069444444444445 0.6270833333333333 0.8143518518518519 0.6125 0.812037037037037 0.6057291666666667 0.8 0.60859375 0.7203703703703703 0.6114583333333333 0.6921296296296297 0.6158854166666666 0.6768518518518518 0.6236979166666666 0.674537037037037
0 0.7427083333333333 0.25462962962962965 0.7497395833333333 0.26157407407407407 0.7520833333333333 0.27361111111111114 0.7549479166666667 0.3375 0.753125 0.35555555555555557 0.7427083333333333 0.3587962962962963 0.734375 0.3578703703703704 0.7299479166666667 0.35185185185185186 0.7283854166666667 0.2916666666666667 0.7263020833333333 0.2763888888888889 0.7268229166666667 0.26851851851851855 0.7307291666666667 0.2587962962962963 0.7424479166666667 0.25462962962962965
0 0.70234375 0.25092592592592594 0.709375 0.25416666666666665 0.7122395833333334 0.25972222222222224 0.7135416666666666 0.324537037037037 0.7114583333333333 0.35185185185185186 0.7013020833333333 0.3560185185185185 0.6919270833333333 0.3537037037037037 0.6888020833333334 0.34814814814814815 0.68671875 0.2814814814814815 0.6890625 0.2550925925925926 0.6927083333333334 0.2518518518518518 0.7020833333333333 0.25092592592592594
0 0.9625 0.12314814814814815 0.97265625 0.1287037037037037 0.9768229166666667 0.14351851851851852 0.97734375 0.2222222222222222 0.97421875 0.23055555555555557 0.9669270833333333 0.2351851851851852 0.9546875 0.2310185185185185 0.9481770833333333 0.2175925925925926 0.94921875 0.1884259259259259 0.9466145833333334 0.17962962962962964 0.9481770833333333 0.16805555555555557 0.9471354166666667 0.14351851851851852 0.9494791666666667 0.13333333333333333 0.9533854166666667 0.12638888888888888 0.9622395833333334 0.12314814814814815
0 0.8174479166666667 0.549537037037037 0.8231770833333333 0.5537037037037037 0.8260416666666667 0.5675925925925925 0.82734375 0.6481481481481481 0.8244791666666667 0.6592592592592592 0.8161458333333333 0.6620370370370371 0.8033854166666666 0.6587962962962963 0.80078125 0.6541666666666667 0.7989583333333333 0.5671296296296297 0.7997395833333333 0.5564814814814815 0.8033854166666666 0.5504629629629629 0.8171875 0.549537037037037
0 0.8671875 0.6939814814814815 0.87265625 0.7069444444444445 0.8734375 0.7314814814814815 0.8760416666666667 0.7379629629629629 0.8734375 0.7472222222222222 0.8747395833333333 0.8004629629629629 0.8729166666666667 0.8078703703703703 0.8669270833333333 0.8115740740740741 0.8510416666666667 0.8097222222222222 0.8450520833333334 0.7967592592592593 0.8466145833333333 0.7513888888888889 0.8432291666666667 0.7162037037037037 0.8453125 0.7 0.8484375 0.6953703703703704 0.85546875 0.6916666666666667 0.8669270833333333 0.6939814814814815
0 0.7763020833333333 0.2351851851851852 0.7877604166666666 0.24027777777777778 0.7921875 0.25462962962962965 0.7919270833333333 0.33287037037037037 0.7893229166666667 0.3449074074074074 0.7794270833333333 0.34814814814814815 0.7721354166666666 0.34629629629629627 0.7669270833333334 0.34120370370370373 0.7643229166666666 0.3087962962962963 0.7651041666666667 0.24537037037037038 0.7684895833333333 0.23935185185185184 0.7760416666666666 0.2351851851851852
0 0.54765625 0.5351851851851852 0.5575520833333333 0.5370370370370371 0.5614583333333333 0.5430555555555555 0.5611979166666666 0.6300925925925925 0.5580729166666667 0.649074074074074 0.5502604166666667 0.6541666666666667 0.5364583333333334 0.649537037037037 0.53359375 0.6375 0.5364583333333334 0.5393518518518519 0.5393229166666667 0.5361111111111111 0.5473958333333333 0.5351851851851852
0 0.89765625 0.5601851851851852 0.9049479166666666 0.5643518518518519 0.9075520833333334 0.5717592592592593 0.9091145833333333 0.6194444444444445 0.9083333333333333 0.6578703703703703 0.9036458333333334 0.6666666666666666 0.8984375 0.6694444444444444 0.8864583333333333 0.6685185185185185 0.88203125 0.6648148148148149 0.8799479166666667 0.6092592592592593 0.8802083333333334 0.5731481481481482 0.8817708333333333 0.5638888888888889 0.8973958333333333 0.5601851851851852
0 0.6721354166666667 0.12407407407407407 0.6752604166666667 0.1287037037037037 0.6765625 0.13703703703703704 0.6776041666666667 0.17314814814814813 0.6760416666666667 0.22407407407407406 0.6731770833333334 0.23055555555555557 0.6635416666666667 0.2375 0.6536458333333334 0.23472222222222222 0.6473958333333333 0.22407407407407406 0.6510416666666666 0.1398148148148148 0.653125 0.12824074074074074 0.6557291666666667 0.12453703703703704 0.671875 0.12407407407407407
0 0.7794270833333333 0.5509259259259259 0.7861979166666667 0.5537037037037037 0.7901041666666667 0.562037037037037 0.7927083333333333 0.638425925925926 0.7901041666666667 0.6532407407407408 0.7796875 0.6587962962962963 0.7713541666666667 0.6574074074074074 0.765625 0.6435185185185185 0.7651041666666667 0.5916666666666667 0.7627604166666667 0.575925925925926 0.7630208333333334 0.5634259259259259 0.765625 0.5560185185185185 0.7791666666666667 0.5509259259259259
0 0.596875 0.12222222222222222 0.60078125 0.12638888888888888 0.6015625 0.13148148148148148 0.60234375 0.16157407407407406 0.6002604166666666 0.21805555555555556 0.5966145833333333 0.22777777777777777 0.5885416666666666 0.2337962962962963 0.5809895833333333 0.23194444444444445 0.5744791666666667 0.22175925925925927 0.57578125 0.13333333333333333 0.5768229166666666 0.12638888888888888 0.5809895833333333 0.12175925925925926 0.5966145833333333 0.12222222222222222
0 0.8583333333333333 0.5532407407407407 0.8658854166666666 0.5555555555555556 0.86953125 0.5601851851851852 0.8705729166666667 0.5861111111111111 0.86953125 0.6277777777777778 0.86640625 0.6648148148148149 0.8627604166666667 0.6731481481481482 0.8575520833333333 0.6759259259259259 0.84375 0.6726851851851852 0.8401041666666667 0.6662037037037037 0.8390625 0.6541666666666667 0.84375 0.5657407407407408 0.84921875 0.5541666666666667 0.8580729166666666 0.5532407407407407
0 0.029947916666666668 0.6648148148148149 0.042708333333333334 0.6712962962962963 0.04583333333333333 0.6842592592592592 0.04088541666666667 0.7032407407407407 0.036458333333333336 0.7601851851851852 0.0328125 0.7694444444444445 0.026822916666666665 0.774074074074074 0.0140625 0.7694444444444445 0.011197916666666667 0.7638888888888888 0.01015625 0.7509259259259259 0.015364583333333333 0.6824074074074075 0.02109375 0.6675925925925926 0.0296875 0.6648148148148149
0 0.596875 0.24305555555555555 0.60078125 0.24722222222222223 0.60234375 0.2550925925925926 0.6026041666666667 0.35185185185185186 0.5997395833333333 0.3625 0.5919270833333333 0.3680555555555556 0.58046875 0.36666666666666664 0.5768229166666666 0.36203703703703705 0.5744791666666667 0.35185185185185186 0.5760416666666667 0.2587962962962963 0.5796875 0.24444444444444444 0.5966145833333333 0.24305555555555555
0 0.9359375 0.5504629629629629 0.9427083333333334 0.5550925925925926 0.9466145833333334 0.5648148148148148 0.9497395833333333 0.638425925925926 0.9489583333333333 0.6652777777777777 0.9458333333333333 0.6726851851851852 0.9372395833333333 0.675 0.9252604166666667 0.6722222222222223 0.921875 0.6643518518518519 0.9192708333333334 0.6402777777777777 0.9169270833333333 0.5712962962962963 0.91796875 0.5611111111111111 0.921875 0.5537037037037037 0.9356770833333333 0.5504629629629629
0 0.5893229166666667 0.6912037037037037 0.59609375 0.6986111111111111 0.5973958333333333 0.7273148148148149 0.59453125 0.8037037037037037 0.5908854166666667 0.8138888888888889 0.58515625 0.8189814814814815 0.57734375 0.8185185185185185 0.5708333333333333 0.8134259259259259 0.56796875 0.8069444444444445 0.5677083333333334 0.7972222222222223 0.5703125 0.7722222222222223 0.5731770833333333 0.6958333333333333 0.5776041666666667 0.6907407407407408 0.5890625 0.6912037037037037
0 0.7002604166666667 0.6828703703703703 0.7109375 0.6884259259259259 0.7138020833333333 0.7013888888888888 0.7138020833333333 0.7736111111111111 0.71171875 0.7967592592592593 0.70703125 0.8013888888888889 0.6885416666666667 0.8 0.6830729166666667 0.7921296296296296 0.6864583333333333 0.6939814814814815 0.68984375 0.6847222222222222 0.7 0.6828703703703703
0 0.7408854166666666 0.6935185185185185 0.7466145833333333 0.6995370370370371 0.7486979166666666 0.7097222222222223 0.7520833333333333 0.7717592592592593 0.7497395833333333 0.7865740740740741 0.7427083333333333 0.7907407407407407 0.7296875 0.7907407407407407 0.7260416666666667 0.7865740740740741 0.72109375 0.7097222222222223 0.72265625 0.6995370370370371 0.7263020833333333 0.6958333333333333 0.740625 0.6935185185185185
0 0.5450520833333333 0.6773148148148148 0.5528645833333333 0.6814814814814815 0.5549479166666667 0.6875 0.5567708333333333 0.7666666666666667 0.5544270833333333 0.7861111111111111 0.5505208333333333 0.7930555555555555 0.5463541666666667 0.7953703703703704 0.53671875 0.7944444444444444 0.53125 0.7898148148148149 0.52890625 0.7824074074074074 0.528125 0.762962962962963 0.5296875 0.7384259259259259 0.528125 0.7101851851851851 0.5294270833333333 0.6851851851851852 0.534375 0.6782407407407407 0.5447916666666667 0.6773148148148148
0 0.6239583333333333 0.5421296296296296 0.6299479166666667 0.5449074074074074 0.63359375 0.5564814814814815 0.6369791666666667 0.6287037037037037 0.6369791666666667 0.6421296296296296 0.634375 0.6546296296296297 0.6307291666666667 0.6592592592592592 0.6239583333333333 0.6615740740740741 0.6130208333333333 0.6606481481481481 0.609375 0.6532407407407408 0.6057291666666667 0.5726851851851852 0.6059895833333333 0.5537037037037037 0.6080729166666666 0.5462962962962963 0.6236979166666666 0.5421296296296296
0 0.70390625 0.12314814814814815 0.7104166666666667 0.1259259259259259 0.7114583333333333 0.13055555555555556 0.7122395833333334 0.20787037037037037 0.7104166666666667 0.21666666666666667 0.70078125 0.2212962962962963 0.6919270833333333 0.22037037037037038 0.6885416666666667 0.21712962962962962 0.68671875 0.2101851851851852 0.6875 0.13287037037037036 0.6901041666666666 0.12638888888888888 0.7036458333333333 0.12314814814814815
0 0.8213541666666667 0.6888888888888889 0.8255208333333334 0.6921296296296297 0.8276041666666667 0.6990740740740741 0.8276041666666667 0.7810185185185186 0.825 0.7939814814814815 0.8166666666666667 0.7986111111111112 0.8067708333333333 0.7967592592592593 0.803125 0.7930555555555555 0.8013020833333333 0.7851851851851852 0.8002604166666667 0.7439814814814815 0.8018229166666667 0.7333333333333333 0.7994791666666666 0.7018518518518518 0.8002604166666667 0.6958333333333333 0.8036458333333333 0.6902777777777778 0.82109375 0.6888888888888889
0 0.6651041666666667 0.2657407407407407 0.6723958333333333 0.27175925925925926 0.675 0.29212962962962963 0.67265625 0.3453703703703704 0.6713541666666667 0.350462962962963 0.6653645833333334 0.35324074074074074 0.6513020833333333 0.3523148148148148 0.6481770833333333 0.34629629629629627 0.6497395833333334 0.275 0.6533854166666667 0.2671296296296296 0.66484375 0.2657407407407407
0 0.7151041666666667 0.37824074074074077 0.7557291666666667 0.3851851851851852 0.7583333333333333 0.4 0.7567708333333333 0.4212962962962963 0.7549479166666667 0.42685185185185187 0.74921875 0.4287037037037037 0.7234375 0.42777777777777776 0.69765625 0.42268518518518516 0.6950520833333333 0.41388888888888886 0.6971354166666667 0.38425925925925924 0.70234375 0.37916666666666665 0.71484375 0.37824074074074077
0 0.6333333333333333 0.23935185185185184 0.6377604166666667 0.24351851851851852 0.6395833333333333 0.25092592592592594 0.6403645833333333 0.27175925925925926 0.6385416666666667 0.3023148148148148 0.640625 0.33287037037037037 0.6375 0.34675925925925927 0.6291666666666667 0.350462962962963 0.61796875 0.3490740740740741 0.6135416666666667 0.34074074074074073 0.6130208333333333 0.25046296296296294 0.6143229166666667 0.2449074074074074 0.6192708333333333 0.23935185185185184 0.6330729166666667 0.23935185185185184
0 0.73828125 0.08935185185185185 0.7466145833333333 0.09166666666666666 0.7502604166666667 0.09814814814814815 0.7520833333333333 0.12638888888888888 0.75 0.13703703703703704 0.75078125 0.16527777777777777 0.7484375 0.2037037037037037 0.74453125 0.2101851851851852 0.7380208333333333 0.2125 0.7239583333333334 0.20833333333333334 0.7216145833333333 0.19722222222222222 0.7239583333333334 0.15833333333333333 0.7236979166666667 0.12453703703703704 0.7263020833333333 0.10046296296296296 0.7302083333333333 0.09166666666666666 0.7380208333333333 0.08935185185185185
0 0.6635416666666667 0.9740740740740741 0.671875 0.987037037037037 0.6736979166666667 0.999537037037037 0.6450520833333333 0.999537037037037 0.6471354166666666 0.9814814814814815 0.64921875 0.9777777777777777 0.6565104166666667 0.9736111111111111 0.66328125 0.9740740740740741
0 0.8533854166666667 0.24768518518518517 0.8596354166666667 0.2523148148148148 0.8638020833333333 0.26157407407407407 0.86796875 0.3347222222222222 0.8640625 0.3523148148148148 0.8489583333333334 0.35509259259259257 0.8421875 0.35138888888888886 0.8403645833333333 0.34444444444444444 0.8361979166666667 0.26157407407407407 0.84140625 0.25046296296296294 0.853125 0.24768518518518517
0 0.8505208333333333 0.13333333333333333 0.8580729166666666 0.13657407407407407 0.86015625 0.14212962962962963 0.8611979166666667 0.19953703703703704 0.8596354166666667 0.22407407407407406 0.85625 0.23055555555555557 0.84921875 0.23333333333333334 0.83671875 0.23055555555555557 0.8346354166666666 0.2273148148148148 0.83359375 0.21481481481481482 0.8348958333333333 0.13935185185185187 0.8390625 0.1337962962962963 0.8502604166666666 0.13333333333333333
0 0.7419270833333333 0.538425925925926 0.7505208333333333 0.5430555555555555 0.7528645833333333 0.5726851851851852 0.75078125 0.6337962962962963 0.7481770833333333 0.6402777777777777 0.74140625 0.6439814814814815 0.72890625 0.6407407407407407 0.7268229166666667 0.6351851851851852 0.7265625 0.6203703703703703 0.72734375 0.5462962962962963 0.7309895833333333 0.5398148148148149 0.7416666666666667 0.538425925925926
0 0.6838541666666667 0.8462962962962963 0.7291666666666666 0.8476851851851852 0.73515625 0.85 0.73828125 0.8560185185185185 0.7395833333333334 0.8791666666666667 0.7372395833333333 0.8939814814814815 0.6963541666666667 0.8967592592592593 0.6786458333333333 0.8953703703703704 0.6708333333333333 0.8870370370370371 0.6697916666666667 0.8634259259259259 0.67109375 0.8523148148148149 0.675 0.8481481481481481 0.68359375 0.8462962962962963
0 0.6283854166666667 0.1050925925925926 0.6338541666666667 0.10925925925925926 0.6369791666666667 0.1175925925925926 0.6388020833333333 0.15 0.6369791666666667 0.17824074074074073 0.6377604166666667 0.2050925925925926 0.6346354166666667 0.21435185185185185 0.6286458333333333 0.21805555555555556 0.6166666666666667 0.21666666666666667 0.6111979166666667 0.20694444444444443 0.6127604166666667 0.17916666666666667 0.61171875 0.15092592592592594 0.6135416666666667 0.1375 0.6125 0.11944444444444445 0.6143229166666667 0.1125 0.61875 0.10648148148148148 0.628125 0.1050925925925926
0 0.9700520833333334 0.25046296296296294 0.9752604166666666 0.2574074074074074 0.97734375 0.26944444444444443 0.9778645833333334 0.33935185185185185 0.9739583333333334 0.3574074074074074 0.96484375 0.36203703703703705 0.9544270833333334 0.3597222222222222 0.9455729166666667 0.3453703703703704 0.9473958333333333 0.30833333333333335 0.9455729166666667 0.2740740740740741 0.946875 0.2652777777777778 0.9526041666666667 0.2523148148148148 0.9596354166666666 0.24861111111111112 0.9697916666666667 0.25046296296296294
0 0.7841145833333333 0.6819444444444445 0.7885416666666667 0.6851851851851852 0.79140625 0.6949074074074074 0.7940104166666667 0.7837962962962963 0.7895833333333333 0.8 0.7802083333333333 0.8046296296296296 0.7700520833333333 0.8 0.7651041666666667 0.7893518518518519 0.7640625 0.7064814814814815 0.7653645833333333 0.6893518518518519 0.7674479166666667 0.6851851851851852 0.7729166666666667 0.6819444444444445 0.7838541666666666 0.6819444444444445
0 0.7083333333333334 0.5569444444444445 0.7135416666666666 0.5597222222222222 0.7153645833333333 0.5657407407407408 0.71640625 0.6166666666666667 0.71484375 0.6240740740740741 0.70703125 0.625462962962963 0.69609375 0.625462962962963 0.6921875 0.6217592592592592 0.6932291666666667 0.5949074074074074 0.6919270833333333 0.5638888888888889 0.69609375 0.5578703703703703 0.7080729166666667 0.5569444444444445
0 0.81484375 0.2375 0.82265625 0.24259259259259258 0.8263020833333333 0.26851851851851855 0.8260416666666667 0.3194444444444444 0.8229166666666666 0.324537037037037 0.8177083333333334 0.3263888888888889 0.8052083333333333 0.324537037037037 0.8026041666666667 0.32083333333333336 0.8018229166666667 0.3143518518518518 0.8013020833333333 0.2490740740740741 0.8046875 0.23981481481481481 0.8145833333333333 0.2375
0 0.76171875 0.12222222222222222 0.765625 0.11898148148148148 0.7776041666666667 0.11851851851851852 0.7841145833333333 0.12268518518518519 0.7880208333333333 0.18194444444444444 0.7869791666666667 0.20694444444444443 0.7828125 0.21898148148148147 0.77734375 0.2222222222222222 0.7640625 0.21944444444444444 0.7606770833333333 0.20972222222222223 0.7604166666666666 0.17824074074074073 0.7583333333333333 0.1685185185185185 0.7591145833333334 0.13194444444444445 0.76171875 0.12268518518518519
0 0.9028645833333333 0.2574074074074074 0.9104166666666667 0.2689814814814815 0.9153645833333334 0.2967592592592593 0.9138020833333333 0.3138888888888889 0.9143229166666667 0.35833333333333334 0.9111979166666667 0.3662037037037037 0.9044270833333333 0.36944444444444446 0.88984375 0.3675925925925926 0.8833333333333333 0.3597222222222222 0.8822916666666667 0.350462962962963 0.8848958333333333 0.3384259259259259 0.8838541666666667 0.3037037037037037 0.8833333333333333 0.2935185185185185 0.8796875 0.2875 0.8859375 0.2611111111111111 0.8934895833333333 0.2564814814814815 0.9026041666666667 0.2574074074074074
0 0.6028645833333334 0.41388888888888886 0.61953125 0.42824074074074076 0.6510416666666666 0.4699074074074074 0.65234375 0.48009259259259257 0.6440104166666667 0.5041666666666667 0.6411458333333333 0.5064814814814815 0.6299479166666667 0.5013888888888889 0.6028645833333334 0.46620370370370373 0.5911458333333334 0.45555555555555555 0.58828125 0.44722222222222224 0.5885416666666666 0.43472222222222223 0.5953125 0.41712962962962963 0.6026041666666667 0.41388888888888886