0 0.8872395833333333 0.12268518518518519 0.8942708333333333 0.12546296296296297 0.8966145833333333 0.13055555555555556 0.9 0.19722222222222222 0.896875 0.23472222222222222 0.8932291666666666 0.2388888888888889 0.88359375 0.24027777777777778 0.8755208333333333 0.23796296296296296 0.8716145833333333 0.22777777777777777 0.8721354166666667 0.19444444444444445 0.8700520833333333 0.14722222222222223 0.8744791666666667 0.12638888888888888 0.8869791666666667 0.12268518518518519
0 0.8114583333333333 0.10185185185185185 0.8174479166666667 0.10555555555555556 0.8216145833333334 0.11435185185185186 0.825 0.1574074074074074 0.8223958333333333 0.19305555555555556 0.8200520833333333 0.19953703703703704 0.8145833333333333 0.20324074074074075 0.8033854166666666 0.2023148148148148 0.7966145833333333 0.19305555555555556 0.7981770833333334 0.18287037037037038 0.796875 0.1175925925925926 0.8010416666666667 0.10555555555555556 0.8111979166666666 0.10185185185185185
0 0.6231770833333333 0.6754629629629629 0.6299479166666667 0.6777777777777778 0.6341145833333334 0.6842592592592592 0.6375 0.7273148148148149 0.63515625 0.7986111111111112 0.63359375 0.8064814814814815 0.6268229166666667 0.8134259259259259 0.6127604166666667 0.8111111111111111 0.60625 0.8 0.6088541666666667 0.6995370370370371 0.6161458333333333 0.6768518518518518 0.6229166666666667 0.6754629629629629
0 0.7135416666666666 0.3768518518518518 0.7565104166666666 0.38472222222222224 0.759375 0.39351851851851855 0.75859375 0.41898148148148145 0.7565104166666666 0.42592592592592593 0.7515625 0.42777777777777776 0.6994791666666667 0.42268518518518516 0.69609375 0.41435185185185186 0.6979166666666666 0.3851851851851852 0.7026041666666667 0.3787037037037037 0.71328125 0.3768518518518518
0 0.7434895833333334 0.25416666666666665 0.75 0.26157407407407407 0.7520833333333333 0.275 0.7549479166666667 0.3458333333333333 0.7520833333333333 0.3560185185185185 0.7416666666666667 0.35833333333333334 0.7325520833333333 0.3560185185185185 0.7294270833333333 0.3486111111111111 0.728125 0.29212962962962963 0.72578125 0.27175925925925926 0.73046875 0.25787037037037036 0.734375 0.25462962962962965 0.7432291666666667 0.25416666666666665
0 0.703125 0.25046296296296294 0.7104166666666667 0.25462962962962965 0.7125 0.26296296296296295 0.7122395833333334 0.30092592592592593 0.7140625 0.32916666666666666 0.7114583333333333 0.35 0.7002604166666667 0.35555555555555557 0.69140625 0.35324074074074074 0.6885416666666667 0.34814814814814815 0.6861979166666666 0.2824074074074074 0.6890625 0.2537037037037037 0.7028645833333333 0.25046296296296294
0 0.9658854166666667 0.12361111111111112 0.9747395833333333 0.13240740740740742 0.9770833333333333 0.15925925925925927 0.9770833333333333 0.2199074074074074 0.9721354166666667 0.23148148148148148 0.9669270833333333 0.23472222222222222 0.9567708333333333 0.2324074074074074 0.9484375 0.22037037037037038 0.94921875 0.19537037037037036 0.9463541666666667 0.15462962962962962 0.9471354166666667 0.14074074074074075 0.9515625 0.12824074074074074 0.9583333333333334 0.12268518518518519 0.965625 0.12361111111111112
0 0.85234375 0.13287037037037036 0.8580729166666666 0.1361111111111111 0.8606770833333334 0.1439814814814815 0.8606770833333334 0.21342592592592594 0.8596354166666667 0.22268518518518518 0.85703125 0.22777777777777777 0.8471354166666667 0.2324074074074074 0.8380208333333333 0.2310185185185185 0.8341145833333333 0.22407407407407406 0.8348958333333333 0.1388888888888889 0.8377604166666667 0.13333333333333333 0.8520833333333333 0.13287037037037036
0 0.81953125 0.549537037037037 0.8247395833333333 0.5578703703703703 0.8268229166666666 0.5773148148148148 0.8268229166666666 0.6444444444444445 0.82421875 0.6578703703703703 0.8140625 0.6611111111111111 0.8033854166666666 0.6587962962962963 0.8002604166666667 0.6527777777777778 0.80078125 0.6055555555555555 0.7984375 0.5671296296296297 0.7997395833333333 0.5532407407407407 0.8020833333333334 0.55 0.8192708333333333 0.549537037037037
0 0.8630208333333333 0.6907407407407408 0.86875 0.6953703703703704 0.8716145833333333 0.7037037037037037 0.87421875 0.7550925925925925 0.8736979166666666 0.8027777777777778 0.8708333333333333 0.8087962962962963 0.86484375 0.8111111111111111 0.8510416666666667 0.8087962962962963 0.8471354166666667 0.8041666666666667 0.8447916666666667 0.7962962962962963 0.8442708333333333 0.7824074074074074 0.84609375 0.7712962962962963 0.84296875 0.7162037037037037 0.84375 0.7037037037037037 0.8463541666666666 0.6958333333333333 0.8526041666666667 0.6912037037037037 0.8627604166666667 0.6907407407407408
0 0.90234375 0.2564814814814815 0.9088541666666666 0.26435185185185184 0.9151041666666667 0.2986111111111111 0.9138020833333333 0.3037037037037037 0.9135416666666667 0.3592592592592593 0.90859375 0.36666666666666664 0.9013020833333333 0.3685185185185185 0.8895833333333333 0.36666666666666664 0.8825520833333333 0.3560185185185185 0.8846354166666667 0.3347222222222222 0.8833333333333333 0.29305555555555557 0.8799479166666667 0.2884259259259259 0.8796875 0.28194444444444444 0.8861979166666667 0.25972222222222224 0.8940104166666667 0.25555555555555554 0.9020833333333333 0.2564814814814815
0 0.0609375 0.38287037037037036 0.071875 0.3925925925925926 0.07473958333333333 0.4064814814814815 0.07109375 0.449537037037037 0.06875 0.4597222222222222 0.06510416666666667 0.46296296296296297 0.05026041666666667 0.4615740740740741 0.0453125 0.4532407407407407 0.046614583333333334 0.4064814814814815 0.05 0.3902777777777778 0.05390625 0.38055555555555554 0.06067708333333333 0.38287037037037036
0 0.5515625 0.5347222222222222 0.5606770833333333 0.5398148148148149 0.5614583333333333 0.5828703703703704 0.559375 0.6412037037037037 0.5567708333333333 0.65 0.5505208333333333 0.6527777777777778 0.5356770833333333 0.6476851851851851 0.53359375 0.6407407407407407 0.5333333333333333 0.6287037037037037 0.5364583333333334 0.5370370370370371 0.5513020833333333 0.5347222222222222
0 0.6283854166666667 0.10416666666666667 0.6338541666666667 0.1087962962962963 0.6369791666666667 0.11712962962962963 0.6385416666666667 0.15462962962962962 0.6369791666666667 0.17824074074074073 0.6377604166666667 0.2037037037037037 0.634375 0.21296296296296297 0.62734375 0.2175925925925926 0.6177083333333333 0.21666666666666667 0.6119791666666666 0.20879629629629629 0.6114583333333333 0.15092592592592594 0.6135416666666667 0.1125 0.6200520833333333 0.10462962962962963 0.628125 0.10416666666666667
0 0.6255208333333333 0.5416666666666666 0.63125 0.5467592592592593 0.63359375 0.5578703703703703 0.63671875 0.6425925925925926 0.63359375 0.6546296296296297 0.6247395833333333 0.6601851851851852 0.6127604166666667 0.6592592592592592 0.6088541666666667 0.6509259259259259 0.60546875 0.5643518518518519 0.60625 0.5504629629629629 0.6091145833333333 0.5439814814814815 0.6252604166666667 0.5416666666666666
0 0.896875 0.5597222222222222 0.9059895833333333 0.5671296296296297 0.9078125 0.5814814814814815 0.9083333333333333 0.6509259259259259 0.9041666666666667 0.6662037037037037 0.8984375 0.6680555555555555 0.8880208333333334 0.6675925925925926 0.8815104166666666 0.663425925925926 0.8796875 0.6069444444444444 0.8809895833333333 0.5643518518518519 0.8856770833333333 0.5601851851851852 0.8966145833333333 0.5597222222222222
0 0.6671875 0.12129629629629629 0.6731770833333334 0.12453703703703704 0.67578125 0.13287037037037036 0.6776041666666667 0.16805555555555557 0.6768229166666667 0.19675925925925927 0.6747395833333333 0.22592592592592592 0.6627604166666666 0.23657407407407408 0.6541666666666667 0.23472222222222222 0.6494791666666667 0.2300925925925926 0.6471354166666666 0.22361111111111112 0.6471354166666666 0.20555555555555555 0.6526041666666667 0.1287037037037037 0.6572916666666667 0.12222222222222222 0.6669270833333333 0.12129629629629629
0 0.5924479166666666 0.12037037037037036 0.5981770833333333 0.12268518518518519 0.6010416666666667 0.12916666666666668 0.6015625 0.18703703703703703 0.5994791666666667 0.22268518518518518 0.5895833333333333 0.2324074074074074 0.578125 0.22824074074074074 0.5744791666666667 0.2212962962962963 0.5736979166666667 0.2050925925925926 0.5763020833333333 0.12638888888888888 0.58125 0.12083333333333333 0.5921875 0.12037037037037036
0 0.85625 0.5518518518518518 0.8661458333333333 0.5550925925925926 0.8692708333333333 0.5601851851851852 0.8700520833333333 0.5851851851851851 0.8674479166666667 0.6578703703703703 0.8627604166666667 0.6717592592592593 0.8559895833333333 0.6754629629629629 0.8419270833333333 0.6699074074074074 0.8395833333333333 0.6638888888888889 0.8390625 0.6541666666666667 0.84375 0.5652777777777778 0.8484375 0.5532407407407407 0.8559895833333333 0.5518518518518518
0 0.5927083333333333 0.24166666666666667 0.5989583333333334 0.24444444444444444 0.6018229166666667 0.25462962962962965 0.60234375 0.3537037037037037 0.5986979166666667 0.36342592592592593 0.5861979166666667 0.3675925925925926 0.5770833333333333 0.3625 0.5744791666666667 0.3527777777777778 0.5763020833333333 0.25462962962962965 0.5783854166666667 0.24444444444444444 0.5924479166666666 0.24166666666666667
0 0.9372395833333333 0.55 0.9424479166666667 0.5546296296296296 0.946875 0.5666666666666667 0.94921875 0.65 0.9473958333333333 0.6685185185185185 0.9432291666666667 0.6731481481481482 0.9359375 0.674537037037037 0.9255208333333333 0.6722222222222223 0.9213541666666667 0.6625 0.91875 0.6171296296296296 0.91953125 0.6037037037037037 0.91640625 0.5689814814814815 0.9182291666666667 0.5574074074074075 0.9213541666666667 0.5523148148148148 0.9369791666666667 0.55
0 0.5877604166666667 0.6893518518518519 0.5953125 0.6949074074074074 0.5971354166666667 0.7032407407407407 0.5955729166666667 0.7833333333333333 0.5927083333333333 0.8106481481481481 0.5830729166666667 0.8180555555555555 0.5776041666666667 0.8175925925925925 0.5708333333333333 0.812037037037037 0.5684895833333333 0.8074074074074075 0.5674479166666667 0.7949074074074074 0.5723958333333333 0.6958333333333333 0.5778645833333333 0.6893518518518519 0.5875 0.6893518518518519
0 0.69609375 0.6814814814814815 0.7091145833333333 0.6856481481481481 0.7135416666666666 0.6995370370370371 0.7122395833333334 0.7134259259259259 0.7130208333333333 0.7726851851851851 0.7109375 0.7972222222222223 0.70703125 0.8004629629629629 0.6919270833333333 0.8 0.68671875 0.7976851851851852 0.6830729166666667 0.7921296296296296 0.6856770833333333 0.6953703703703704 0.6893229166666667 0.6837962962962963 0.6958333333333333 0.6819444444444445
0 0.7375 0.6921296296296297 0.7447916666666666 0.6958333333333333 0.7479166666666667 0.7064814814814815 0.7513020833333334 0.7722222222222223 0.7497395833333333 0.7851851851851852 0.7424479166666667 0.7898148148148149 0.7296875 0.7898148148148149 0.7263020833333333 0.7870370370370371 0.725 0.7800925925925926 0.7208333333333333 0.7050925925925926 0.7239583333333334 0.6958333333333333 0.7372395833333333 0.6925925925925925
0 0.5442708333333334 0.6763888888888889 0.5513020833333333 0.6791666666666667 0.5544270833333333 0.6856481481481481 0.5559895833333334 0.7717592592592593 0.5518229166666667 0.7902777777777777 0.5432291666666667 0.7949074074074074 0.53359375 0.7912037037037037 0.5291666666666667 0.7819444444444444 0.5278645833333333 0.6990740740740741 0.5291666666666667 0.6861111111111111 0.5325520833333334 0.6787037037037037 0.5440104166666667 0.6763888888888889
0 0.6643229166666667 0.26481481481481484 0.6721354166666667 0.27037037037037037 0.6752604166666667 0.29305555555555557 0.6734375 0.3055555555555556 0.67265625 0.3458333333333333 0.6713541666666667 0.35 0.665625 0.3523148148148148 0.6510416666666666 0.35138888888888886 0.64765625 0.3453703703703704 0.64921875 0.275 0.65078125 0.2689814814814815 0.6541666666666667 0.2657407407407407 0.6640625 0.26481481481481484
0 0.6286458333333333 0.23703703703703705 0.6364583333333333 0.2412037037037037 0.6393229166666666 0.25092592592592594 0.63828125 0.3013888888888889 0.640625 0.3236111111111111 0.6380208333333334 0.3435185185185185 0.6299479166666667 0.34953703703703703 0.615625 0.34675925925925927 0.6125 0.33101851851851855 0.6127604166666667 0.24953703703703703 0.61875 0.2388888888888889 0.6283854166666667 0.23703703703703705
0 0.66171875 0.9717592592592592 0.6653645833333334 0.9736111111111111 0.671875 0.986574074074074 0.6734375 0.999537037037037 0.64453125 0.999537037037037 0.6466145833333333 0.9819444444444444 0.65 0.975 0.6614583333333334 0.9717592592592592
0 0.8526041666666667 0.2462962962962963 0.8596354166666667 0.2518518518518518 0.8638020833333333 0.262037037037037 0.8674479166666667 0.3365740740740741 0.8643229166666667 0.3509259259259259 0.8520833333333333 0.3537037037037037 0.84375 0.3523148148148148 0.8403645833333333 0.34444444444444444 0.8356770833333333 0.2638888888888889 0.8377604166666667 0.25416666666666665 0.8411458333333334 0.24953703703703703 0.85234375 0.2462962962962963
0 0.7828125 0.2361111111111111 0.7875 0.23981481481481481 0.7916666666666666 0.2513888888888889 0.7919270833333333 0.3314814814814815 0.7888020833333333 0.34305555555555556 0.7802083333333333 0.3472222222222222 0.77109375 0.3453703703703704 0.765625 0.33796296296296297 0.7640625 0.25416666666666665 0.7651041666666667 0.2439814814814815 0.7684895833333333 0.2388888888888889 0.7755208333333333 0.23425925925925925 0.7825520833333334 0.2361111111111111
0 0.7447916666666666 0.538425925925926 0.7497395833333333 0.5416666666666666 0.7510416666666667 0.5462962962962963 0.75234375 0.6055555555555555 0.7494791666666667 0.6370370370370371 0.7416666666666667 0.6430555555555556 0.73046875 0.6412037037037037 0.7268229166666667 0.6356481481481482 0.7270833333333333 0.5444444444444444 0.7315104166666667 0.538425925925926 0.74453125 0.538425925925926
0 0.7065104166666667 0.5555555555555556 0.71328125 0.5587962962962963 0.71484375 0.5634259259259259 0.7158854166666667 0.6175925925925926 0.7135416666666666 0.6226851851851852 0.7002604166666667 0.6236111111111111 0.69296875 0.6231481481481481 0.6916666666666667 0.6194444444444445 0.6932291666666667 0.6027777777777777 0.6919270833333333 0.5606481481481481 0.69609375 0.5564814814814815 0.70625 0.5555555555555556
0 0.9643229166666667 0.24768518518518517 0.9708333333333333 0.25046296296296294 0.975 0.2569444444444444 0.9778645833333334 0.287962962962963 0.9760416666666667 0.3490740740740741 0.9739583333333334 0.35648148148148145 0.9669270833333333 0.3611111111111111 0.953125 0.3578703703703704 0.9453125 0.3435185185185185 0.9471354166666667 0.30462962962962964 0.94609375 0.2662037037037037 0.95234375 0.2513888888888889 0.9640625 0.24768518518518517
0 0.7846354166666667 0.6814814814814815 0.7890625 0.6856481481481481 0.7916666666666666 0.6962962962962963 0.7940104166666667 0.7828703703703703 0.790625 0.7972222222222223 0.78359375 0.8037037037037037 0.7690104166666667 0.8004629629629629 0.765625 0.7921296296296296 0.7638020833333333 0.7064814814814815 0.7661458333333333 0.6851851851851852 0.771875 0.6810185185185185 0.784375 0.6814814814814815
0 0.665625 0.6949074074074074 0.67421875 0.6995370370370371 0.6752604166666667 0.7129629629629629 0.6736979166666667 0.7291666666666666 0.6734375 0.7902777777777777 0.66953125 0.8046296296296296 0.6640625 0.8087962962962963 0.64921875 0.8050925925925926 0.6466145833333333 0.7972222222222223 0.64609375 0.7842592592592592 0.6479166666666667 0.7694444444444445 0.64765625 0.7125 0.6502604166666667 0.6958333333333333 0.6653645833333334 0.6949074074074074
0 0.7513020833333334 0.8467592592592592 0.7908854166666667 0.8486111111111111 0.7966145833333333 0.8606481481481482 0.796875 0.8796296296296297 0.7950520833333333 0.8907407407407407 0.7924479166666667 0.8944444444444445 0.7510416666666667 0.8958333333333334 0.7364583333333333 0.8953703703703704 0.7286458333333333 0.8912037037037037 0.7265625 0.8870370370370371 0.7252604166666666 0.8675925925925926 0.72578125 0.8560185185185185 0.7296875 0.8486111111111111 0.7510416666666667 0.8467592592592592
0 0.7078125 0.12361111111111112 0.7111979166666667 0.1300925925925926 0.7119791666666667 0.20833333333333334 0.7096354166666666 0.21666666666666667 0.7010416666666667 0.22083333333333333 0.6916666666666667 0.21944444444444444 0.6864583333333333 0.2101851851851852 0.6872395833333333 0.13240740740740742 0.6890625 0.1259259259259259 0.6940104166666666 0.12314814814814815 0.7075520833333333 0.12361111111111112
0 0.7817708333333333 0.5504629629629629 0.7869791666666667 0.5537037037037037 0.78984375 0.5601851851851852 0.7921875 0.6356481481481482 0.7903645833333334 0.6513888888888889 0.7799479166666666 0.6578703703703703 0.771875 0.6574074074074074 0.7661458333333333 0.6472222222222223 0.7651041666666667 0.5930555555555556 0.7627604166666667 0.5708333333333333 0.7635416666666667 0.5606481481481481 0.7671875 0.5532407407407407 0.7815104166666667 0.5504629629629629
0 0.7411458333333333 0.08425925925925926 0.7481770833333333 0.08888888888888889 0.7515625 0.09861111111111111 0.7494791666666667 0.1736111111111111 0.7463541666666667 0.19953703703703704 0.7419270833333333 0.2050925925925926 0.7346354166666667 0.20694444444444443 0.72421875 0.2037037037037037 0.7197916666666667 0.19583333333333333 0.7234375 0.11203703703703703 0.72890625 0.08796296296296297 0.7408854166666666 0.08425925925925926
0 0.81875 0.23796296296296296 0.8223958333333333 0.24166666666666667 0.8247395833333333 0.2518518518518518 0.8265625 0.29907407407407405 0.8252604166666667 0.32083333333333336 0.8184895833333333 0.32546296296296295 0.80703125 0.325 0.8026041666666667 0.32083333333333336 0.80234375 0.2759259259259259 0.8002604166666667 0.2564814814814815 0.80078125 0.24768518518518517 0.8036458333333333 0.23981481481481481 0.8184895833333333 0.23796296296296296
0 0.78046875 0.11851851851851852 0.7846354166666667 0.1259259259259259 0.7872395833333333 0.20046296296296295 0.78359375 0.21666666666666667 0.7768229166666667 0.22175925925925927 0.7669270833333334 0.22037037037037038 0.7604166666666666 0.20972222222222223 0.75859375 0.13240740740740742 0.7609375 0.12268518518518519 0.7643229166666666 0.11851851851851852 0.7802083333333333 0.11851851851851852
0 0.5958333333333333 0.4134259259259259 0.6020833333333333 0.4148148148148148 0.6127604166666667 0.425 0.6182291666666667 0.43425925925925923 0.6450520833333333 0.46111111111111114 0.6473958333333333 0.46620370370370373 0.6473958333333333 0.4736111111111111 0.6403645833333333 0.4976851851851852 0.6372395833333333 0.5009259259259259 0.6263020833333334 0.49675925925925923 0.60078125 0.4685185185185185 0.58515625 0.45694444444444443 0.58203125 0.45185185185185184 0.5809895833333333 0.43703703703703706 0.5846354166666666 0.425 0.58984375 0.4152777777777778 0.5955729166666667 0.4134259259259259
0 0.8135416666666667 0.6865740740740741 0.8223958333333333 0.6884259259259259 0.8263020833333333 0.6925925925925925 0.8276041666666667 0.6990740740740741 0.8265625 0.787962962962963 0.8244791666666667 0.7939814814814815 0.8171875 0.7981481481481482 0.80390625 0.7935185185185185 0.7994791666666666 0.7791666666666667 0.7994791666666666 0.6958333333333333 0.803125 0.6888888888888889 0.81328125 0.6865740740740741