0 0.11302083333333333 0.3388888888888889 0.05520833333333333 0.040740740740740744
0 0.7052083333333333 0.24166666666666667 0.052083333333333336 0.046296296296296294
0 0.5927083333333333 0.23981481481481481 0.058333333333333334 0.04259259259259259
0 0.7635416666666667 0.38981481481481484 0.0625 0.04259259259259259
0 0.11979166666666667 0.2898148148148148 0.05416666666666667 0.04259259259259259
0 0.43125 0.28888888888888886 0.05 0.040740740740740744
0 0.8760416666666667 0.2537037037037037 0.058333333333333334 0.040740740740740744
0 0.878125 0.3435185185185185 0.058333333333333334 0.04259259259259259
0 0.9354166666666667 0.24722222222222223 0.05 0.03888888888888889
0 0.6005208333333333 0.8287037037037037 0.05520833333333333 0.03888888888888889
0 0.9380208333333333 0.5740740740740741 0.05520833333333333 0.040740740740740744
0 0.878125 0.4287037037037037 0.05625 0.04259259259259259
0 0.6182291666666667 0.8777777777777778 0.06354166666666666 0.044444444444444446
0 0.3765625 0.3861111111111111 0.051041666666666666 0.04259259259259259
0 0.6005208333333333 0.5319444444444444 0.06145833333333333 0.04537037037037037
0 0.9427083333333334 0.387037037037037 0.06458333333333334 0.040740740740740744
0 0.9427083333333334 0.6240740740740741 0.05416666666666667 0.040740740740740744
0 0.2755208333333333 0.2916666666666667 0.051041666666666666 0.03888888888888889
0 0.2791666666666667 0.24259259259259258 0.04583333333333333 0.040740740740740744
0 0.40572916666666664 0.8796296296296297 0.09270833333333334 0.05185185185185185
0 0.2703125 0.33425925925925926 0.046875 0.03888888888888889
0 0.5994791666666667 0.5768518518518518 0.051041666666666666 0.04259259259259259
0 0.053125 0.5268518518518519 0.05625 0.03888888888888889
0 0.4296875 0.7722222222222223 0.059375 0.037037037037037035
0 0.275 0.6759259259259259 0.05625 0.044444444444444446
0 0.7635416666666667 0.18703703703703703 0.07916666666666666 0.05185185185185185
0 0.21875 0.575925925925926 0.05 0.040740740740740744
0 0.5369791666666667 0.8222222222222222 0.06145833333333333 0.044444444444444446
0 0.8869791666666667 0.48148148148148145 0.06354166666666666 0.037037037037037035
0 0.10677083333333333 0.8675925925925926 0.06145833333333333 0.03888888888888889
0 0.058333333333333334 0.43703703703703706 0.052083333333333336 0.040740740740740744
0 0.7078125 0.7222222222222222 0.053125 0.040740740740740744
0 0.4317708333333333 0.7166666666666667 0.06354166666666666 0.040740740740740744
0 0.5411458333333333 0.7240740740740741 0.06354166666666666 0.040740740740740744
0 0.7692708333333333 0.6805555555555556 0.06145833333333333 0.03518518518518519
0 0.9442708333333333 0.43703703703703706 0.06145833333333333 0.037037037037037035
0 0.9328125 0.20185185185185187 0.04895833333333333 0.040740740740740744
0 0.10677083333333333 0.5416666666666666 0.06770833333333333 0.046296296296296294
0 0.12239583333333333 0.4351851851851852 0.053125 0.037037037037037035
0 0.7640625 0.5768518518518518 0.057291666666666664 0.04259259259259259
0 0.05364583333333333 0.7157407407407408 0.053125 0.03518518518518519
0 0.7604166666666666 0.3351851851851852 0.05416666666666667 0.040740740740740744
0 0.2760416666666667 0.575925925925926 0.052083333333333336 0.040740740740740744
0 0.7677083333333333 0.7222222222222222 0.05625 0.037037037037037035
0 0.7619791666666667 0.8675925925925926 0.06354166666666666 0.04259259259259259
0 0.8864583333333333 0.5324074074074074 0.058333333333333334 0.03888888888888889
0 0.43697916666666664 0.5740740740740741 0.05520833333333333 0.040740740740740744
0 0.8755208333333333 0.20462962962962963 0.05520833333333333 0.03888888888888889
0 0.7005208333333334 0.29907407407407405 0.051041666666666666 0.03888888888888889
0 0.11302083333333333 0.6731481481481482 0.051041666666666666 0.03888888888888889
0 0.27239583333333334 0.8212962962962963 0.05520833333333333 0.03518518518518519
0 0.9411458333333333 0.2935185185185185 0.057291666666666664 0.03888888888888889
0 0.2171875 0.9611111111111111 0.059375 0.044444444444444446
0 0.5395833333333333 0.48518518518518516 0.06458333333333334 0.040740740740740744
0 0.5973958333333333 0.7787037037037037 0.059375 0.04259259259259259
0 0.9510416666666667 0.8694444444444445 0.058333333333333334 0.03888888888888889
0 0.5359375 0.8851851851851852 0.06145833333333333 0.044444444444444446
0 0.37395833333333334 0.8203703703703704 0.052083333333333336 0.040740740740740744
0 0.0578125 0.48333333333333334 0.053125 0.037037037037037035
0 0.2708333333333333 0.3824074074074074 0.05 0.04259259259259259
0 0.9494791666666667 0.7694444444444445 0.05520833333333333 0.03888888888888889
0 0.12552083333333333 0.387037037037037 0.036458333333333336 0.040740740740740744
0 0.8822916666666667 0.625 0.058333333333333334 0.04259259259259259
0 0.7671875 0.6314814814814815 0.059375 0.040740740740740744
0 0.3807291666666667 0.337037037037037 0.04895833333333333 0.040740740740740744
0 0.4322916666666667 0.4324074074074074 0.05625 0.03888888888888889
0 0.4114583333333333 0.03611111111111111 0.052083333333333336 0.04259259259259259
0 0.1125 0.7212962962962963 0.04375 0.03518518518518519
0 0.11666666666666667 0.48055555555555557 0.05 0.03888888888888889
0 0.4348958333333333 0.38425925925925924 0.05520833333333333 0.03888888888888889
0 0.209375 0.8777777777777778 0.05 0.044444444444444446
0 0.7635416666666667 0.8212962962962963 0.052083333333333336 0.03518518518518519
0 0.5395833333333333 0.3851851851851852 0.05625 0.040740740740740744
0 0.759375 0.24444444444444444 0.05 0.040740740740740744
0 0.109375 0.8175925925925925 0.052083333333333336 0.03518518518518519
0 0.8817708333333333 0.5740740740740741 0.051041666666666666 0.040740740740740744
0 0.2171875 0.7675925925925926 0.053125 0.03518518518518519
0 0.37916666666666665 0.6277777777777778 0.052083333333333336 0.044444444444444446
0 0.6010416666666667 0.6296296296296297 0.06041666666666667 0.040740740740740744
0 0.8890625 0.8175925925925925 0.053125 0.04259259259259259
0 0.6010416666666667 0.42685185185185187 0.058333333333333334 0.046296296296296294
0 0.06875 0.2490740740740741 0.05 0.03888888888888889
0 0.7541666666666667 0.487962962962963 0.04791666666666667 0.04259259259259259
0 0.26875 0.43333333333333335 0.05 0.037037037037037035
0 0.2203125 0.33611111111111114 0.046875 0.04259259259259259
0 0.3854166666666667 0.19814814814814816 0.04583333333333333 0.040740740740740744
0 0.43515625 0.4847222222222222 0.0515625 0.04722222222222222
0 0.87421875 0.10740740740740741 0.059895833333333336 0.053703703703703705
0 0.6041666666666666 0.3398148148148148 0.07604166666666666 0.05555555555555555
0 0.27239583333333334 0.8712962962962963 0.053125 0.03888888888888889
0 0.05572916666666667 0.6453703703703704 0.05520833333333333 0.03888888888888889
0 0.2703125 0.47962962962962963 0.057291666666666664 0.040740740740740744
0 0.44166666666666665 0.19074074074074074 0.05625 0.044444444444444446
0 0.23072916666666668 0.1111111111111111 0.06145833333333333 0.05185185185185185
0 0.10989583333333333 0.7694444444444445 0.046875 0.03888888888888889
0 0.7046875 0.6305555555555555 0.053125 0.03888888888888889
0 0.5421875 0.43333333333333335 0.053125 0.040740740740740744
0 0.21927083333333333 0.6222222222222222 0.051041666666666666 0.037037037037037035
0 0.9494791666666667 0.8175925925925925 0.057291666666666664 0.03518518518518519
0 0.3854166666666667 0.24722222222222223 0.05 0.03888888888888889
0 0.06145833333333333 0.2953703703703704 0.052083333333333336 0.04259259259259259
0 0.21927083333333333 0.387037037037037 0.051041666666666666 0.040740740740740744
0 0.7 0.387037037037037 0.05625 0.040740740740740744
0 0.8869791666666667 0.7712962962962963 0.05520833333333333 0.03518518518518519
0 0.43802083333333336 0.6287037037037037 0.05520833333333333 0.05
0 0.051041666666666666 0.5824074074074074 0.05625 0.03888888888888889
0 0.5473958333333333 0.6296296296296297 0.051041666666666666 0.040740740740740744
0 0.7645833333333333 0.7731481481481481 0.06041666666666667 0.04259259259259259
0 0.6994791666666667 0.4722222222222222 0.057291666666666664 0.04814814814814815
0 0.5442708333333334 0.10555555555555556 0.06145833333333333 0.05185185185185185
0 0.9411458333333333 0.7212962962962963 0.071875 0.04259259259259259
0 0.22083333333333333 0.29074074074074074 0.04791666666666667 0.040740740740740744
0 0.12395833333333334 0.24537037037037038 0.05 0.03888888888888889
0 0.696875 0.18981481481481483 0.04791666666666667 0.04259259259259259
0 0.05364583333333333 0.7694444444444445 0.05520833333333333 0.04259259259259259
0 0.3854166666666667 0.10833333333333334 0.058333333333333334 0.046296296296296294
0 0.8895833333333333 0.8731481481481481 0.05625 0.046296296296296294
0 0.7072916666666667 0.7722222222222223 0.05625 0.044444444444444446
0 0.9890625 0.45185185185185184 0.019791666666666666 0.08888888888888889