0 0.8869791666666667 0.1287037037037037 0.8932291666666666 0.13240740740740742 0.89609375 0.1439814814814815 0.8979166666666667 0.21157407407407408 0.8958333333333334 0.2412037037037037 0.8861979166666667 0.2462962962962963 0.8763020833333334 0.24537037037037038 0.8708333333333333 0.23703703703703705 0.86875 0.20694444444444443 0.8700520833333333 0.19305555555555556 0.8671875 0.15601851851851853 0.8716145833333333 0.13333333333333333 0.8763020833333334 0.12962962962962962 0.88671875 0.1287037037037037
0 0.54375 0.6819444444444445 0.5536458333333333 0.6898148148148148 0.5557291666666667 0.7546296296296297 0.55390625 0.7893518518518519 0.5505208333333333 0.7967592592592593 0.5442708333333334 0.8009259259259259 0.5328125 0.7986111111111112 0.528125 0.7888888888888889 0.5263020833333333 0.7180555555555556 0.5263020833333333 0.700925925925926 0.52890625 0.6888888888888889 0.5354166666666667 0.6828703703703703 0.5434895833333333 0.6819444444444445
0 0.7778645833333333 0.12453703703703704 0.7828125 0.12731481481481483 0.7841145833333333 0.1361111111111111 0.7856770833333333 0.15648148148148147 0.78515625 0.2101851851851852 0.7825520833333334 0.22268518518518518 0.7723958333333333 0.22916666666666666 0.7643229166666666 0.22361111111111112 0.7583333333333333 0.21157407407407408 0.7567708333333333 0.14166666666666666 0.75859375 0.13055555555555556 0.7619791666666667 0.12546296296296297 0.7776041666666667 0.12453703703703704
0 0.6299479166666667 0.6824074074074075 0.6346354166666667 0.6990740740740741 0.6356770833333333 0.7699074074074074 0.6333333333333333 0.8069444444444445 0.6299479166666667 0.8162037037037037 0.621875 0.8189814814814815 0.6088541666666667 0.8166666666666667 0.6049479166666667 0.8078703703703703 0.60625 0.7787037037037037 0.6046875 0.7657407407407407 0.6075520833333333 0.7337962962962963 0.6072916666666667 0.7097222222222223 0.6143229166666667 0.6824074074074075 0.6296875 0.6824074074074075
0 0.8536458333333333 0.25324074074074077 0.86015625 0.26157407407407407 0.8627604166666667 0.27361111111111114 0.8661458333333333 0.34074074074074073 0.8630208333333333 0.3560185185185185 0.8520833333333333 0.3592592592592593 0.8421875 0.3578703703703704 0.83828125 0.350462962962963 0.834375 0.2740740740740741 0.8348958333333333 0.2638888888888889 0.8385416666666666 0.25555555555555554 0.8533854166666667 0.25324074074074077
0 0.7033854166666667 0.2564814814814815 0.7080729166666667 0.25925925925925924 0.7111979166666667 0.2675925925925926 0.7114583333333333 0.35 0.7098958333333333 0.3574074074074074 0.6997395833333333 0.36203703703703705 0.69140625 0.36018518518518516 0.68671875 0.35138888888888886 0.68515625 0.27175925925925926 0.6859375 0.26435185185185184 0.6893229166666667 0.25787037037037036 0.703125 0.2564814814814815
0 0.6994791666666667 0.12731481481481483 0.709375 0.13333333333333333 0.71015625 0.1527777777777778 0.7098958333333333 0.21203703703703702 0.70625 0.22361111111111112 0.7002604166666667 0.2263888888888889 0.6888020833333334 0.22453703703703703 0.68515625 0.21388888888888888 0.6869791666666667 0.18194444444444444 0.6864583333333333 0.13472222222222222 0.6895833333333333 0.12962962962962962 0.69921875 0.12731481481481483
0 0.9653645833333333 0.1300925925925926 0.9716145833333333 0.13564814814814816 0.9747395833333333 0.14583333333333334 0.9755208333333333 0.22453703703703703 0.9734375 0.2337962962962963 0.9643229166666667 0.24027777777777778 0.9546875 0.23842592592592593 0.94765625 0.22962962962962963 0.9447916666666667 0.1574074074074074 0.94609375 0.1449074074074074 0.9497395833333333 0.1337962962962963 0.9565104166666667 0.12916666666666668 0.9651041666666667 0.1300925925925926
0 0.8114583333333333 0.10787037037037037 0.8184895833333333 0.11435185185185186 0.8213541666666667 0.12314814814814815 0.82265625 0.17222222222222222 0.8197916666666667 0.20324074074074075 0.8171875 0.20787037037037037 0.8109375 0.20972222222222223 0.8010416666666667 0.20787037037037037 0.79609375 0.20185185185185187 0.7966145833333333 0.16064814814814815 0.7942708333333334 0.12916666666666668 0.7966145833333333 0.1175925925925926 0.8002604166666667 0.11064814814814815 0.8111979166666666 0.10787037037037037
0 0.8114583333333333 0.5541666666666667 0.8216145833333334 0.5587962962962963 0.8244791666666667 0.5689814814814815 0.82578125 0.5893518518518519 0.8252604166666667 0.6601851851851852 0.8184895833333333 0.6666666666666666 0.8015625 0.6648148148148149 0.7984375 0.6541666666666667 0.7973958333333333 0.5671296296296297 0.8005208333333333 0.5569444444444445 0.8111979166666666 0.5541666666666667
0 0.8598958333333333 0.6967592592592593 0.8661458333333333 0.7 0.8697916666666666 0.7074074074074074 0.8731770833333333 0.7620370370370371 0.8729166666666667 0.8074074074074075 0.8697916666666666 0.8143518518518519 0.8638020833333333 0.8166666666666667 0.8484375 0.8138888888888889 0.8434895833333333 0.7930555555555555 0.84453125 0.7425925925925926 0.8419270833333333 0.725462962962963 0.8419270833333333 0.7101851851851851 0.8484375 0.6981481481481482 0.8596354166666667 0.6967592592592593
0 0.8981770833333333 0.26157407407407407 0.9046875 0.26481481481481484 0.9078125 0.2712962962962963 0.9127604166666666 0.3 0.9125 0.36157407407407405 0.9091145833333333 0.37083333333333335 0.9010416666666666 0.375 0.8885416666666667 0.3736111111111111 0.8807291666666667 0.3597222222222222 0.8809895833333333 0.3490740740740741 0.8830729166666667 0.3425925925925926 0.8825520833333333 0.3037037037037037 0.8778645833333333 0.2898148148148148 0.88203125 0.27175925925925926 0.8859375 0.26435185185185184 0.8979166666666667 0.26157407407407407
0 0 0.5935185185185186 0.0067708333333333336 0.6023148148148149 0.009635416666666667 0.6180555555555556 0.005729166666666666 0.6620370370370371 0.002864583333333333 0.6726851851851852 0 0.675 0 0.5939814814814814
0 0.7411458333333333 0.2587962962962963 0.74765625 0.26435185185185184 0.7502604166666667 0.2726851851851852 0.7533854166666667 0.34444444444444444 0.7520833333333333 0.36064814814814816 0.7424479166666667 0.3648148148148148 0.73359375 0.36342592592592593 0.72734375 0.3523148148148148 0.7278645833333334 0.32037037037037036 0.725 0.2833333333333333 0.7252604166666666 0.2726851851851852 0.7286458333333333 0.26481481481481484 0.7338541666666667 0.25972222222222224 0.7408854166666666 0.2587962962962963
0 0.6658854166666667 0.12731481481481483 0.6716145833333333 0.1300925925925926 0.675 0.14351851851851852 0.6744791666666666 0.22824074074074074 0.6713541666666667 0.2351851851851852 0.6625 0.24166666666666667 0.6541666666666667 0.24074074074074073 0.6471354166666666 0.23287037037037037 0.64609375 0.21064814814814814 0.65078125 0.13518518518518519 0.6546875 0.12824074074074074 0.665625 0.12731481481481483
0 0.7786458333333334 0.5560185185185185 0.7859375 0.5606481481481481 0.7880208333333333 0.5671296296296297 0.790625 0.6430555555555556 0.7901041666666667 0.6541666666666667 0.7877604166666666 0.6587962962962963 0.7776041666666667 0.663425925925926 0.7684895833333333 0.6611111111111111 0.7643229166666666 0.6509259259259259 0.7614583333333333 0.5708333333333333 0.765625 0.5587962962962963 0.7783854166666667 0.5560185185185185
0 0.5890625 0.12546296296296297 0.59921875 0.13148148148148148 0.60078125 0.1685185185185185 0.59921875 0.2222222222222222 0.5942708333333333 0.23425925925925925 0.5877604166666667 0.23796296296296296 0.5815104166666667 0.23796296296296296 0.5752604166666667 0.2324074074074074 0.5721354166666667 0.2222222222222222 0.571875 0.2101851851851852 0.5747395833333333 0.1337962962962963 0.578125 0.12777777777777777 0.5888020833333333 0.12546296296296297
0 0.5885416666666666 0.24675925925925926 0.59609375 0.24768518518518517 0.5994791666666667 0.2513888888888889 0.6018229166666667 0.32407407407407407 0.6010416666666667 0.3592592592592593 0.596875 0.36944444444444446 0.5893229166666667 0.3731481481481482 0.578125 0.3699074074074074 0.5736979166666667 0.36203703703703705 0.57265625 0.3509259259259259 0.575 0.2550925925925926 0.5776041666666667 0.24953703703703703 0.58828125 0.24675925925925926
0 0.9354166666666667 0.5555555555555556 0.9411458333333333 0.5601851851851852 0.94453125 0.5680555555555555 0.9473958333333333 0.5990740740740741 0.94765625 0.6652777777777777 0.9447916666666667 0.6759259259259259 0.9385416666666667 0.6796296296296296 0.9268229166666667 0.6787037037037037 0.9208333333333333 0.6712962962962963 0.9158854166666667 0.587037037037037 0.9161458333333333 0.5666666666666667 0.9182291666666667 0.5606481481481481 0.9236979166666667 0.5564814814814815 0.93515625 0.5555555555555556
0 0.5833333333333334 0.6949074074074074 0.5927083333333333 0.6990740740740741 0.5955729166666667 0.7060185185185185 0.5963541666666666 0.7296296296296296 0.5947916666666667 0.7513888888888889 0.5963541666666666 0.7768518518518519 0.59140625 0.8157407407407408 0.5890625 0.8212962962962963 0.5825520833333333 0.8240740740740741 0.57109375 0.8217592592592593 0.5669270833333333 0.812962962962963 0.5658854166666667 0.8 0.56953125 0.7069444444444445 0.5734375 0.6962962962962963 0.5830729166666667 0.6949074074074074
0 0.70703125 0.562037037037037 0.7125 0.5675925925925925 0.71484375 0.5833333333333334 0.71484375 0.625 0.71328125 0.6291666666666667 0.7098958333333333 0.6300925925925925 0.6924479166666667 0.6291666666666667 0.6903645833333333 0.6240740740740741 0.690625 0.5666666666666667 0.6955729166666667 0.5625 0.7067708333333333 0.562037037037037
0 0.7018229166666666 0.6884259259259259 0.71015625 0.6962962962962963 0.71171875 0.7064814814814815 0.7114583333333333 0.7907407407407407 0.7104166666666667 0.8037037037037037 0.7046875 0.8074074074074075 0.6890625 0.8060185185185185 0.684375 0.8032407407407407 0.6817708333333333 0.7972222222222223 0.6846354166666667 0.6981481481481482 0.6895833333333333 0.6884259259259259 0.7015625 0.6884259259259259
0 0.7419270833333333 0.6995370370370371 0.7447916666666666 0.7041666666666667 0.74765625 0.7199074074074074 0.74921875 0.7837962962962963 0.7486979166666666 0.7898148148148149 0.74609375 0.7939814814814815 0.7377604166666667 0.7967592592592593 0.7270833333333333 0.7953703703703704 0.72421875 0.7898148148148149 0.7190104166666667 0.7064814814814815 0.7276041666666667 0.6990740740740741 0.7416666666666667 0.6995370370370371
0 0.13932291666666666 0.6518518518518519 0.14505208333333333 0.6574074074074074 0.14609375 0.6736111111111112 0.13854166666666667 0.7458333333333333 0.13359375 0.7606481481481482 0.13020833333333334 0.7625 0.11875 0.7597222222222222 0.11302083333333333 0.7541666666666667 0.1125 0.7282407407407407 0.11744791666666667 0.6824074074074075 0.12317708333333334 0.6555555555555556 0.12760416666666666 0.6509259259259259 0.1390625 0.6518518518518519
0 0.61796875 0.4212962962962963 0.6309895833333333 0.4388888888888889 0.6588541666666666 0.49166666666666664 0.6591145833333333 0.5018518518518519 0.64765625 0.5236111111111111 0.6424479166666667 0.5226851851851851 0.63359375 0.513425925925926 0.6239583333333333 0.4925925925925926 0.5994791666666667 0.4532407407407407 0.59921875 0.44212962962962965 0.6052083333333333 0.4273148148148148 0.6119791666666666 0.4199074074074074 0.6177083333333333 0.4212962962962963
0 0.621875 0.5472222222222223 0.6302083333333334 0.5518518518518518 0.63359375 0.5800925925925926 0.6354166666666666 0.6476851851851851 0.6338541666666667 0.6578703703703703 0.6302083333333334 0.6638888888888889 0.62578125 0.6657407407407407 0.6122395833333333 0.6652777777777777 0.60859375 0.6611111111111111 0.6049479166666667 0.6111111111111112 0.60390625 0.5675925925925925 0.60546875 0.5532407407407407 0.6091145833333333 0.5486111111111112 0.6216145833333333 0.5472222222222223
0 0.66328125 0.2708333333333333 0.6690104166666667 0.27361111111111114 0.6716145833333333 0.2791666666666667 0.67265625 0.29768518518518516 0.6708333333333333 0.35324074074074074 0.66875 0.3574074074074074 0.6630208333333333 0.35833333333333334 0.65078125 0.35833333333333334 0.64609375 0.3509259259259259 0.6473958333333333 0.2800925925925926 0.6510416666666666 0.2722222222222222 0.6630208333333333 0.2708333333333333
0 0.74296875 0.09722222222222222 0.7494791666666667 0.10787037037037037 0.7481770833333333 0.20416666666666666 0.7453125 0.21296296296296297 0.7375 0.21805555555555556 0.7268229166666667 0.21712962962962962 0.7200520833333334 0.20925925925925926 0.7197916666666667 0.18518518518518517 0.721875 0.175 0.7216145833333333 0.12129629629629629 0.7234375 0.10740740740740741 0.72734375 0.09953703703703703 0.7333333333333333 0.09583333333333334 0.7427083333333333 0.09722222222222222
0 0.5505208333333333 0.5402777777777777 0.5580729166666667 0.5430555555555555 0.5596354166666667 0.5462962962962963 0.5611979166666666 0.5925925925925926 0.5575520833333333 0.6504629629629629 0.55390625 0.6564814814814814 0.546875 0.6587962962962963 0.53984375 0.6578703703703703 0.5328125 0.6513888888888889 0.53203125 0.6037037037037037 0.5346354166666667 0.5435185185185185 0.54140625 0.5398148148148149 0.5502604166666667 0.5402777777777777
0 0.7083333333333334 0.38287037037037036 0.7536458333333333 0.3902777777777778 0.7565104166666666 0.4060185185185185 0.7552083333333334 0.42592592592592593 0.7526041666666666 0.43194444444444446 0.7481770833333333 0.4337962962962963 0.69609375 0.42824074074074076 0.6932291666666667 0.41759259259259257 0.6940104166666666 0.3939814814814815 0.6973958333333333 0.3861111111111111 0.7080729166666667 0.38287037037037036
0 0.6268229166666667 0.24305555555555555 0.6346354166666667 0.24675925925925926 0.6377604166666667 0.25555555555555554 0.6393229166666666 0.3236111111111111 0.6375 0.3486111111111111 0.62734375 0.35555555555555557 0.6161458333333333 0.3541666666666667 0.61171875 0.3449074074074074 0.6109375 0.26342592592592595 0.6119791666666666 0.25092592592592594 0.6140625 0.24722222222222223 0.6265625 0.24305555555555555
0 0.89296875 0.5648148148148148 0.9015625 0.5675925925925925 0.9049479166666666 0.5726851851851852 0.9075520833333334 0.6222222222222222 0.9052083333333333 0.6648148148148149 0.9005208333333333 0.6726851851851852 0.8966145833333333 0.674074074074074 0.8838541666666667 0.6726851851851852 0.8794270833333333 0.6648148148148149 0.8778645833333333 0.6134259259259259 0.87890625 0.5731481481481482 0.8817708333333333 0.5671296296296297 0.8927083333333333 0.5648148148148148
0 0.6588541666666666 0.9782407407407407 0.6658854166666667 0.9819444444444444 0.6703125 0.9912037037037037 0.6716145833333333 0.999537037037037 0.6432291666666666 0.999537037037037 0.6432291666666666 0.9916666666666667 0.6466145833333333 0.9833333333333333 0.65859375 0.9782407407407407
0 0.8536458333333333 0.13935185185185187 0.85703125 0.14305555555555555 0.85859375 0.15231481481481482 0.85859375 0.2212962962962963 0.8552083333333333 0.23425925925925925 0.8479166666666667 0.23796296296296296 0.8380208333333333 0.23703703703703705 0.8328125 0.2300925925925926 0.8328125 0.15185185185185185 0.8356770833333333 0.14027777777777778 0.8533854166666667 0.13935185185185187
0 0.7385416666666667 0.5425925925925926 0.7481770833333333 0.5472222222222223 0.75078125 0.5583333333333333 0.7513020833333334 0.6097222222222223 0.7494791666666667 0.637962962962963 0.7463541666666667 0.6458333333333334 0.7403645833333333 0.6486111111111111 0.7296875 0.6472222222222223 0.7247395833333333 0.6388888888888888 0.7255208333333333 0.5504629629629629 0.72734375 0.5458333333333333 0.73828125 0.5425925925925926
0 0.62421875 0.10925925925925926 0.6307291666666667 0.11203703703703703 0.6348958333333333 0.11944444444444445 0.6377604166666667 0.16111111111111112 0.63515625 0.21388888888888888 0.6302083333333334 0.22083333333333333 0.6247395833333333 0.22268518518518518 0.6140625 0.22083333333333333 0.6111979166666667 0.21666666666666667 0.61015625 0.20972222222222223 0.6106770833333334 0.12314814814814815 0.615625 0.11203703703703703 0.6239583333333333 0.10925925925925926
0 0.9658854166666667 0.25462962962962965 0.9705729166666667 0.25787037037037036 0.9744791666666667 0.2652777777777778 0.9765625 0.29305555555555557 0.9760416666666667 0.337037037037037 0.97421875 0.3592592592592593 0.96328125 0.36712962962962964 0.9510416666666667 0.3638888888888889 0.94453125 0.35185185185185186 0.9458333333333333 0.29814814814814816 0.9440104166666666 0.27546296296296297 0.9497395833333333 0.25787037037037036 0.95625 0.25416666666666665 0.965625 0.25462962962962965
0 0.85234375 0.5574074074074075 0.86328125 0.5606481481481481 0.86796875 0.5675925925925925 0.8671875 0.6407407407407407 0.86328125 0.675 0.859375 0.6800925925925926 0.8466145833333333 0.6800925925925926 0.8411458333333334 0.6763888888888889 0.8377604166666667 0.6680555555555555 0.8416666666666667 0.5736111111111111 0.8463541666666666 0.5601851851851852 0.8520833333333333 0.5578703703703703
0 0.6614583333333334 0.7 0.671875 0.7041666666666667 0.6736979166666667 0.7125 0.6729166666666667 0.7898148148148149 0.6690104166666667 0.8083333333333333 0.6622395833333333 0.8148148148148148 0.6479166666666667 0.8115740740740741 0.6447916666666667 0.8018518518518518 0.6473958333333333 0.7064814814814815 0.6510416666666666 0.6990740740740741 0.6611979166666667 0.7
0 0.06692708333333333 0.11944444444444445 0.07395833333333333 0.12638888888888888 0.07578125 0.1439814814814815 0.07291666666666667 0.15046296296296297 0.07135416666666666 0.1712962962962963 0.06510416666666667 0.20324074074074075 0.06015625 0.21435185185185185 0.05416666666666667 0.21712962962962962 0.046614583333333334 0.21388888888888888 0.040364583333333336 0.20601851851851852 0.0390625 0.19583333333333333 0.04088541666666667 0.17175925925925925 0.05026041666666667 0.12314814814814815 0.05416666666666667 0.11944444444444445 0.06666666666666667 0.11944444444444445
0 0.7807291666666667 0.687037037037037 0.78671875 0.6893518518518519 0.7901041666666667 0.7032407407407407 0.7919270833333333 0.7907407407407407 0.7864583333333334 0.8069444444444445 0.7796875 0.8101851851851852 0.7697916666666667 0.8074074074074075 0.76484375 0.7972222222222223 0.7622395833333333 0.7106481481481481 0.765625 0.6884259259259259 0.78046875 0.687037037037037
0 0.8151041666666666 0.24259259259259258 0.81953125 0.24444444444444444 0.8221354166666667 0.24953703703703703 0.8255208333333334 0.29768518518518516 0.82421875 0.325 0.82109375 0.3296296296296296 0.81484375 0.3314814814814815 0.8036458333333333 0.33055555555555555 0.8002604166666667 0.324537037037037 0.8015625 0.2967592592592593 0.79921875 0.262037037037037 0.8002604166666667 0.25 0.803125 0.24444444444444444 0.81484375 0.24259259259259258
0 0.7760416666666666 0.23981481481481481 0.78671875 0.24675925925925926 0.7903645833333334 0.26064814814814813 0.7901041666666667 0.34120370370370373 0.7875 0.3490740740740741 0.78046875 0.35185185185185186 0.7671875 0.3490740740740741 0.76484375 0.3449074074074074 0.7635416666666667 0.3300925925925926 0.76328125 0.2523148148148148 0.76875 0.24212962962962964 0.77578125 0.23981481481481481
0 0.5825520833333333 0.8518518518518519 0.5885416666666666 0.8546296296296296 0.590625 0.8601851851851852 0.5911458333333334 0.8842592592592593 0.5888020833333333 0.8972222222222223 0.5838541666666667 0.9004629629629629 0.5609375 0.9023148148148148 0.5330729166666667 0.9018518518518519 0.5255208333333333 0.8972222222222223 0.5223958333333333 0.8800925925925925 0.5229166666666667 0.8657407407407407 0.5252604166666667 0.8564814814814815 0.5325520833333334 0.8513888888888889 0.5822916666666667 0.8518518518518519
0 0.8145833333333333 0.6921296296296297 0.8208333333333333 0.6944444444444444 0.82421875 0.6995370370370371 0.8260416666666667 0.7282407407407407 0.825 0.7930555555555555 0.82109375 0.8009259259259259 0.8151041666666666 0.8041666666666667 0.8041666666666667 0.8009259259259259 0.80078125 0.7935185185185185 0.7989583333333333 0.7759259259259259 0.8002604166666667 0.7546296296296297 0.7979166666666667 0.711574074074074 0.8010416666666667 0.6958333333333333 0.8143229166666667 0.6921296296296297