0 0.8872395833333333 0.12361111111111112 0.8932291666666666 0.12638888888888888 0.8953125 0.13194444444444445 0.8986979166666667 0.19953703703703704 0.8955729166666667 0.2351851851851852 0.8854166666666666 0.2412037037037037 0.87578125 0.24027777777777778 0.87265625 0.23703703703703705 0.8703125 0.22777777777777777 0.86875 0.15601851851851853 0.8716145833333333 0.13055555555555556 0.8768229166666667 0.12453703703703704 0.8869791666666667 0.12361111111111112
0 0.8130208333333333 0.10324074074074074 0.8190104166666666 0.11157407407407408 0.82109375 0.12037037037037036 0.8229166666666666 0.17175925925925925 0.8205729166666667 0.19583333333333333 0.8177083333333334 0.2013888888888889 0.8109375 0.20462962962962963 0.8002604166666667 0.20277777777777778 0.79609375 0.19537037037037036 0.796875 0.15925925925925927 0.7942708333333334 0.125 0.7966145833333333 0.11388888888888889 0.8010416666666667 0.1050925925925926 0.8127604166666667 0.10324074074074074
0 0.6234375 0.6833333333333333 0.63046875 0.6856481481481481 0.6338541666666667 0.6939814814814815 0.6359375 0.762962962962963 0.6333333333333333 0.8018518518518518 0.6296875 0.8106481481481481 0.6223958333333334 0.812962962962963 0.6122395833333333 0.8115740740740741 0.6059895833333333 0.8037037037037037 0.60390625 0.7550925925925925 0.60859375 0.6930555555555555 0.6127604166666667 0.6856481481481481 0.6231770833333333 0.6833333333333333
0 0.7427083333333333 0.25462962962962965 0.74921875 0.262037037037037 0.7515625 0.2759259259259259 0.7536458333333333 0.3458333333333333 0.75078125 0.35555555555555557 0.7395833333333334 0.3587962962962963 0.7315104166666667 0.35648148148148145 0.728125 0.3486111111111111 0.7247395833333333 0.2722222222222222 0.7302083333333333 0.2569444444444444 0.7424479166666667 0.25462962962962965
0 0.41458333333333336 0.10833333333333334 0.4283854166666667 0.12314814814814815 0.42864583333333334 0.13657407407407407 0.41015625 0.19583333333333333 0.4015625 0.2037037037037037 0.39401041666666664 0.19953703703703704 0.3893229166666667 0.19305555555555556 0.38776041666666666 0.17824074074074073 0.4044270833333333 0.11851851851851852 0.40859375 0.1087962962962963 0.41432291666666665 0.10833333333333334
0 0.70390625 0.2513888888888889 0.7083333333333334 0.25416666666666665 0.7111979166666667 0.26157407407407407 0.7114583333333333 0.3453703703703704 0.7075520833333333 0.3527777777777778 0.6997395833333333 0.35555555555555557 0.6895833333333333 0.3523148148148148 0.6872395833333333 0.34629629629629627 0.6856770833333333 0.2652777777777778 0.6893229166666667 0.2523148148148148 0.7036458333333333 0.2513888888888889
0 0.9893229166666667 0.0060185185185185185 0.9997395833333333 0.024537037037037038 0.9997395833333333 0.12037037037037036 0.9940104166666667 0.11944444444444445 0.9875 0.10972222222222222 0.9744791666666667 0.053703703703703705 0.9666666666666667 0.03611111111111111 0.9674479166666666 0.022685185185185187 0.9734375 0.0125 0.9807291666666667 0.006481481481481481 0.9890625 0.0060185185185185185
0 0.8497395833333333 0.13333333333333333 0.8565104166666667 0.13703703703703704 0.859375 0.14351851851851852 0.86015625 0.19953703703703704 0.8578125 0.22361111111111112 0.8536458333333333 0.23055555555555557 0.8486979166666667 0.23287037037037037 0.8375 0.23194444444444445 0.8325520833333333 0.22407407407407406 0.8328125 0.1425925925925926 0.83515625 0.13518518518518519 0.83828125 0.13333333333333333 0.8494791666666667 0.13333333333333333
0 0.8184895833333333 0.5504629629629629 0.8221354166666667 0.5550925925925926 0.8244791666666667 0.5675925925925925 0.8252604166666667 0.6523148148148148 0.8213541666666667 0.6592592592592592 0.8145833333333333 0.6615740740740741 0.8041666666666667 0.6601851851851852 0.79921875 0.6546296296296297 0.7989583333333333 0.5986111111111111 0.796875 0.5740740740740741 0.8002604166666667 0.5509259259259259 0.8182291666666667 0.5504629629629629
0 0.8643229166666667 0.6925925925925925 0.86953125 0.700925925925926 0.8716145833333333 0.7138888888888889 0.8729166666666667 0.7967592592592593 0.8705729166666667 0.8083333333333333 0.8635416666666667 0.812037037037037 0.8486979166666667 0.8087962962962963 0.8442708333333333 0.7972222222222223 0.8442708333333333 0.7412037037037037 0.8416666666666667 0.7087962962962963 0.8447916666666667 0.6981481481481482 0.8486979166666667 0.6935185185185185 0.8640625 0.6925925925925925
0 0.9088541666666666 0.40370370370370373 0.9479166666666666 0.425 0.95546875 0.43287037037037035 0.9567708333333333 0.44537037037037036 0.9546875 0.4587962962962963 0.9502604166666667 0.4703703703703704 0.94609375 0.4726851851851852 0.91796875 0.46111111111111114 0.89609375 0.4476851851851852 0.89140625 0.44212962962962965 0.890625 0.42916666666666664 0.8940104166666667 0.4115740740740741 0.8984375 0.4041666666666667 0.90859375 0.40370370370370373
0 0.5502604166666667 0.5347222222222222 0.5575520833333333 0.5375 0.559375 0.5416666666666666 0.5591145833333333 0.6300925925925925 0.5565104166666667 0.6472222222222223 0.55078125 0.6523148148148148 0.5364583333333334 0.65 0.5328125 0.6453703703703704 0.5317708333333333 0.6398148148148148 0.5348958333333333 0.5393518518518519 0.5393229166666667 0.5347222222222222 0.55 0.5347222222222222
0 0.6263020833333334 0.5425925925925926 0.6299479166666667 0.5462962962962963 0.6328125 0.5643518518518519 0.6348958333333333 0.6439814814814815 0.6309895833333333 0.6564814814814814 0.6234375 0.6601851851851852 0.6122395833333333 0.6592592592592592 0.6075520833333333 0.65 0.6044270833333333 0.5555555555555556 0.6057291666666667 0.5476851851851852 0.609375 0.5430555555555555 0.6260416666666667 0.5425925925925926
0 0.665625 0.12222222222222222 0.6723958333333333 0.12546296296296297 0.675 0.13564814814814816 0.67578125 0.2111111111111111 0.6736979166666667 0.22592592592592592 0.6625 0.23657407407407408 0.6528645833333333 0.2351851851851852 0.6473958333333333 0.22870370370370371 0.64609375 0.2064814814814815 0.65078125 0.13055555555555556 0.6559895833333333 0.12268518518518519 0.6653645833333334 0.12222222222222222
0 0.7776041666666667 0.55 0.7846354166666667 0.5537037037037037 0.7880208333333333 0.5606481481481481 0.7908854166666667 0.612037037037037 0.78984375 0.649074074074074 0.7875 0.6541666666666667 0.7799479166666666 0.6583333333333333 0.7692708333333333 0.6564814814814814 0.7645833333333333 0.6472222222222223 0.7614583333333333 0.5916666666666667 0.76328125 0.5569444444444445 0.76875 0.5518518518518518 0.77734375 0.55
0 0.85234375 0.5527777777777778 0.86484375 0.5560185185185185 0.86875 0.5638888888888889 0.86796875 0.6282407407407408 0.8661458333333333 0.6564814814814814 0.8630208333333333 0.6694444444444444 0.8591145833333333 0.675 0.8494791666666667 0.6754629629629629 0.84140625 0.6717592592592593 0.8380208333333333 0.663425925925926 0.8411458333333334 0.5740740740740741 0.8453125 0.5578703703703703 0.8520833333333333 0.5532407407407407
0 0.5950520833333334 0.12175925925925926 0.5989583333333334 0.12546296296296297 0.6002604166666666 0.13425925925925927 0.5994791666666667 0.21898148148148147 0.5958333333333333 0.2273148148148148 0.5888020833333333 0.23287037037037037 0.5791666666666667 0.2310185185185185 0.57265625 0.22037037037037038 0.5744791666666667 0.1300925925925926 0.57734375 0.12268518518518519 0.5799479166666667 0.12129629629629629 0.5947916666666667 0.12175925925925926
0 0.8932291666666666 0.5597222222222222 0.9018229166666667 0.562962962962963 0.9052083333333333 0.5680555555555555 0.9078125 0.6268518518518519 0.9078125 0.6486111111111111 0.9049479166666666 0.6625 0.9010416666666666 0.6689814814814815 0.8955729166666667 0.6699074074074074 0.8833333333333333 0.6685185185185185 0.8802083333333334 0.6625 0.8783854166666667 0.6134259259259259 0.8791666666666667 0.5657407407407408 0.884375 0.5606481481481481 0.89296875 0.5597222222222222
0 0.58203125 0.6888888888888889 0.5927083333333333 0.6935185185185185 0.5963541666666666 0.7064814814814815 0.5940104166666667 0.725925925925926 0.5947916666666667 0.7828703703703703 0.5932291666666667 0.799074074074074 0.5901041666666667 0.812037037037037 0.5848958333333333 0.8180555555555555 0.57109375 0.8157407407407408 0.5671875 0.8106481481481481 0.565625 0.8 0.5671875 0.774074074074074 0.5651041666666666 0.7564814814814815 0.5674479166666667 0.7458333333333333 0.5697916666666667 0.7 0.57265625 0.6916666666666667 0.5817708333333333 0.6888888888888889
0 0.7072916666666667 0.5564814814814815 0.7114583333333333 0.5587962962962963 0.7135416666666666 0.5666666666666667 0.7145833333333333 0.6199074074074075 0.7111979166666667 0.6240740740740741 0.6963541666666667 0.625 0.6924479166666667 0.624537037037037 0.6901041666666666 0.6199074074074075 0.69140625 0.6027777777777777 0.6901041666666666 0.5638888888888889 0.69140625 0.5592592592592592 0.6947916666666667 0.5569444444444445 0.70703125 0.5564814814814815
0 0.70234375 0.6828703703703703 0.7088541666666667 0.687962962962963 0.7119791666666667 0.6990740740740741 0.7106770833333333 0.7935185185185185 0.7096354166666666 0.7976851851851852 0.7052083333333333 0.8009259259259259 0.6888020833333334 0.8 0.6841145833333333 0.7972222222222223 0.6815104166666667 0.7902777777777777 0.68515625 0.6902777777777778 0.6893229166666667 0.6833333333333333 0.7020833333333333 0.6828703703703703
0 0.7385416666666667 0.6930555555555555 0.74296875 0.6953703703703704 0.74609375 0.7050925925925926 0.7497395833333333 0.7759259259259259 0.7479166666666667 0.7870370370370371 0.7346354166666667 0.7907407407407407 0.7265625 0.7898148148148149 0.7236979166666667 0.7828703703703703 0.71953125 0.7046296296296296 0.7231770833333333 0.6958333333333333 0.73828125 0.6930555555555555
0 0.5434895833333333 0.6763888888888889 0.55 0.6791666666666667 0.5536458333333333 0.6856481481481481 0.55546875 0.763425925925926 0.5536458333333333 0.7833333333333333 0.5505208333333333 0.7902777777777777 0.5434895833333333 0.7949074074074074 0.5346354166666667 0.7935185185185185 0.5286458333333334 0.7861111111111111 0.5263020833333333 0.7481481481481481 0.52734375 0.6856481481481481 0.5330729166666667 0.6777777777777778 0.5432291666666667 0.6763888888888889
0 0.628125 0.2375 0.6361979166666667 0.24444444444444444 0.63828125 0.25601851851851853 0.6369791666666667 0.2912037037037037 0.63828125 0.33611111111111114 0.6369791666666667 0.34444444444444444 0.6294270833333333 0.35 0.6151041666666667 0.34814814814814815 0.6125 0.3439814814814815 0.6114583333333333 0.3333333333333333 0.6119791666666666 0.24768518518518517 0.61953125 0.23796296296296296 0.6278645833333333 0.2375
0 0.90078125 0.2569444444444444 0.9078125 0.2657407407407407 0.9138020833333333 0.3 0.9119791666666667 0.3037037037037037 0.9119791666666667 0.36064814814814816 0.9078125 0.36666666666666664 0.8997395833333334 0.36944444444444446 0.8869791666666667 0.36712962962962964 0.8809895833333333 0.3560185185185185 0.8830729166666667 0.32037037037037036 0.8815104166666666 0.29305555555555557 0.8783854166666667 0.2851851851851852 0.884375 0.2611111111111111 0.8901041666666667 0.2569444444444444 0.9005208333333333 0.2569444444444444
0 0.77421875 0.11805555555555555 0.7802083333333333 0.11944444444444445 0.78359375 0.125 0.78671875 0.18194444444444444 0.7861979166666667 0.2023148148148148 0.78359375 0.21481481481481482 0.7796875 0.22037037037037038 0.77265625 0.22361111111111112 0.7645833333333333 0.21944444444444444 0.76328125 0.21296296296296297 0.7580729166666667 0.20787037037037037 0.7567708333333333 0.13564814814814816 0.7611979166666667 0.12083333333333333 0.7739583333333333 0.11805555555555555
0 0.9638020833333333 0.12453703703703704 0.9736979166666667 0.1337962962962963 0.9755208333333333 0.15601851851851853 0.9752604166666666 0.22407407407407406 0.9713541666666666 0.23194444444444445 0.9653645833333333 0.2351851851851852 0.95625 0.23425925925925925 0.94921875 0.2263888888888889 0.9471354166666667 0.21851851851851853 0.9481770833333333 0.1986111111111111 0.94609375 0.19027777777777777 0.9471354166666667 0.16296296296296298 0.9455729166666667 0.15046296296296297 0.9471354166666667 0.13703703703703704 0.9528645833333333 0.1259259259259259 0.9635416666666666 0.12453703703703704
0 0.9364583333333333 0.5509259259259259 0.940625 0.5537037037037037 0.9447916666666667 0.5643518518518519 0.94765625 0.6050925925925926 0.94765625 0.6615740740740741 0.9442708333333333 0.6717592592592593 0.9388020833333334 0.674537037037037 0.9252604166666667 0.6726851851851852 0.9205729166666666 0.6643518518518519 0.9158854166666667 0.5703703703703704 0.91640625 0.5606481481481481 0.9200520833333333 0.5532407407407407 0.9260416666666667 0.55 0.9361979166666666 0.5509259259259259
0 0.6622395833333333 0.9537037037037037 0.6658854166666667 0.9578703703703704 0.6705729166666666 0.9703703703703703 0.67109375 0.999537037037037 0.64375 0.999537037037037 0.6424479166666667 0.9949074074074075 0.6434895833333333 0.9666666666666667 0.6463541666666667 0.9569444444444445 0.65390625 0.9527777777777777 0.6619791666666667 0.9537037037037037
0 0.8526041666666667 0.24768518518518517 0.8591145833333333 0.2537037037037037 0.8627604166666667 0.2657407407407407 0.8661458333333333 0.3365740740740741 0.86328125 0.35138888888888886 0.8497395833333333 0.3541666666666667 0.8421875 0.3527777777777778 0.8388020833333333 0.3416666666666667 0.834375 0.26342592592592595 0.8348958333333333 0.25833333333333336 0.8401041666666667 0.25046296296296294 0.85234375 0.24768518518518517
0 0.78203125 0.23703703703703705 0.7877604166666666 0.2439814814814815 0.7901041666666667 0.2537037037037037 0.790625 0.3282407407407407 0.7875 0.3435185185185185 0.7794270833333333 0.3472222222222222 0.76875 0.3453703703703704 0.7645833333333333 0.3384259259259259 0.7625 0.2671296296296296 0.7630208333333334 0.2513888888888889 0.765625 0.24166666666666667 0.7729166666666667 0.23564814814814813 0.7817708333333333 0.23703703703703705
0 0.7395833333333334 0.5375 0.7497395833333333 0.5430555555555555 0.7515625 0.6018518518518519 0.7486979166666666 0.6365740740740741 0.7401041666666667 0.6435185185185185 0.7309895833333333 0.6425925925925926 0.72578125 0.6370370370370371 0.7260416666666667 0.611574074074074 0.72421875 0.5990740740740741 0.7260416666666667 0.5430555555555555 0.7307291666666667 0.538425925925926 0.7393229166666667 0.5375
0 0.6276041666666666 0.10462962962962963 0.63515625 0.11296296296296296 0.6377604166666667 0.16203703703703703 0.6369791666666667 0.20277777777777778 0.63359375 0.2125 0.6265625 0.2175925925925926 0.6166666666666667 0.21712962962962962 0.6127604166666667 0.21388888888888888 0.61015625 0.2023148148148148 0.6111979166666667 0.11712962962962963 0.6130208333333333 0.1111111111111111 0.6182291666666667 0.10555555555555556 0.62734375 0.10462962962962963
0 0.9604166666666667 0.24861111111111112 0.9690104166666667 0.25092592592592594 0.97421875 0.2587962962962963 0.9768229166666667 0.2861111111111111 0.975 0.34953703703703703 0.9708333333333333 0.36018518518518516 0.9635416666666666 0.362962962962963 0.9494791666666667 0.35648148148148145 0.9440104166666666 0.3425925925925926 0.9458333333333333 0.29768518518518516 0.9440104166666666 0.2726851851851852 0.95 0.25324074074074077 0.96015625 0.24861111111111112
0 0.6622395833333333 0.26481481481481484 0.6705729166666666 0.2708333333333333 0.6729166666666667 0.29305555555555557 0.67109375 0.3458333333333333 0.6690104166666667 0.35138888888888886 0.6643229166666667 0.35324074074074074 0.6510416666666666 0.3527777777777778 0.6466145833333333 0.34675925925925927 0.6473958333333333 0.27546296296296297 0.6510416666666666 0.26666666666666666 0.6619791666666667 0.26481481481481484
0 0.66171875 0.6939814814814815 0.6713541666666667 0.6972222222222222 0.6739583333333333 0.7041666666666667 0.6723958333333333 0.7898148148148149 0.6684895833333333 0.8027777777777778 0.6619791666666667 0.8087962962962963 0.65078125 0.8078703703703703 0.6473958333333333 0.8041666666666667 0.6447916666666667 0.7847222222222222 0.6473958333333333 0.7032407407407407 0.65078125 0.6939814814814815 0.6614583333333334 0.6939814814814815
0 0.6890625 0.4101851851851852 0.69609375 0.41574074074074074 0.7239583333333334 0.4722222222222222 0.72734375 0.4828703703703704 0.7263020833333333 0.49722222222222223 0.7169270833333333 0.5120370370370371 0.70859375 0.5120370370370371 0.6822916666666666 0.4625 0.6752604166666667 0.4444444444444444 0.6736979166666667 0.43194444444444446 0.6752604166666667 0.425 0.6822916666666666 0.41435185185185186 0.6888020833333334 0.41064814814814815
0 0.7848958333333333 0.6837962962962963 0.7877604166666666 0.687037037037037 0.7903645833333334 0.7013888888888888 0.7921875 0.7828703703703703 0.7890625 0.7962962962962963 0.7807291666666667 0.8041666666666667 0.7682291666666666 0.8009259259259259 0.7640625 0.7907407407407407 0.7622395833333333 0.7032407407407407 0.765625 0.6842592592592592 0.7713541666666667 0.6819444444444445 0.7846354166666667 0.6837962962962963
0 0.7036458333333333 0.12361111111111112 0.7083333333333334 0.1259259259259259 0.7106770833333333 0.1361111111111111 0.7106770833333333 0.2064814814814815 0.7078125 0.2175925925925926 0.6989583333333333 0.2212962962962963 0.6901041666666666 0.2199074074074074 0.6856770833333333 0.21203703703703702 0.6859375 0.13287037037037036 0.6890625 0.12546296296296297 0.7033854166666667 0.12361111111111112
0 0.8151041666666666 0.2375 0.8208333333333333 0.24074074074074073 0.8223958333333333 0.24537037037037038 0.82578125 0.2962962962962963 0.8244791666666667 0.32175925925925924 0.8171875 0.32592592592592595 0.8065104166666667 0.32592592592592595 0.8015625 0.32083333333333336 0.8018229166666667 0.2884259259259259 0.7989583333333333 0.2550925925925926 0.8 0.2449074074074074 0.8028645833333333 0.24027777777777778 0.81484375 0.2375
0 0.8002604166666667 0.40324074074074073 0.83203125 0.40925925925925927 0.8408854166666667 0.41435185185185186 0.8424479166666666 0.4203703703703704 0.8419270833333333 0.44583333333333336 0.8388020833333333 0.4532407407407407 0.8315104166666667 0.4564814814814815 0.7825520833333334 0.4513888888888889 0.7760416666666666 0.4462962962962963 0.7721354166666666 0.4300925925925926 0.77265625 0.4185185185185185 0.7760416666666666 0.4078703703703704 0.7828125 0.40370370370370373 0.8 0.40324074074074073
0 0.5901041666666667 0.24166666666666667 0.5989583333333334 0.24583333333333332 0.6 0.2689814814814815 0.60703125 0.2759259259259259 0.6013020833333333 0.3 0.6010416666666667 0.35555555555555557 0.5966145833333333 0.3638888888888889 0.5903645833333333 0.3675925925925926 0.5796875 0.36666666666666664 0.5744791666666667 0.3592592592592593 0.57265625 0.32731481481481484 0.5630208333333333 0.30787037037037035 0.5640625 0.29814814814814816 0.5708333333333333 0.3 0.57421875 0.2935185185185185 0.5739583333333333 0.2652777777777778 0.5760416666666667 0.24722222222222223 0.58125 0.24259259259259258 0.58984375 0.24166666666666667
0 0.8145833333333333 0.687037037037037 0.8247395833333333 0.6939814814814815 0.8260416666666667 0.711574074074074 0.8252604166666667 0.7888888888888889 0.82265625 0.7944444444444444 0.8151041666666666 0.7981481481481482 0.8015625 0.7935185185185185 0.7979166666666667 0.7768518518518519 0.8015625 0.7333333333333333 0.79765625 0.6990740740740741 0.8033854166666666 0.6884259259259259 0.8143229166666667 0.687037037037037