0 0.8890625 0.13287037037037036 0.89296875 0.13703703703703704 0.8955729166666667 0.16712962962962963 0.8958333333333334 0.2337962962962963 0.8940104166666667 0.24305555555555555 0.8859375 0.2490740740740741 0.8731770833333333 0.24814814814814815 0.86875 0.23842592592592593 0.8666666666666667 0.15787037037037038 0.8690104166666667 0.1398148148148148 0.8723958333333334 0.1337962962962963 0.8888020833333333 0.13287037037037036
0 0.77265625 0.1259259259259259 0.7796875 0.1287037037037037 0.7828125 0.1375 0.784375 0.19444444444444445 0.7833333333333333 0.2199074074074074 0.7796875 0.2263888888888889 0.7723958333333333 0.2310185185185185 0.7640625 0.22777777777777777 0.7630208333333334 0.21851851851851853 0.7578125 0.21666666666666667 0.7557291666666667 0.1527777777777778 0.7565104166666666 0.13657407407407407 0.7588541666666667 0.12916666666666668 0.7723958333333333 0.1259259259259259
0 0.7005208333333334 0.1310185185185185 0.7078125 0.1375 0.7096354166666666 0.20972222222222223 0.70625 0.22407407407407406 0.6966145833333334 0.22916666666666666 0.6875 0.2273148148148148 0.6838541666666667 0.22037037037037038 0.684375 0.14444444444444443 0.68515625 0.13657407407407407 0.6880208333333333 0.13240740740740742 0.7002604166666667 0.1310185185185185
0 0.7380208333333333 0.26157407407407407 0.7455729166666667 0.2671296296296296 0.7486979166666666 0.2763888888888889 0.7518229166666667 0.3449074074074074 0.7502604166666667 0.362962962962963 0.7471354166666667 0.36666666666666664 0.7395833333333334 0.3675925925925926 0.73046875 0.36527777777777776 0.7268229166666667 0.3592592592592593 0.7255208333333333 0.29305555555555557 0.7236979166666667 0.2833333333333333 0.72421875 0.27361111111111114 0.7276041666666667 0.2662037037037037 0.7377604166666667 0.26157407407407407
0 0.9591145833333333 0.13194444444444445 0.96796875 0.13657407407407407 0.97109375 0.14166666666666666 0.9736979166666667 0.16712962962962963 0.9731770833333333 0.23055555555555557 0.96953125 0.23842592592592593 0.96171875 0.24351851851851852 0.95078125 0.23935185185185184 0.9458333333333333 0.23055555555555557 0.9442708333333333 0.2212962962962963 0.9455729166666667 0.20601851851851852 0.9440104166666666 0.14814814814814814 0.9484375 0.13564814814814816 0.9588541666666667 0.13194444444444445
0 0.8083333333333333 0.11064814814814815 0.8138020833333334 0.11342592592592593 0.8184895833333333 0.12268518518518519 0.82109375 0.16064814814814815 0.8208333333333333 0.18564814814814815 0.8184895833333333 0.20462962962962963 0.8153645833333333 0.20972222222222223 0.81015625 0.21203703703703702 0.7997395833333333 0.21064814814814814 0.7940104166666667 0.20277777777777778 0.79375 0.12685185185185185 0.7994791666666666 0.1125 0.8080729166666667 0.11064814814814815
0 0.7786458333333334 0.5587962962962963 0.7838541666666666 0.562962962962963 0.7856770833333333 0.5685185185185185 0.7888020833333333 0.6310185185185185 0.7875 0.6578703703703703 0.7778645833333333 0.6657407407407407 0.7677083333333333 0.6648148148148149 0.7627604166666667 0.6546296296296297 0.76015625 0.5712962962962963 0.7614583333333333 0.5648148148148148 0.7651041666666667 0.5601851851851852 0.7783854166666667 0.5587962962962963
0 0.8565104166666667 0.6995370370370371 0.86640625 0.7069444444444445 0.8697916666666666 0.7300925925925926 0.8708333333333333 0.8092592592592592 0.8674479166666667 0.8175925925925925 0.8609375 0.8194444444444444 0.8453125 0.8152777777777778 0.840625 0.7981481481481482 0.8424479166666666 0.7722222222222223 0.8393229166666667 0.7162037037037037 0.8416666666666667 0.7069444444444445 0.8447916666666667 0.7027777777777777 0.85625 0.6995370370370371
0 0.8958333333333334 0.26435185185185184 0.9052083333333333 0.27175925925925926 0.9078125 0.2810185185185185 0.9080729166666667 0.2953703703703704 0.91171875 0.3074074074074074 0.909375 0.31342592592592594 0.9109375 0.3453703703703704 0.9098958333333333 0.36944444444444446 0.9041666666666667 0.3763888888888889 0.8955729166666667 0.37777777777777777 0.8869791666666667 0.3768518518518518 0.8791666666666667 0.3662037037037037 0.8786458333333333 0.3574074074074074 0.8809895833333333 0.3435185185185185 0.8799479166666667 0.30462962962962964 0.8768229166666667 0.29398148148148145 0.8796875 0.2759259259259259 0.8833333333333333 0.26851851851851855 0.8955729166666667 0.26435185185185184
0 0.6606770833333333 0.9810185185185185 0.6666666666666666 0.9875 0.6692708333333334 0.999537037037037 0.6419270833333334 0.999537037037037 0.6453125 0.9842592592592593 0.6526041666666667 0.9805555555555555 0.6604166666666667 0.9810185185185185
0 0.62421875 0.5504629629629629 0.628125 0.5541666666666667 0.6299479166666667 0.562037037037037 0.6330729166666667 0.6504629629629629 0.6291666666666667 0.6648148148148149 0.6203125 0.6689814814814815 0.6096354166666667 0.6671296296296296 0.60546875 0.6587962962962963 0.6020833333333333 0.5736111111111111 0.603125 0.5569444444444445 0.6057291666666667 0.5518518518518518 0.6239583333333333 0.5504629629629629
0 0.8557291666666667 0.5611111111111111 0.86484375 0.5662037037037037 0.8666666666666667 0.5768518518518518 0.8640625 0.6662037037037037 0.86015625 0.6800925925925926 0.8557291666666667 0.6833333333333333 0.8421875 0.6819444444444445 0.8369791666666667 0.6759259259259259 0.8356770833333333 0.6699074074074074 0.840625 0.5740740740740741 0.8450520833333334 0.5615740740740741 0.85546875 0.5611111111111111
0 0.6588541666666666 0.12916666666666668 0.6700520833333333 0.13287037037037036 0.6731770833333334 0.1486111111111111 0.6716145833333333 0.22777777777777777 0.6690104166666667 0.2375 0.6588541666666666 0.2449074074074074 0.6505208333333333 0.24212962962962964 0.64765625 0.23796296296296296 0.64375 0.22685185185185186 0.6434895833333333 0.22037037037037038 0.6484375 0.14074074074074075 0.6510416666666666 0.13287037037037036 0.65859375 0.12916666666666668
0 0.5861979166666667 0.12777777777777777 0.5932291666666667 0.1300925925925926 0.5979166666666667 0.13703703703703704 0.5989583333333334 0.16805555555555557 0.5966145833333333 0.1884259259259259 0.5973958333333333 0.21064814814814814 0.5955729166666667 0.22916666666666666 0.5916666666666667 0.2375 0.58515625 0.24027777777777778 0.5744791666666667 0.2361111111111111 0.5713541666666667 0.22962962962962963 0.5697916666666667 0.21944444444444444 0.57265625 0.13703703703703704 0.5768229166666666 0.12962962962962962 0.5859375 0.12777777777777777
0 0.9317708333333333 0.5583333333333333 0.9388020833333334 0.562962962962963 0.9424479166666667 0.5717592592592593 0.9458333333333333 0.6175925925925926 0.9453125 0.6703703703703704 0.9416666666666667 0.6796296296296296 0.93359375 0.6828703703703703 0.92109375 0.6787037037037037 0.9166666666666666 0.6648148148148149 0.91328125 0.5810185185185185 0.9135416666666667 0.5708333333333333 0.9171875 0.5625 0.9315104166666667 0.5583333333333333
0 0.7033854166666667 0.5643518518518519 0.7098958333333333 0.5671296296296297 0.7111979166666667 0.5717592592592593 0.71328125 0.6037037037037037 0.7122395833333334 0.6296296296296297 0.71015625 0.6324074074074074 0.6924479166666667 0.6324074074074074 0.6880208333333333 0.6291666666666667 0.68984375 0.6064814814814815 0.6890625 0.5675925925925925 0.703125 0.5643518518518519
0 0.696875 0.6898148148148148 0.7059895833333333 0.6944444444444444 0.7106770833333333 0.7092592592592593 0.7088541666666667 0.8009259259259259 0.7067708333333333 0.8078703703703703 0.7020833333333333 0.8092592592592592 0.68359375 0.8074074074074075 0.6794270833333333 0.7981481481481482 0.6822916666666666 0.7027777777777777 0.6856770833333333 0.6930555555555555 0.6966145833333334 0.6898148148148148
0 0.7377604166666667 0.700925925925926 0.7424479166666667 0.7055555555555556 0.7442708333333333 0.7138888888888889 0.7481770833333333 0.7824074074074074 0.74609375 0.7949074074074074 0.7377604166666667 0.7986111111111112 0.7268229166666667 0.7986111111111112 0.7229166666666667 0.7949074074074074 0.71953125 0.763425925925926 0.7200520833333334 0.7407407407407407 0.71796875 0.7199074074074074 0.71953125 0.7050925925925926 0.7278645833333334 0.700925925925926 0.7375 0.700925925925926
0 0.16848958333333333 0.7759259259259259 0.17838541666666666 0.7828703703703703 0.17916666666666667 0.7958333333333333 0.17760416666666667 0.8134259259259259 0.17864583333333334 0.8263888888888888 0.17473958333333334 0.8694444444444445 0.171875 0.8791666666666667 0.1671875 0.8833333333333333 0.15052083333333333 0.8800925925925925 0.14765625 0.8703703703703703 0.14765625 0.8569444444444444 0.15026041666666667 0.8222222222222222 0.14895833333333333 0.812037037037037 0.15208333333333332 0.8041666666666667 0.15390625 0.7893518518518519 0.15859375 0.7796296296296297 0.16822916666666668 0.7759259259259259
0 0.703125 0.25925925925925924 0.7083333333333334 0.26435185185185184 0.7098958333333333 0.27314814814814814 0.7111979166666667 0.3277777777777778 0.709375 0.3592592592592593 0.70703125 0.36342592592592593 0.7015625 0.36435185185185187 0.6921875 0.36435185185185187 0.68515625 0.35833333333333334 0.6828125 0.29305555555555557 0.6833333333333333 0.2722222222222222 0.6856770833333333 0.2625 0.6921875 0.25787037037037036 0.7028645833333333 0.25925925925925924
0 0.63828125 0.42685185185185187 0.6440104166666667 0.4324074074074074 0.6518229166666667 0.45694444444444443 0.66484375 0.5175925925925926 0.6653645833333334 0.5305555555555556 0.66328125 0.5361111111111111 0.6518229166666667 0.5444444444444444 0.646875 0.5444444444444444 0.64375 0.5407407407407407 0.6200520833333333 0.45185185185185184 0.6205729166666667 0.44212962962962965 0.6236979166666666 0.4356481481481482 0.6380208333333334 0.42685185185185187
0 0.5419270833333333 0.38657407407407407 0.5481770833333334 0.3925925925925926 0.5565104166666667 0.4083333333333333 0.55546875 0.41759259259259257 0.5190104166666667 0.49074074074074076 0.5125 0.49722222222222223 0.5057291666666667 0.49583333333333335 0.5015625 0.4912037037037037 0.49557291666666664 0.47685185185185186 0.4953125 0.4648148148148148 0.52890625 0.4 0.5364583333333334 0.3888888888888889 0.5416666666666666 0.38657407407407407
0 0.6604166666666667 0.27314814814814814 0.6682291666666667 0.2777777777777778 0.6705729166666666 0.2884259259259259 0.6690104166666667 0.3541666666666667 0.66796875 0.3592592592592593 0.6651041666666667 0.36064814814814816 0.64765625 0.3597222222222222 0.6447916666666667 0.35555555555555557 0.6442708333333333 0.34953703703703703 0.6458333333333334 0.2824074074074074 0.6505208333333333 0.2740740740740741 0.66015625 0.27314814814814814
0 0.5481770833333334 0.5425925925925926 0.5552083333333333 0.5449074074074074 0.5575520833333333 0.549537037037037 0.5578125 0.6162037037037037 0.5559895833333334 0.6504629629629629 0.55234375 0.6583333333333333 0.5458333333333333 0.6611111111111111 0.5328125 0.6564814814814814 0.5294270833333333 0.6435185185185185 0.5328125 0.5467592592592593 0.5359375 0.5430555555555555 0.5479166666666667 0.5425925925925926
0 0.7763020833333333 0.24351851851851852 0.7841145833333333 0.24814814814814815 0.7875 0.2574074074074074 0.7893229166666667 0.3282407407407407 0.7885416666666667 0.3425925925925926 0.7859375 0.3523148148148148 0.7729166666666667 0.35555555555555557 0.7653645833333333 0.3527777777777778 0.7627604166666667 0.3458333333333333 0.7606770833333333 0.26481481481481484 0.7611979166666667 0.2550925925925926 0.76484375 0.24768518518518517 0.7760416666666666 0.24351851851851852
0 0.6294270833333333 0.2462962962962963 0.6348958333333333 0.2513888888888889 0.6375 0.2675925925925926 0.6369791666666667 0.3416666666666667 0.634375 0.35138888888888886 0.6302083333333334 0.35648148148148145 0.6247395833333333 0.3578703703703704 0.6135416666666667 0.3560185185185185 0.61015625 0.3486111111111111 0.6091145833333333 0.2569444444444444 0.61640625 0.24537037037037038 0.6291666666666667 0.2462962962962963
0 0.896875 0.5694444444444444 0.9015625 0.5722222222222222 0.9036458333333334 0.5782407407407407 0.9052083333333333 0.6421296296296296 0.9044270833333333 0.6625 0.8989583333333333 0.674537037037037 0.8953125 0.6763888888888889 0.8830729166666667 0.6754629629629629 0.8786458333333333 0.6712962962962963 0.8755208333333333 0.612037037037037 0.8770833333333333 0.5990740740740741 0.8765625 0.5740740740740741 0.88359375 0.5685185185185185 0.8966145833333333 0.5694444444444444
0 0.65703125 0.7023148148148148 0.66796875 0.7046296296296296 0.6705729166666666 0.7078703703703704 0.67265625 0.7324074074074074 0.6690104166666667 0.8074074074074075 0.6643229166666667 0.8148148148148148 0.6575520833333334 0.8171296296296297 0.6463541666666667 0.8138888888888889 0.64375 0.8083333333333333 0.6427083333333333 0.7967592592592593 0.6450520833333333 0.7671296296296296 0.6442708333333333 0.7337962962962963 0.6458333333333334 0.7101851851851851 0.6473958333333333 0.7037037037037037 0.6567708333333333 0.7023148148148148
0 0.734375 0.5453703703703704 0.7447916666666666 0.5481481481481482 0.7486979166666666 0.5574074074074075 0.7494791666666667 0.5925925925925926 0.7479166666666667 0.6365740740740741 0.7455729166666667 0.6462962962962963 0.7408854166666666 0.6504629629629629 0.7307291666666667 0.6513888888888889 0.7244791666666667 0.6472222222222223 0.72265625 0.6402777777777777 0.7231770833333333 0.5555555555555556 0.7252604166666666 0.549074074074074 0.7341145833333333 0.5458333333333333
0 0.8494791666666667 0.25555555555555554 0.85625 0.2601851851851852 0.86015625 0.2712962962962963 0.8640625 0.3388888888888889 0.8609375 0.3578703703703704 0.8489583333333334 0.3625 0.8411458333333334 0.36064814814814816 0.8372395833333334 0.35509259259259257 0.83203125 0.27361111111111114 0.8372395833333334 0.25833333333333336 0.84921875 0.25555555555555554
0 0.8515625 0.14212962962962963 0.8544270833333333 0.1439814814814815 0.8567708333333334 0.15185185185185185 0.85625 0.2300925925925926 0.8528645833333334 0.23842592592592593 0.8434895833333333 0.24074074074074073 0.8346354166666666 0.23935185185185184 0.8309895833333333 0.23333333333333334 0.83125 0.14953703703703702 0.8346354166666666 0.1425925925925926 0.8513020833333333 0.14212962962962963
0 0.6252604166666667 0.11203703703703703 0.6296875 0.11527777777777778 0.6341145833333334 0.12685185185185185 0.6356770833333333 0.175 0.6338541666666667 0.21574074074074073 0.6317708333333333 0.22037037037037038 0.6231770833333333 0.22546296296296298 0.6127604166666667 0.22453703703703703 0.6088541666666667 0.2175925925925926 0.6083333333333333 0.13333333333333333 0.6088541666666667 0.125 0.6127604166666667 0.11666666666666667 0.6190104166666667 0.11203703703703703 0.625 0.11203703703703703
0 0.9625 0.2574074074074074 0.9690104166666667 0.26157407407407407 0.97265625 0.27175925925925926 0.9729166666666667 0.28564814814814815 0.9752604166666666 0.2953703703703704 0.97421875 0.32546296296296295 0.97578125 0.3388888888888889 0.9705729166666667 0.3638888888888889 0.9669270833333333 0.3685185185185185 0.9604166666666667 0.37037037037037035 0.9489583333333333 0.36666666666666664 0.9421875 0.35509259259259257 0.9450520833333333 0.29444444444444445 0.9421875 0.28379629629629627 0.9421875 0.2759259259259259 0.9486979166666667 0.25972222222222224 0.9622395833333334 0.2574074074074074
0 0.6205729166666667 0.6912037037037037 0.63046875 0.6986111111111111 0.6341145833333334 0.7388888888888889 0.6317708333333333 0.7541666666666667 0.6333333333333333 0.7703703703703704 0.6315104166666666 0.8106481481481481 0.62890625 0.8175925925925925 0.621875 0.8208333333333333 0.6083333333333333 0.8189814814814815 0.603125 0.8069444444444445 0.6044270833333333 0.7851851851851852 0.6026041666666667 0.7587962962962963 0.6067708333333334 0.7027777777777777 0.61171875 0.6925925925925925 0.6203125 0.6912037037037037
0 0.7067708333333333 0.38657407407407407 0.7390625 0.38981481481481484 0.7450520833333333 0.3939814814814815 0.7466145833333333 0.41435185185185186 0.7447916666666666 0.4310185185185185 0.74140625 0.43472222222222223 0.7338541666666667 0.4356481481481482 0.6921875 0.43287037037037035 0.6854166666666667 0.42824074074074076 0.68359375 0.4185185185185185 0.6854166666666667 0.3921296296296296 0.6924479166666667 0.3861111111111111 0.7065104166666667 0.38657407407407407
0 0.7734375 0.6898148148148148 0.7848958333333333 0.6939814814814815 0.7869791666666667 0.6986111111111111 0.7885416666666667 0.7134259259259259 0.7895833333333333 0.7967592592592593 0.7864583333333334 0.8069444444444445 0.7802083333333333 0.8125 0.7653645833333333 0.8083333333333333 0.7625 0.8032407407407407 0.7611979166666667 0.7944444444444444 0.76171875 0.6958333333333333 0.7653645833333333 0.6907407407407408 0.7731770833333333 0.6898148148148148
0 0.73828125 0.09953703703703703 0.7447916666666666 0.10324074074074074 0.7473958333333334 0.11018518518518519 0.7481770833333333 0.15925925925925927 0.7455729166666667 0.21157407407407408 0.7416666666666667 0.21898148148148147 0.7361979166666667 0.2212962962962963 0.7263020833333333 0.22083333333333333 0.7203125 0.21666666666666667 0.7184895833333333 0.20879629629629629 0.7184895833333333 0.19490740740740742 0.7208333333333333 0.1763888888888889 0.7197916666666667 0.14583333333333334 0.7221354166666667 0.10972222222222222 0.7276041666666667 0.10046296296296296 0.7380208333333333 0.09953703703703703
0 0.8174479166666667 0.5592592592592592 0.8221354166666667 0.5726851851851852 0.8236979166666667 0.6472222222222223 0.821875 0.6648148148148149 0.81328125 0.6694444444444444 0.8020833333333334 0.6680555555555555 0.7973958333333333 0.6615740740740741 0.7981770833333334 0.625 0.7953125 0.5782407407407407 0.7966145833333333 0.5638888888888889 0.8 0.5583333333333333 0.8122395833333333 0.5569444444444445 0.8171875 0.5592592592592592
0 0.54453125 0.6851851851851852 0.5502604166666667 0.6898148148148148 0.5515625 0.6953703703703704 0.553125 0.7856481481481481 0.5502604166666667 0.7962962962962963 0.5434895833333333 0.8027777777777778 0.5294270833333333 0.8 0.5252604166666667 0.7865740740740741 0.5252604166666667 0.7625 0.5276041666666667 0.7513888888888889 0.5268229166666667 0.7379629629629629 0.5283854166666667 0.7300925925925926 0.52421875 0.7087962962962963 0.525 0.6949074074074074 0.5276041666666667 0.6884259259259259 0.5354166666666667 0.6842592592592592 0.5442708333333334 0.6851851851851852
0 0.8122395833333333 0.24537037037037038 0.81875 0.24814814814814815 0.8216145833333334 0.25462962962962965 0.8231770833333333 0.2814814814814815 0.82265625 0.3282407407407407 0.8151041666666666 0.33425925925925926 0.803125 0.3333333333333333 0.7994791666666666 0.3277777777777778 0.7984375 0.25462962962962965 0.8028645833333333 0.24675925925925926 0.8119791666666667 0.24537037037037038
0 0.5854166666666667 0.6981481481481482 0.5916666666666667 0.7027777777777777 0.5932291666666667 0.7083333333333334 0.59140625 0.7398148148148148 0.5919270833333333 0.7861111111111111 0.58984375 0.8185185185185185 0.5848958333333333 0.8245370370370371 0.5794270833333334 0.8263888888888888 0.5697916666666667 0.825462962962963 0.5643229166666667 0.8138888888888889 0.5645833333333333 0.7759259259259259 0.5690104166666666 0.7027777777777777 0.5747395833333333 0.6972222222222222 0.58515625 0.6981481481481482
0 0.8127604166666667 0.6949074074074074 0.8192708333333333 0.6976851851851852 0.8223958333333333 0.7032407407407407 0.825 0.7518518518518519 0.82265625 0.7976851851851852 0.82109375 0.8018518518518518 0.8143229166666667 0.8060185185185185 0.80625 0.8060185185185185 0.7997395833333333 0.8013888888888889 0.7966145833333333 0.7824074074074074 0.8 0.7564814814814815 0.796875 0.7027777777777777 0.80078125 0.6967592592592593 0.8125 0.6949074074074074