0 0.5817708333333333 0.9884259259259259 0.5895833333333333 0.9916666666666667 0.5919270833333333 0.999537037037037 0.5645833333333333 0.999537037037037 0.5677083333333334 0.9912037037037037 0.5815104166666667 0.9884259259259259
0 0.8838541666666667 0.11481481481481481 0.89140625 0.11666666666666667 0.8955729166666667 0.12314814814814815 0.8984375 0.18287037037037038 0.896875 0.225 0.8927083333333333 0.2310185185185185 0.884375 0.23287037037037037 0.8765625 0.23194444444444445 0.87109375 0.22361111111111112 0.8692708333333333 0.19398148148148148 0.8705729166666667 0.1814814814814815 0.86796875 0.14537037037037037 0.8721354166666667 0.12037037037037036 0.88359375 0.11481481481481481
0 0.81328125 0.09490740740740741 0.8182291666666667 0.09953703703703703 0.8213541666666667 0.1087962962962963 0.8244791666666667 0.14907407407407408 0.82109375 0.1875 0.8177083333333334 0.19398148148148148 0.8114583333333333 0.19583333333333333 0.8002604166666667 0.1935185185185185 0.79609375 0.18703703703703703 0.7971354166666667 0.15324074074074073 0.7950520833333333 0.11574074074074074 0.796875 0.1050925925925926 0.8005208333333333 0.09768518518518518 0.8130208333333333 0.09490740740740741
0 0.7377604166666667 0.2449074074074074 0.7463541666666667 0.24814814814814815 0.7510416666666667 0.2587962962962963 0.7533854166666667 0.3287037037037037 0.75234375 0.34675925925925927 0.74609375 0.350462962962963 0.7338541666666667 0.350462962962963 0.7291666666666666 0.3453703703703704 0.728125 0.3388888888888889 0.7252604166666666 0.262037037037037 0.7291666666666666 0.25092592592592594 0.7375 0.24537037037037038
0 0.7002604166666667 0.24166666666666667 0.7078125 0.2449074074074074 0.71171875 0.2550925925925926 0.71171875 0.33796296296296297 0.7098958333333333 0.3439814814814815 0.70390625 0.3472222222222222 0.6911458333333333 0.3458333333333333 0.6869791666666667 0.337037037037037 0.6848958333333334 0.2777777777777778 0.6859375 0.25324074074074077 0.6890625 0.24444444444444444 0.7 0.24166666666666667
0 0.9638020833333333 0.11574074074074074 0.9713541666666666 0.12083333333333333 0.975 0.12962962962962962 0.9763020833333333 0.19490740740740742 0.975 0.21805555555555556 0.9700520833333334 0.22453703703703703 0.9643229166666667 0.22685185185185186 0.9541666666666667 0.22407407407407406 0.9481770833333333 0.21481481481481482 0.9450520833333333 0.14444444444444443 0.946875 0.1300925925925926 0.9513020833333333 0.11898148148148148 0.9635416666666666 0.11574074074074074
0 0.8557291666666667 0.12685185185185185 0.8591145833333333 0.14166666666666666 0.8588541666666667 0.2101851851851852 0.8559895833333333 0.22083333333333333 0.8455729166666667 0.22453703703703703 0.83515625 0.22175925925925927 0.8330729166666667 0.21574074074074073 0.8338541666666667 0.13240740740740742 0.8380208333333333 0.12546296296296297 0.85546875 0.12685185185185185
0 0.65859375 0.9625 0.665625 0.9666666666666667 0.6703125 0.9768518518518519 0.671875 0.9833333333333333 0.6716145833333333 0.999537037037037 0.6427083333333333 0.999537037037037 0.6440104166666667 0.9722222222222222 0.6502604166666667 0.9643518518518519 0.6583333333333333 0.9625
0 0.54921875 0.5254629629629629 0.5588541666666667 0.5296296296296297 0.5606770833333333 0.549074074074074 0.55859375 0.6291666666666667 0.5575520833333333 0.6370370370370371 0.5502604166666667 0.6439814814814815 0.5361979166666667 0.6412037037037037 0.5330729166666667 0.6365740740740741 0.53203125 0.6287037037037037 0.5338541666666666 0.5981481481481481 0.5341145833333333 0.5328703703703703 0.5364583333333334 0.5273148148148148 0.5489583333333333 0.5254629629629629
0 0.6244791666666667 0.09537037037037037 0.6307291666666667 0.09768518518518518 0.6354166666666666 0.10601851851851851 0.6372395833333333 0.1175925925925926 0.6377604166666667 0.1597222222222222 0.63671875 0.19398148148148148 0.6348958333333333 0.20277777777777778 0.6234375 0.20925925925925926 0.6119791666666666 0.20416666666666666 0.61015625 0.17777777777777778 0.6111979166666667 0.10925925925925926 0.6158854166666666 0.09953703703703703 0.62421875 0.09537037037037037
0 0.6223958333333334 0.5328703703703703 0.6294270833333333 0.5361111111111111 0.63203125 0.5449074074074074 0.6354166666666666 0.6259259259259259 0.634375 0.6412037037037037 0.6307291666666667 0.6481481481481481 0.62578125 0.6513888888888889 0.6127604166666667 0.6509259259259259 0.6072916666666667 0.6402777777777777 0.60390625 0.5606481481481481 0.6046875 0.5439814814814815 0.6075520833333333 0.5356481481481481 0.6221354166666667 0.5328703703703703
0 0.8526041666666667 0.5435185185185185 0.8658854166666666 0.5486111111111112 0.8682291666666667 0.5587962962962963 0.8645833333333334 0.6513888888888889 0.86171875 0.662962962962963 0.85625 0.6666666666666666 0.8421875 0.662962962962963 0.8385416666666666 0.6574074074074074 0.8372395833333334 0.6504629629629629 0.8419270833333333 0.5592592592592592 0.8463541666666666 0.5462962962962963 0.85234375 0.5435185185185185
0 0.6684895833333333 0.11388888888888889 0.6729166666666667 0.1175925925925926 0.6752604166666667 0.12916666666666668 0.6760416666666667 0.21435185185185185 0.6734375 0.2222222222222222 0.66171875 0.22824074074074074 0.65 0.22361111111111112 0.6463541666666667 0.21388888888888888 0.6497395833333334 0.13333333333333333 0.6505208333333333 0.12407407407407407 0.65390625 0.11574074074074074 0.6682291666666667 0.11388888888888889
0 0.5903645833333333 0.11157407407407408 0.5979166666666667 0.11481481481481481 0.6002604166666666 0.12129629629629629 0.6002604166666666 0.18935185185185185 0.5984375 0.21342592592592594 0.59453125 0.22083333333333333 0.5877604166666667 0.22407407407407406 0.5809895833333333 0.22361111111111112 0.5744791666666667 0.2162037037037037 0.57265625 0.19537037037037036 0.5752604166666667 0.11990740740740741 0.5815104166666667 0.1125 0.5901041666666667 0.11157407407407408
0 0.7028645833333333 0.5472222222222223 0.7106770833333333 0.549537037037037 0.7135416666666666 0.5564814814814815 0.7151041666666667 0.5717592592592593 0.7140625 0.6138888888888889 0.69609375 0.6157407407407407 0.690625 0.6125 0.690625 0.5527777777777778 0.6932291666666667 0.549074074074074 0.7026041666666667 0.5476851851851852
0 0.6981770833333333 0.6731481481481482 0.7083333333333334 0.6782407407407407 0.7114583333333333 0.6902777777777778 0.7109375 0.7787037037037037 0.7098958333333333 0.7893518518518519 0.7065104166666667 0.7921296296296296 0.6885416666666667 0.7907407407407407 0.68359375 0.7870370370370371 0.6815104166666667 0.7814814814814814 0.6848958333333334 0.6824074074074075 0.6888020833333334 0.674537037037037 0.6979166666666666 0.6731481481481482
0 0.9330729166666667 0.5416666666666666 0.9401041666666666 0.5453703703703704 0.94375 0.5527777777777778 0.946875 0.5888888888888889 0.9466145833333334 0.6564814814814814 0.9434895833333333 0.6638888888888889 0.9359375 0.6662037037037037 0.9252604166666667 0.6648148148148149 0.9205729166666666 0.6578703703703703 0.915625 0.5652777777777778 0.9158854166666667 0.5532407407407407 0.9182291666666667 0.5462962962962963 0.9328125 0.5416666666666666
0 0.7388020833333333 0.6837962962962963 0.7447916666666666 0.6902777777777778 0.7463541666666667 0.6990740740740741 0.7494791666666667 0.7689814814814815 0.7486979166666666 0.7759259259259259 0.7458333333333333 0.7791666666666667 0.7348958333333333 0.7819444444444444 0.7270833333333333 0.7810185185185186 0.7239583333333334 0.775 0.7192708333333333 0.6921296296296297 0.72578125 0.6851851851851852 0.7385416666666667 0.6837962962962963
0 0.5401041666666667 0.6666666666666666 0.5520833333333334 0.6722222222222223 0.5546875 0.6958333333333333 0.5541666666666667 0.7712962962962963 0.55078125 0.7810185185185186 0.5447916666666667 0.7851851851851852 0.53203125 0.7819444444444444 0.5286458333333334 0.775 0.5278645833333333 0.7643518518518518 0.52734375 0.6787037037037037 0.53203125 0.6703703703703704 0.53984375 0.6666666666666666
0 0.8598958333333333 0.6824074074074075 0.86796875 0.6888888888888889 0.8713541666666667 0.7032407407407407 0.8729166666666667 0.7898148148148149 0.8700520833333333 0.799074074074074 0.8638020833333333 0.8023148148148148 0.8473958333333333 0.7981481481481482 0.8421875 0.7791666666666667 0.8440104166666667 0.7537037037037037 0.8416666666666667 0.6958333333333333 0.8466145833333333 0.6851851851851852 0.8596354166666667 0.6824074074074075
0 0.6635416666666667 0.2569444444444444 0.6684895833333333 0.25925925925925924 0.6716145833333333 0.2657407407407407 0.6729166666666667 0.29444444444444445 0.6705729166666666 0.3416666666666667 0.6625 0.3449074074074074 0.6497395833333334 0.3435185185185185 0.6463541666666667 0.33425925925925926 0.6479166666666667 0.2662037037037037 0.6526041666666667 0.25787037037037036 0.66328125 0.2569444444444444
0 0.7765625 0.11018518518518519 0.7825520833333334 0.1125 0.7841145833333333 0.1162037037037037 0.7869791666666667 0.16157407407407406 0.7841145833333333 0.20601851851851852 0.78203125 0.2101851851851852 0.7723958333333333 0.2152777777777778 0.76484375 0.20972222222222223 0.75859375 0.1962962962962963 0.75703125 0.125 0.75859375 0.11712962962962963 0.7622395833333333 0.11157407407407408 0.7763020833333333 0.11018518518518519
0 0.5947916666666667 0.23333333333333334 0.59921875 0.23564814814814813 0.6010416666666667 0.24444444444444444 0.60234375 0.3351851851851852 0.5994791666666667 0.3509259259259259 0.5921875 0.3587962962962963 0.58125 0.35833333333333334 0.57421875 0.3476851851851852 0.5744791666666667 0.26851851851851855 0.5752604166666667 0.24351851851851852 0.5776041666666667 0.23564814814814813 0.5848958333333333 0.2324074074074074 0.59453125 0.23333333333333334
0 0.8489583333333334 0.2388888888888889 0.8578125 0.24305555555555555 0.8630208333333333 0.25833333333333336 0.8661458333333333 0.30648148148148147 0.8661458333333333 0.32592592592592595 0.8640625 0.3398148148148148 0.8552083333333333 0.3453703703703704 0.846875 0.3458333333333333 0.8408854166666667 0.34305555555555556 0.8385416666666666 0.3351851851851852 0.8348958333333333 0.25092592592592594 0.840625 0.24074074074074073 0.8486979166666667 0.23935185185185184
0 0.8942708333333333 0.5509259259259259 0.9044270833333333 0.5569444444444445 0.90703125 0.6092592592592593 0.9044270833333333 0.6476851851851851 0.9005208333333333 0.6587962962962963 0.8950520833333333 0.6601851851851852 0.8833333333333333 0.6592592592592592 0.8796875 0.6541666666666667 0.87734375 0.5990740740740741 0.8786458333333333 0.5569444444444445 0.8833333333333333 0.5518518518518518 0.8940104166666667 0.5509259259259259
0 0.7393229166666667 0.5287037037037037 0.7481770833333333 0.5328703703703703 0.75078125 0.5407407407407407 0.7505208333333333 0.6194444444444445 0.7466145833333333 0.6310185185185185 0.7377604166666667 0.6347222222222222 0.7270833333333333 0.6310185185185185 0.72421875 0.6194444444444445 0.72578125 0.5361111111111111 0.7307291666666667 0.5300925925925926 0.7390625 0.5287037037037037
0 0.7786458333333334 0.2263888888888889 0.7864583333333334 0.2324074074074074 0.7908854166666667 0.24768518518518517 0.7901041666666667 0.3263888888888889 0.7880208333333333 0.3351851851851852 0.7833333333333333 0.3384259259259259 0.76875 0.3365740740740741 0.7651041666666667 0.33101851851851855 0.7640625 0.324537037037037 0.76328125 0.24074074074074073 0.7645833333333333 0.23425925925925925 0.7684895833333333 0.22916666666666666 0.7783854166666667 0.2263888888888889
0 0.5447916666666667 0.9912037037037037 0.55 0.9939814814814815 0.5515625 0.999537037037037 0.5286458333333334 0.999537037037037 0.53359375 0.9916666666666667 0.54453125 0.9912037037037037
0 0.965625 0.24074074074074073 0.97109375 0.24444444444444444 0.975 0.2513888888888889 0.97734375 0.3125 0.97421875 0.3458333333333333 0.96484375 0.35324074074074074 0.95078125 0.35 0.9450520833333333 0.3388888888888889 0.94609375 0.2861111111111111 0.9440104166666666 0.2652777777777778 0.94609375 0.2537037037037037 0.9510416666666667 0.24351851851851852 0.9653645833333333 0.24074074074074073
0 0.85390625 0.9861111111111112 0.8630208333333333 0.9898148148148148 0.8671875 0.999537037037037 0.8401041666666667 0.999537037037037 0.8440104166666667 0.9888888888888889 0.8536458333333333 0.9861111111111112
0 0.5833333333333334 0.6800925925925926 0.59375 0.6851851851851852 0.596875 0.700462962962963 0.5942708333333333 0.736574074074074 0.5963541666666666 0.7620370370370371 0.59375 0.7870370370370371 0.5908854166666667 0.8018518518518518 0.5833333333333334 0.8083333333333333 0.5713541666666667 0.8069444444444445 0.5666666666666667 0.7972222222222223 0.5661458333333333 0.7875 0.5697916666666667 0.6921296296296297 0.5734375 0.6819444444444445 0.5830729166666667 0.6800925925925926
0 0.78203125 0.5430555555555555 0.7864583333333334 0.5472222222222223 0.7888020833333333 0.5615740740740741 0.7901041666666667 0.6337962962962963 0.7875 0.6444444444444445 0.7791666666666667 0.649074074074074 0.7700520833333333 0.6481481481481481 0.7643229166666666 0.6370370370370371 0.7614583333333333 0.5569444444444445 0.7651041666666667 0.5449074074074074 0.7716145833333333 0.5421296296296296 0.7817708333333333 0.5430555555555555
0 0.6627604166666666 0.6851851851851852 0.6705729166666666 0.6884259259259259 0.6731770833333334 0.6935185185185185 0.6731770833333334 0.7652777777777777 0.6723958333333333 0.7791666666666667 0.6690104166666667 0.7921296296296296 0.66171875 0.8 0.6505208333333333 0.7976851851851852 0.64609375 0.7925925925925926 0.6447916666666667 0.7412037037037037 0.6473958333333333 0.6958333333333333 0.6520833333333333 0.6851851851851852 0.6625 0.6851851851851852
0 0.7716145833333333 0 0.83125 0 0.8286458333333333 0.0060185185185185185 0.8244791666666667 0.008333333333333333 0.78984375 0.005092592592592593 0.7833333333333333 0.009259259259259259 0.7739583333333333 0.0060185185185185185 0.7716145833333333 0.000462962962962963
0 0.7424479166666667 0.41712962962962963 0.7481770833333333 0.425 0.7505208333333333 0.4356481481481482 0.7513020833333334 0.45 0.7484375 0.45740740740740743 0.7377604166666667 0.4666666666666667 0.6958333333333333 0.4888888888888889 0.6895833333333333 0.4875 0.68515625 0.48055555555555557 0.6817708333333333 0.4648148148148148 0.6838541666666667 0.4486111111111111 0.70625 0.43194444444444446 0.7338541666666667 0.41805555555555557 0.7421875 0.41712962962962963
0 0.7833333333333333 0.6726851851851852 0.7880208333333333 0.6773148148148148 0.7908854166666667 0.6990740740740741 0.7921875 0.7736111111111111 0.7877604166666666 0.7898148148148149 0.78046875 0.7953703703703704 0.76953125 0.7930555555555555 0.7640625 0.7824074074074074 0.7622395833333333 0.6944444444444444 0.765625 0.675 0.7830729166666667 0.6726851851851852
0 0.70078125 0.11388888888888889 0.7072916666666667 0.1162037037037037 0.7096354166666666 0.12037037037037036 0.71171875 0.17222222222222222 0.7104166666666667 0.20324074074074075 0.7065104166666667 0.2101851851851852 0.6997395833333333 0.21296296296296297 0.68828125 0.2101851851851852 0.6864583333333333 0.2064814814814815 0.6854166666666667 0.19212962962962962 0.6872395833333333 0.11990740740740741 0.6916666666666667 0.11527777777777778 0.7005208333333334 0.11388888888888889
0 0.815625 0.5407407407407407 0.8213541666666667 0.5444444444444444 0.8236979166666667 0.5504629629629629 0.8260416666666667 0.5847222222222223 0.825 0.6439814814814815 0.8236979166666667 0.6481481481481481 0.8177083333333334 0.6523148148148148 0.8026041666666667 0.6509259259259259 0.8 0.6481481481481481 0.7981770833333334 0.6402777777777777 0.7971354166666667 0.5537037037037037 0.8013020833333333 0.5421296296296296 0.8153645833333333 0.5407407407407407
0 0.8177083333333334 0.22962962962962963 0.8221354166666667 0.23425925925925925 0.8244791666666667 0.24953703703703703 0.8255208333333334 0.30694444444444446 0.821875 0.31574074074074077 0.8125 0.31805555555555554 0.8041666666666667 0.31666666666666665 0.80078125 0.30833333333333335 0.8015625 0.274537037037037 0.8 0.24027777777777778 0.80390625 0.23055555555555557 0.8174479166666667 0.22962962962962963
0 0.8940104166666667 0.24768518518518517 0.9033854166666667 0.25 0.90703125 0.2550925925925926 0.91328125 0.28564814814814815 0.9119791666666667 0.2986111111111111 0.91328125 0.33796296296296297 0.9114583333333334 0.3537037037037037 0.9046875 0.36018518518518516 0.89140625 0.36064814814814816 0.88671875 0.3578703703703704 0.88125 0.3476851851851852 0.88359375 0.3111111111111111 0.8825520833333333 0.2875 0.8786458333333333 0.2791666666666667 0.8786458333333333 0.2722222222222222 0.8841145833333334 0.25416666666666665 0.8872395833333333 0.25 0.89375 0.24814814814814815
0 0.6278645833333333 0.22962962962962963 0.6356770833333333 0.23425925925925925 0.6385416666666667 0.2523148148148148 0.63828125 0.3314814814814815 0.6348958333333333 0.3388888888888889 0.6302083333333334 0.34074074074074073 0.6158854166666666 0.3398148148148148 0.6127604166666667 0.3347222222222222 0.61171875 0.324537037037037 0.6122395833333333 0.2388888888888889 0.61796875 0.23055555555555557 0.6276041666666666 0.22962962962962963
0 0.6236979166666666 0.674537037037037 0.6302083333333334 0.6777777777777778 0.6333333333333333 0.6856481481481481 0.6361979166666667 0.7601851851851852 0.6317708333333333 0.7967592592592593 0.6299479166666667 0.8013888888888889 0.62421875 0.8041666666666667 0.6127604166666667 0.8037037037037037 0.6091145833333333 0.8013888888888889 0.6052083333333333 0.7935185185185185 0.6067708333333334 0.7648148148148148 0.6044270833333333 0.7435185185185185 0.6091145833333333 0.6824074074074075 0.61328125 0.6763888888888889 0.6234375 0.674537037037037
0 0.9846354166666667 0.45185185185185184 0.990625 0.45601851851851855 0.99453125 0.4671296296296296 0.99609375 0.48055555555555557 0.99375 0.4912037037037037 0.98125 0.5 0.94296875 0.5143518518518518 0.9359375 0.5097222222222222 0.9317708333333333 0.4981481481481482 0.9309895833333334 0.4837962962962963 0.9356770833333333 0.4703703703703704 0.984375 0.45185185185185184
0 0.8395833333333333 0.38564814814814813 0.87578125 0.3939814814814815 0.8856770833333333 0.399537037037037 0.8875 0.40694444444444444 0.8869791666666667 0.42777777777777776 0.8841145833333334 0.4388888888888889 0.8807291666666667 0.4412037037037037 0.8486979166666667 0.43703703703703706 0.8247395833333333 0.4287037037037037 0.82265625 0.4199074074074074 0.8244791666666667 0.3939814814814815 0.83046875 0.38657407407407407 0.8393229166666667 0.38564814814814813
0 0.8177083333333334 0.6787037037037037 0.821875 0.6814814814814815 0.825 0.6893518518518519 0.8260416666666667 0.75 0.825 0.7796296296296297 0.8208333333333333 0.7865740740740741 0.8161458333333333 0.7888888888888889 0.8044270833333333 0.7865740740740741 0.79921875 0.7791666666666667 0.7979166666666667 0.6916666666666667 0.8 0.6837962962962963 0.8033854166666666 0.6796296296296296 0.8174479166666667 0.6787037037037037