0 0.89140625 0.13194444444444445 0.8953125 0.14351851851851852 0.896875 0.2300925925925926 0.8955729166666667 0.2412037037037037 0.8875 0.24722222222222223 0.87578125 0.2462962962962963 0.8700520833333333 0.2375 0.8690104166666667 0.1824074074074074 0.86640625 0.15648148148148147 0.8716145833333333 0.13333333333333333 0.87890625 0.1300925925925926 0.8911458333333333 0.13194444444444445
0 0.54453125 0.6828703703703703 0.55 0.6861111111111111 0.553125 0.6925925925925925 0.5549479166666667 0.7662037037037037 0.5520833333333334 0.7935185185185185 0.5434895833333333 0.8013888888888889 0.5328125 0.799537037037037 0.52734375 0.7893518518518519 0.5260416666666666 0.7689814814814815 0.5270833333333333 0.7337962962962963 0.5247395833333334 0.700462962962963 0.528125 0.6907407407407408 0.5322916666666667 0.6856481481481481 0.5442708333333334 0.6828703703703703
0 0.8083333333333333 0.10925925925925926 0.8140625 0.1111111111111111 0.81875 0.11805555555555555 0.8221354166666667 0.14351851851851852 0.821875 0.18935185185185185 0.81875 0.20555555555555555 0.8122395833333333 0.21064814814814814 0.8010416666666667 0.20972222222222223 0.796875 0.20694444444444443 0.7947916666666667 0.20092592592592592 0.7955729166666666 0.16805555555555557 0.7934895833333333 0.1310185185185185 0.7966145833333333 0.11712962962962963 0.8 0.11157407407407408 0.8080729166666667 0.10925925925925926
0 0.6278645833333333 0.6828703703703703 0.63046875 0.6884259259259259 0.6333333333333333 0.7064814814814815 0.6348958333333333 0.7837962962962963 0.63046875 0.8162037037037037 0.62109375 0.8199074074074074 0.6088541666666667 0.8175925925925925 0.6041666666666666 0.8064814814814815 0.6072916666666667 0.7550925925925925 0.6067708333333334 0.7148148148148148 0.6091145833333333 0.6962962962962963 0.6127604166666667 0.6847222222222222 0.6169270833333333 0.6819444444444445 0.6276041666666666 0.6828703703703703
0 0.70859375 0.38425925925925924 0.7359375 0.3861111111111111 0.7526041666666666 0.3907407407407407 0.7552083333333334 0.3972222222222222 0.7549479166666667 0.4263888888888889 0.7528645833333333 0.4324074074074074 0.74609375 0.4351851851851852 0.6953125 0.4287037037037037 0.6924479166666667 0.4148148148148148 0.69375 0.39351851851851855 0.6984375 0.3861111111111111 0.7083333333333334 0.38425925925925924
0 0.73828125 0.25972222222222224 0.7434895833333334 0.26157407407407407 0.7486979166666666 0.2689814814814815 0.7515625 0.29768518518518516 0.75234375 0.3592592592592593 0.7486979166666666 0.36435185185185187 0.7421875 0.3662037037037037 0.7309895833333333 0.362962962962963 0.7283854166666667 0.3587962962962963 0.7268229166666667 0.34953703703703703 0.7270833333333333 0.32083333333333336 0.7244791666666667 0.2759259259259259 0.7278645833333334 0.2657407407407407 0.7380208333333333 0.25972222222222224
0 0.9658854166666667 0.13240740740740742 0.9723958333333333 0.14027777777777778 0.97421875 0.14814814814814814 0.9747395833333333 0.22361111111111112 0.9713541666666666 0.23564814814814813 0.9638020833333333 0.2412037037037037 0.9520833333333333 0.2375 0.9481770833333333 0.23194444444444445 0.94609375 0.22361111111111112 0.9440104166666666 0.15648148148148147 0.9466145833333334 0.14027777777777778 0.95078125 0.13287037037037036 0.9588541666666667 0.1300925925925926 0.965625 0.13240740740740742
0 0.7760416666666666 0.5564814814814815 0.7828125 0.5587962962962963 0.7872395833333333 0.5662037037037037 0.7903645833333334 0.6296296296296297 0.7880208333333333 0.6583333333333333 0.7763020833333333 0.6648148148148149 0.7684895833333333 0.662962962962963 0.76328125 0.6504629629629629 0.76171875 0.6185185185185185 0.7635416666666667 0.6092592592592593 0.7606770833333333 0.5773148148148148 0.7611979166666667 0.5675925925925925 0.7645833333333333 0.5601851851851852 0.77578125 0.5564814814814815
0 0.8559895833333333 0.6967592592592593 0.8666666666666667 0.7013888888888888 0.8708333333333333 0.7189814814814814 0.8721354166666667 0.8074074074074075 0.86953125 0.8148148148148148 0.8627604166666667 0.8175925925925925 0.8473958333333333 0.8138888888888889 0.8442708333333333 0.8069444444444445 0.8424479166666666 0.7939814814814815 0.8440104166666667 0.7685185185185185 0.8411458333333334 0.712037037037037 0.8466145833333333 0.6995370370370371 0.8557291666666667 0.6967592592592593
0 0.8955729166666667 0.2625 0.9018229166666667 0.26435185185185184 0.90703125 0.2722222222222222 0.909375 0.2935185185185185 0.9127604166666666 0.3037037037037037 0.9106770833333333 0.31296296296296294 0.9114583333333334 0.36342592592592593 0.9083333333333333 0.37222222222222223 0.9010416666666666 0.37592592592592594 0.8869791666666667 0.37407407407407406 0.8799479166666667 0.3625 0.8799479166666667 0.3509259259259259 0.8822916666666667 0.3435185185185185 0.8817708333333333 0.30277777777777776 0.8776041666666666 0.29259259259259257 0.8778645833333333 0.2865740740740741 0.8833333333333333 0.26851851851851855 0.8869791666666667 0.26435185185185184 0.8953125 0.2625
0 0.62421875 0.5486111111111112 0.6299479166666667 0.5532407407407407 0.6317708333333333 0.5648148148148148 0.6346354166666667 0.649537037037037 0.63046875 0.663425925925926 0.6239583333333333 0.6666666666666666 0.6109375 0.6657407407407407 0.6059895833333333 0.6537037037037037 0.603125 0.575462962962963 0.6057291666666667 0.5523148148148148 0.61015625 0.549074074074074 0.6239583333333333 0.5486111111111112
0 0.85234375 0.5587962962962963 0.865625 0.5638888888888889 0.86796875 0.5740740740740741 0.8677083333333333 0.6226851851851852 0.86484375 0.6675925925925926 0.86171875 0.6777777777777778 0.8572916666666667 0.6814814814814815 0.8421875 0.6791666666666667 0.83828125 0.6736111111111112 0.8369791666666667 0.6662037037037037 0.8411458333333334 0.5740740740740741 0.8458333333333333 0.5606481481481481 0.8520833333333333 0.5587962962962963
0 0.66484375 0.1287037037037037 0.6716145833333333 0.13240740740740742 0.6744791666666666 0.14583333333333334 0.6734375 0.22870370370370371 0.6692708333333334 0.2375 0.6614583333333334 0.24305555555555555 0.6544270833333333 0.24259259259259258 0.6494791666666667 0.23842592592592593 0.6458333333333334 0.23055555555555557 0.6450520833333333 0.21944444444444444 0.6502604166666667 0.13657407407407407 0.6541666666666667 0.12962962962962962 0.6645833333333333 0.1287037037037037
0 0.73984375 0.5439814814814815 0.7481770833333333 0.5486111111111112 0.7497395833333333 0.5546296296296296 0.7494791666666667 0.6328703703703704 0.7471354166666667 0.6444444444444445 0.7385416666666667 0.649537037037037 0.7278645833333334 0.6476851851851851 0.7239583333333334 0.6398148148148148 0.72421875 0.5560185185185185 0.72734375 0.5462962962962963 0.7395833333333334 0.5439814814814815
0 0.7010416666666667 0.2569444444444444 0.7078125 0.26064814814814813 0.7106770833333333 0.26851851851851855 0.7106770833333333 0.3537037037037037 0.7078125 0.36018518518518516 0.6997395833333333 0.3625 0.6888020833333334 0.3597222222222222 0.6864583333333333 0.35509259259259257 0.684375 0.28888888888888886 0.6864583333333333 0.262037037037037 0.6924479166666667 0.2569444444444444 0.70078125 0.2569444444444444
0 0.59375 0.1287037037037037 0.596875 0.1310185185185185 0.5994791666666667 0.1388888888888889 0.59921875 0.2175925925925926 0.5947916666666667 0.2337962962962963 0.5872395833333334 0.23935185185185184 0.57734375 0.2375 0.5713541666666667 0.22361111111111112 0.5731770833333333 0.1476851851851852 0.5760416666666667 0.1300925925925926 0.5838541666666667 0.12685185185185185 0.5934895833333333 0.1287037037037037
0 0.5947916666666667 0.2518518518518518 0.5989583333333334 0.25555555555555554 0.6002604166666666 0.2675925925925926 0.6013020833333333 0.35509259259259257 0.6005208333333333 0.362962962962963 0.5966145833333333 0.3726851851851852 0.5888020833333333 0.3763888888888889 0.5791666666666667 0.375 0.5721354166666667 0.3625 0.5736979166666667 0.26990740740740743 0.57578125 0.2550925925925926 0.5776041666666667 0.25324074074074077 0.59453125 0.2518518518518518
0 0.03671875 0.28055555555555556 0.04739583333333333 0.28703703703703703 0.04869791666666667 0.30324074074074076 0.04505208333333333 0.33935185185185185 0.0375 0.375 0.030208333333333334 0.38101851851851853 0.022395833333333334 0.37962962962962965 0.015885416666666666 0.37407407407407406 0.01328125 0.35324074074074074 0.017708333333333333 0.31296296296296294 0.02265625 0.28888888888888886 0.026041666666666668 0.2828703703703704 0.036458333333333336 0.28055555555555556
0 0.9364583333333333 0.5578703703703703 0.9424479166666667 0.5657407407407408 0.9447916666666667 0.5777777777777777 0.946875 0.6078703703703704 0.9471354166666667 0.6555555555555556 0.9466145833333334 0.6680555555555555 0.9442708333333333 0.6763888888888889 0.9359375 0.6810185185185185 0.9247395833333333 0.6791666666666667 0.9213541666666667 0.6754629629629629 0.9190104166666667 0.6675925925925926 0.9171875 0.6300925925925925 0.9182291666666667 0.6194444444444445 0.915625 0.6023148148148149 0.9145833333333333 0.5708333333333333 0.91640625 0.5638888888888889 0.921875 0.5578703703703703 0.9361979166666666 0.5578703703703703
0 0.5856770833333333 0.6962962962962963 0.5924479166666666 0.700462962962963 0.5953125 0.7087962962962963 0.5919270833333333 0.7546296296296297 0.59296875 0.8037037037037037 0.5893229166666667 0.8208333333333333 0.5794270833333334 0.825 0.5708333333333333 0.8236111111111111 0.5661458333333333 0.8143518518518519 0.5669270833333333 0.7814814814814814 0.5653645833333333 0.7652777777777777 0.5684895833333333 0.7129629629629629 0.57109375 0.6990740740740741 0.57578125 0.6953703703703704 0.5854166666666667 0.6962962962962963
0 0.7049479166666667 0.562962962962963 0.7119791666666667 0.5675925925925925 0.7143229166666667 0.5842592592592593 0.7140625 0.6236111111111111 0.71328125 0.6296296296296297 0.7104166666666667 0.6310185185185185 0.6919270833333333 0.6305555555555555 0.6893229166666667 0.625462962962963 0.69140625 0.6092592592592593 0.6901041666666666 0.5671296296296297 0.6924479166666667 0.5638888888888889 0.7046875 0.562962962962963
0 0.7028645833333333 0.6893518518518519 0.7091145833333333 0.6962962962962963 0.7111979166666667 0.7087962962962963 0.71015625 0.8023148148148148 0.7052083333333333 0.8078703703703703 0.6888020833333334 0.8069444444444445 0.6841145833333333 0.8041666666666667 0.68125 0.7981481481481482 0.6848958333333334 0.6958333333333333 0.68984375 0.6888888888888889 0.7026041666666667 0.6893518518518519
0 0.7346354166666667 0.6986111111111111 0.74140625 0.700462962962963 0.7450520833333333 0.7083333333333334 0.7489583333333333 0.7546296296296297 0.7484375 0.7893518518518519 0.7447916666666666 0.7949074074074074 0.7372395833333333 0.7972222222222223 0.72734375 0.7967592592592593 0.7236979166666667 0.7925925925925926 0.7190104166666667 0.7101851851851851 0.7192708333333333 0.7060185185185185 0.7236979166666667 0.700925925925926 0.734375 0.6986111111111111
0 0.853125 0.14074074074074075 0.8565104166666667 0.1439814814814815 0.8575520833333333 0.1527777777777778 0.8575520833333333 0.22268518518518518 0.8549479166666667 0.23472222222222222 0.8466145833333333 0.2388888888888889 0.8359375 0.2375 0.8317708333333333 0.23055555555555557 0.8330729166666667 0.18703703703703703 0.83203125 0.1537037037037037 0.8333333333333334 0.1439814814814815 0.8354166666666667 0.1412037037037037 0.8528645833333334 0.14074074074074075
0 0.70390625 0.1300925925925926 0.70703125 0.13240740740740742 0.7091145833333333 0.13935185185185187 0.71015625 0.21203703703703702 0.7067708333333333 0.22361111111111112 0.7005208333333334 0.2273148148148148 0.68984375 0.22685185185185186 0.6854166666666667 0.22083333333333333 0.6854166666666667 0.13796296296296295 0.6872395833333333 0.13240740740740742 0.6919270833333333 0.12962962962962962 0.7036458333333333 0.1300925925925926
0 0.665625 0.27361111111111114 0.6708333333333333 0.2791666666666667 0.671875 0.2851851851851852 0.6703125 0.35509259259259257 0.6684895833333333 0.35833333333333334 0.6549479166666666 0.36064814814814816 0.64765625 0.35833333333333334 0.6453125 0.35138888888888886 0.646875 0.2824074074074074 0.6518229166666667 0.2726851851851852 0.6653645833333334 0.27361111111111114
0 0.5466145833333333 0.5407407407407407 0.5591145833333333 0.5462962962962963 0.5598958333333334 0.5662037037037037 0.5575520833333333 0.6486111111111111 0.5536458333333333 0.6569444444444444 0.5484375 0.6592592592592592 0.5338541666666666 0.6550925925925926 0.53125 0.6435185185185185 0.5341145833333333 0.5699074074074074 0.5333333333333333 0.5462962962962963 0.5369791666666667 0.5416666666666666 0.5463541666666667 0.5407407407407407
0 0.6268229166666667 0.2439814814814815 0.6338541666666667 0.24722222222222223 0.6372395833333333 0.25462962962962965 0.6388020833333333 0.32222222222222224 0.6369791666666667 0.3490740740740741 0.6278645833333333 0.35648148148148145 0.6140625 0.35324074074074074 0.61171875 0.3472222222222222 0.6109375 0.3333333333333333 0.6109375 0.25416666666666665 0.6158854166666666 0.24583333333333332 0.6265625 0.2439814814814815
0 0.896875 0.5671296296296297 0.9018229166666667 0.5703703703703704 0.9046875 0.5777777777777777 0.9067708333333333 0.6472222222222223 0.9044270833333333 0.6652777777777777 0.9002604166666667 0.6731481481481482 0.8958333333333334 0.675 0.88359375 0.6736111111111112 0.8799479166666667 0.6680555555555555 0.8768229166666667 0.611574074074074 0.8783854166666667 0.5712962962962963 0.8838541666666667 0.5666666666666667 0.8966145833333333 0.5671296296296297
0 0.17135416666666667 0.37916666666666665 0.17994791666666668 0.38333333333333336 0.18255208333333334 0.3939814814814815 0.17578125 0.449537037037037 0.16848958333333333 0.48148148148148145 0.16510416666666666 0.48518518518518516 0.15 0.4810185185185185 0.14713541666666666 0.47453703703703703 0.14739583333333334 0.45787037037037037 0.15833333333333333 0.3875 0.16276041666666666 0.37962962962962965 0.17109375 0.37916666666666665
0 0.6611979166666667 0.9787037037037037 0.6669270833333333 0.9847222222222223 0.6713541666666667 0.999537037037037 0.6427083333333333 0.999537037037037 0.64375 0.9884259259259259 0.6471354166666666 0.9824074074074074 0.6609375 0.9787037037037037
0 0.8526041666666667 0.25416666666666665 0.8575520833333333 0.2587962962962963 0.86171875 0.27361111111111114 0.8651041666666667 0.3435185185185185 0.8625 0.3574074074074074 0.8510416666666667 0.36018518518518516 0.8427083333333333 0.3592592592592593 0.8385416666666666 0.35555555555555557 0.8338541666666667 0.27314814814814814 0.8346354166666666 0.2638888888888889 0.83828125 0.2564814814814815 0.85234375 0.25416666666666665
0 0.6244791666666667 0.11064814814814815 0.6302083333333334 0.11342592592592593 0.6341145833333334 0.12037037037037036 0.6372395833333333 0.16157407407407406 0.6348958333333333 0.21388888888888888 0.63125 0.22083333333333333 0.6239583333333333 0.22453703703703703 0.6114583333333333 0.22083333333333333 0.6083333333333333 0.19814814814814816 0.6104166666666667 0.12314814814814815 0.6161458333333333 0.11296296296296296 0.62421875 0.11064814814814815
0 0.96015625 0.25462962962962965 0.9669270833333333 0.2569444444444444 0.9723958333333333 0.2638888888888889 0.9760416666666667 0.29305555555555557 0.9739583333333334 0.35694444444444445 0.9705729166666667 0.3638888888888889 0.9645833333333333 0.3675925925925926 0.9489583333333333 0.3638888888888889 0.94296875 0.3476851851851852 0.9453125 0.3087962962962963 0.9450520833333333 0.2898148148148148 0.9432291666666667 0.2824074074074074 0.9442708333333333 0.26990740740740743 0.95 0.25787037037037036 0.9598958333333333 0.25462962962962965
0 0.78359375 0.6884259259259259 0.7880208333333333 0.6925925925925925 0.78984375 0.7064814814814815 0.7916666666666666 0.7865740740740741 0.78984375 0.8 0.78671875 0.8064814814814815 0.7809895833333333 0.8106481481481481 0.7684895833333333 0.8078703703703703 0.7630208333333334 0.7967592592592593 0.7619791666666667 0.7074074074074074 0.765625 0.6902777777777778 0.7833333333333333 0.6884259259259259
0 0.6205729166666667 0.42314814814814816 0.6341145833333334 0.4425925925925926 0.6606770833333333 0.49907407407407406 0.6611979166666667 0.5055555555555555 0.6583333333333333 0.5157407407407407 0.6473958333333333 0.5300925925925926 0.640625 0.5263888888888889 0.6338541666666667 0.5157407407407407 0.628125 0.49953703703703706 0.6161458333333333 0.4810185185185185 0.6138020833333333 0.4726851851851852 0.60390625 0.4550925925925926 0.6028645833333334 0.44583333333333336 0.6057291666666667 0.4361111111111111 0.6130208333333333 0.425462962962963 0.6203125 0.42314814814814816
0 0.6666666666666666 0.7018518518518518 0.6708333333333333 0.7046296296296296 0.6729166666666667 0.7111111111111111 0.6721354166666667 0.7870370370370371 0.6692708333333334 0.8064814814814815 0.6619791666666667 0.8152777777777778 0.65078125 0.8143518518518519 0.6458333333333334 0.8087962962962963 0.6442708333333333 0.8009259259259259 0.6458333333333334 0.7689814814814815 0.64453125 0.7550925925925925 0.64609375 0.7162037037037037 0.6486979166666667 0.7032407407407407 0.6510416666666666 0.700925925925926 0.66640625 0.7018518518518518
0 0.8145833333333333 0.5555555555555556 0.8190104166666666 0.5578703703703703 0.8223958333333333 0.5638888888888889 0.82578125 0.6203703703703703 0.8244791666666667 0.6601851851851852 0.82109375 0.6657407407407407 0.8140625 0.6675925925925926 0.8036458333333333 0.6666666666666666 0.7986979166666667 0.6615740740740741 0.7966145833333333 0.5712962962962963 0.8 0.5578703703703703 0.8143229166666667 0.5555555555555556
0 0.734375 0.09675925925925925 0.7447916666666666 0.10046296296296296 0.7489583333333333 0.11203703703703703 0.7489583333333333 0.15925925925925927 0.7458333333333333 0.21203703703703702 0.7411458333333333 0.2175925925925926 0.73046875 0.21944444444444444 0.7236979166666667 0.21712962962962962 0.71953125 0.2101851851851852 0.71875 0.19583333333333333 0.7208333333333333 0.17685185185185184 0.7221354166666667 0.11296296296296296 0.72578125 0.10185185185185185 0.7341145833333333 0.09722222222222222
0 0.8106770833333333 0.24351851851851852 0.8174479166666667 0.2449074074074074 0.821875 0.2513888888888889 0.8244791666666667 0.2962962962962963 0.82265625 0.3282407407407407 0.81796875 0.33240740740740743 0.8098958333333334 0.33287037037037037 0.8033854166666666 0.33194444444444443 0.8005208333333333 0.3277777777777778 0.7994791666666666 0.25277777777777777 0.8033854166666666 0.24537037037037038 0.8104166666666667 0.2439814814814815
0 0.778125 0.24166666666666667 0.7859375 0.24814814814814815 0.78984375 0.2611111111111111 0.78984375 0.3416666666666667 0.7869791666666667 0.3509259259259259 0.78125 0.35324074074074074 0.76953125 0.3527777777777778 0.7658854166666667 0.34953703703703703 0.7635416666666667 0.3402777777777778 0.7622395833333333 0.3199074074074074 0.7622395833333333 0.25462962962962965 0.7640625 0.24814814814814815 0.76875 0.24259259259259258 0.7778645833333333 0.24166666666666667
0 0.7731770833333333 0.12546296296296297 0.7828125 0.12962962962962962 0.7854166666666667 0.17592592592592593 0.7833333333333333 0.22037037037037038 0.77265625 0.22962962962962963 0.7643229166666666 0.22453703703703703 0.7643229166666666 0.21944444444444444 0.7578125 0.21203703703703702 0.7567708333333333 0.14027777777777778 0.7583333333333333 0.13055555555555556 0.7611979166666667 0.12685185185185185 0.7729166666666667 0.12546296296296297
0 0.57421875 0.8532407407407407 0.5786458333333333 0.8555555555555555 0.5807291666666666 0.8652777777777778 0.5799479166666667 0.8912037037037037 0.5778645833333333 0.8986111111111111 0.5364583333333334 0.9050925925925926 0.52265625 0.9046296296296297 0.515625 0.9 0.5127604166666667 0.8777777777777778 0.51328125 0.8662037037037037 0.5153645833333333 0.8601851851851852 0.5236979166666667 0.8550925925925926 0.5739583333333333 0.8532407407407407
0 0.8145833333333333 0.6930555555555555 0.82109375 0.6962962962962963 0.82421875 0.7037037037037037 0.82578125 0.7444444444444445 0.8244791666666667 0.7925925925925926 0.82109375 0.8018518518518518 0.8145833333333333 0.8050925925925926 0.80390625 0.8018518518518518 0.8 0.7962962962962963 0.7971354166666667 0.7129629629629629 0.79765625 0.7027777777777777 0.8005208333333333 0.6962962962962963 0.80703125 0.6925925925925925 0.8143229166666667 0.6930555555555555