0 0.8903645833333333 0.1259259259259259 0.8947916666666667 0.1300925925925926 0.8958333333333334 0.1361111111111111 0.8989583333333333 0.1925925925925926 0.8984375 0.22175925925925927 0.8953125 0.23842592592592593 0.88515625 0.24212962962962964 0.8752604166666667 0.24074074074074073 0.8700520833333333 0.2263888888888889 0.8705729166666667 0.1935185185185185 0.8684895833333334 0.15092592592592594 0.87265625 0.12916666666666668 0.8799479166666667 0.125 0.8901041666666667 0.1259259259259259
0 0.8111979166666666 0.10416666666666667 0.8151041666666666 0.10648148148148148 0.8200520833333333 0.1162037037037037 0.8234375 0.15 0.8213541666666667 0.19583333333333333 0.81796875 0.20277777777777778 0.8106770833333333 0.20601851851851852 0.8005208333333333 0.2037037037037037 0.7958333333333333 0.19583333333333333 0.796875 0.16157407407407406 0.7940104166666667 0.12638888888888888 0.8002604166666667 0.10740740740740741 0.8109375 0.10416666666666667
0 0.6239583333333333 0.6847222222222222 0.63046875 0.687962962962963 0.6333333333333333 0.6962962962962963 0.6361979166666667 0.7671296296296296 0.6333333333333333 0.8046296296296296 0.6299479166666667 0.8125 0.621875 0.8148148148148148 0.6088541666666667 0.8111111111111111 0.6057291666666667 0.8037037037037037 0.60546875 0.7907407407407407 0.6091145833333333 0.6939814814814815 0.6130208333333333 0.687037037037037 0.6236979166666666 0.6847222222222222
0 0.7427083333333333 0.25601851851851853 0.7486979166666666 0.262037037037037 0.7515625 0.274537037037037 0.7536458333333333 0.34675925925925927 0.7515625 0.35694444444444445 0.74140625 0.36018518518518516 0.7333333333333333 0.3592592592592593 0.728125 0.35138888888888886 0.7265625 0.29212962962962963 0.7244791666666667 0.2722222222222222 0.73046875 0.25833333333333336 0.7424479166666667 0.25601851851851853
0 0.7010416666666667 0.2518518518518518 0.7072916666666667 0.25416666666666665 0.7104166666666667 0.2587962962962963 0.71171875 0.2898148148148148 0.7114583333333333 0.3490740740740741 0.7067708333333333 0.3560185185185185 0.7010416666666667 0.35694444444444445 0.6911458333333333 0.35509259259259257 0.6872395833333333 0.3486111111111111 0.6856770833333333 0.2851851851851852 0.6856770833333333 0.26666666666666666 0.6875 0.25601851851851853 0.6921875 0.2523148148148148 0.70078125 0.2518518518518518
0 0.96328125 0.125 0.9705729166666667 0.1300925925925926 0.9747395833333333 0.1398148148148148 0.97578125 0.20555555555555555 0.9744791666666667 0.22824074074074074 0.9697916666666667 0.23425925925925925 0.9635416666666666 0.2361111111111111 0.9528645833333333 0.2324074074074074 0.9481770833333333 0.22314814814814815 0.9463541666666667 0.18935185185185185 0.9473958333333333 0.16296296296296298 0.9455729166666667 0.15555555555555556 0.9466145833333334 0.14074074074074075 0.9505208333333334 0.12962962962962962 0.9559895833333333 0.125 0.9630208333333333 0.125
0 0.8513020833333333 0.13518518518518519 0.8565104166666667 0.1375 0.859375 0.14583333333333334 0.8588541666666667 0.2199074074074074 0.8544270833333333 0.2310185185185185 0.8466145833333333 0.23425925925925925 0.8369791666666667 0.2324074074074074 0.8328125 0.2263888888888889 0.8325520833333333 0.14814814814814814 0.8354166666666667 0.1361111111111111 0.8510416666666667 0.13518518518518519
0 0.8096354166666667 0.55 0.821875 0.5550925925925926 0.8252604166666667 0.5787037037037037 0.8255208333333334 0.6527777777777778 0.82265625 0.6592592592592592 0.8153645833333333 0.6625 0.8028645833333333 0.6606481481481481 0.7997395833333333 0.6574074074074074 0.7984375 0.6509259259259259 0.7994791666666666 0.6171296296296296 0.7973958333333333 0.5666666666666667 0.8 0.5527777777777778 0.809375 0.55
0 0.8627604166666667 0.6935185185185185 0.8682291666666667 0.6990740740740741 0.87109375 0.7097222222222223 0.8734375 0.7601851851851852 0.8731770833333333 0.8041666666666667 0.8700520833333333 0.8106481481481481 0.8645833333333334 0.812962962962963 0.85234375 0.8125 0.846875 0.8069444444444445 0.8440104166666667 0.7912037037037037 0.84453125 0.7402777777777778 0.8419270833333333 0.7212962962962963 0.8419270833333333 0.7087962962962963 0.846875 0.6962962962962963 0.85234375 0.6925925925925925 0.8625 0.6935185185185185
0 0.5479166666666667 0.5356481481481481 0.5567708333333333 0.537962962962963 0.5596354166666667 0.5425925925925926 0.5578125 0.600925925925926 0.559375 0.6157407407407407 0.55859375 0.6347222222222222 0.55625 0.65 0.5497395833333333 0.6541666666666667 0.5359375 0.6513888888888889 0.5317708333333333 0.6416666666666667 0.5348958333333333 0.5398148148148149 0.5390625 0.5361111111111111 0.54765625 0.5356481481481481
0 0.6309895833333333 0.10787037037037037 0.6346354166666667 0.11296296296296296 0.6369791666666667 0.13148148148148148 0.63828125 0.1550925925925926 0.6369791666666667 0.20324074074074075 0.6333333333333333 0.21435185185185185 0.62578125 0.21898148148148147 0.615625 0.2175925925925926 0.6106770833333334 0.20879629629629629 0.6109375 0.12175925925925926 0.6122395833333333 0.11388888888888889 0.6166666666666667 0.10787037037037037 0.6213541666666667 0.10555555555555556 0.6307291666666667 0.10787037037037037
0 0.6252604166666667 0.5430555555555555 0.6299479166666667 0.5472222222222223 0.63203125 0.5555555555555556 0.63515625 0.6435185185185185 0.6341145833333334 0.6513888888888889 0.6302083333333334 0.6587962962962963 0.6244791666666667 0.6615740740740741 0.6122395833333333 0.6601851851851852 0.6072916666666667 0.6509259259259259 0.6044270833333333 0.5560185185185185 0.6057291666666667 0.549074074074074 0.6091145833333333 0.5444444444444444 0.625 0.5430555555555555
0 0.89765625 0.562037037037037 0.9046875 0.5671296296296297 0.9057291666666667 0.5708333333333333 0.9078125 0.6467592592592593 0.9052083333333333 0.663425925925926 0.90078125 0.6694444444444444 0.8950520833333333 0.6708333333333333 0.8833333333333333 0.6689814814814815 0.8799479166666667 0.6620370370370371 0.87890625 0.575462962962963 0.8807291666666667 0.5638888888888889 0.8973958333333333 0.562037037037037
0 0.66640625 0.12361111111111112 0.6716145833333333 0.12638888888888888 0.6744791666666666 0.1361111111111111 0.6752604166666667 0.2101851851851852 0.6739583333333333 0.22685185185185186 0.6630208333333333 0.23796296296296296 0.6552083333333333 0.2375 0.6479166666666667 0.23148148148148148 0.64609375 0.22407407407407406 0.64609375 0.20972222222222223 0.65078125 0.13287037037037036 0.6544270833333333 0.125 0.6661458333333333 0.12361111111111112
0 0.7765625 0.5513888888888889 0.7869791666666667 0.5574074074074075 0.78984375 0.5810185185185185 0.7901041666666667 0.649537037037037 0.7880208333333333 0.6550925925925926 0.7796875 0.6592592592592592 0.7690104166666667 0.6574074074074074 0.7653645833333333 0.6504629629629629 0.7619791666666667 0.5861111111111111 0.7627604166666667 0.5606481481481481 0.76796875 0.5537037037037037 0.7763020833333333 0.5513888888888889
0 0.5901041666666667 0.12175925925925926 0.5966145833333333 0.12407407407407407 0.5997395833333333 0.1300925925925926 0.5994791666666667 0.2175925925925926 0.5932291666666667 0.23148148148148148 0.5854166666666667 0.23472222222222222 0.5778645833333333 0.2310185185185185 0.5723958333333333 0.21898148148148147 0.5744791666666667 0.13518518518518519 0.5778645833333333 0.12361111111111112 0.58984375 0.12175925925925926
0 0.85859375 0.5546296296296296 0.8671875 0.5587962962962963 0.8690104166666667 0.5712962962962963 0.86640625 0.6578703703703703 0.8635416666666667 0.6708333333333333 0.8578125 0.6768518518518518 0.8416666666666667 0.6731481481481482 0.83828125 0.6648148148148149 0.8377604166666667 0.6527777777777778 0.8419270833333333 0.5722222222222222 0.8479166666666667 0.5550925925925926 0.8583333333333333 0.5546296296296296
0 0.5854166666666667 0.6907407407407408 0.5927083333333333 0.6944444444444444 0.5953125 0.7 0.5966145833333333 0.7240740740740741 0.59296875 0.763425925925926 0.59453125 0.7833333333333333 0.5927083333333333 0.8050925925925926 0.5893229166666667 0.8157407407407408 0.5817708333333333 0.8194444444444444 0.571875 0.8175925925925925 0.5669270833333333 0.8111111111111111 0.5658854166666667 0.799074074074074 0.56796875 0.7791666666666667 0.56640625 0.7657407407407407 0.5692708333333333 0.7449074074074075 0.5690104166666666 0.711574074074074 0.5708333333333333 0.6967592592592593 0.5752604166666667 0.6912037037037037 0.58515625 0.6907407407407408
0 0.703125 0.6842592592592592 0.7104166666666667 0.6916666666666667 0.7125 0.7032407407407407 0.7109375 0.7921296296296296 0.7088541666666667 0.8004629629629629 0.7033854166666667 0.8027777777777778 0.6872395833333333 0.8009259259259259 0.6817708333333333 0.7916666666666666 0.68515625 0.6916666666666667 0.68984375 0.6842592592592592 0.7028645833333333 0.6842592592592592
0 0.73671875 0.6939814814814815 0.7427083333333333 0.6967592592592593 0.74609375 0.7055555555555556 0.7497395833333333 0.7833333333333333 0.7450520833333333 0.7907407407407407 0.7315104166666667 0.7921296296296296 0.7263020833333333 0.7907407407407407 0.7239583333333334 0.7837962962962963 0.7223958333333333 0.75 0.7192708333333333 0.7273148148148149 0.71953125 0.7064814814814815 0.7208333333333333 0.7 0.7236979166666667 0.6967592592592593 0.7364583333333333 0.6939814814814815
0 0.54765625 0.6782407407407407 0.5536458333333333 0.6861111111111111 0.5546875 0.6949074074074074 0.5552083333333333 0.7657407407407407 0.5536458333333333 0.7861111111111111 0.55 0.7925925925925926 0.54375 0.7962962962962963 0.53203125 0.7935185185185185 0.5283854166666667 0.7865740740740741 0.5263020833333333 0.7550925925925925 0.5265625 0.6925925925925925 0.5278645833333333 0.6847222222222222 0.5328125 0.6787037037037037 0.5473958333333333 0.6782407407407407
0 0.6291666666666667 0.23935185185185184 0.63515625 0.24305555555555555 0.63828125 0.2523148148148148 0.6393229166666666 0.325 0.6375 0.3449074074074074 0.6276041666666666 0.35138888888888886 0.6161458333333333 0.35 0.6122395833333333 0.34444444444444444 0.6111979166666667 0.27546296296296297 0.6127604166666667 0.24537037037037038 0.61953125 0.23935185185185184 0.62890625 0.23935185185185184
0 0.9997395833333333 0.06759259259259259 0.9997395833333333 0.16898148148148148 0.9947916666666666 0.1675925925925926 0.9934895833333334 0.16111111111111112 0.9940104166666667 0.1398148148148148 0.9901041666666667 0.11666666666666667 0.9893229166666667 0.09027777777777778 0.99140625 0.07453703703703704 0.9994791666666667 0.06759259259259259
0 0.6598958333333333 0.2662037037037037 0.6669270833333333 0.2675925925925926 0.6708333333333333 0.2722222222222222 0.6729166666666667 0.29212962962962963 0.6708333333333333 0.34814814814814815 0.6682291666666667 0.3527777777777778 0.6614583333333334 0.3541666666666667 0.65 0.35324074074074074 0.6466145833333333 0.34675925925925927 0.6481770833333333 0.325 0.64765625 0.27546296296296297 0.6513020833333333 0.2675925925925926 0.6596354166666667 0.2662037037037037
0 0.7760416666666666 0.11990740740740741 0.7822916666666667 0.12314814814814815 0.7838541666666666 0.12777777777777777 0.7859375 0.2 0.7830729166666667 0.21712962962962962 0.7794270833333333 0.22175925925925927 0.77265625 0.22407407407407406 0.76328125 0.22083333333333333 0.7625 0.21388888888888888 0.7580729166666667 0.21064814814814814 0.75703125 0.13703703703703704 0.7611979166666667 0.12222222222222222 0.77578125 0.11990740740740741
0 0.5921875 0.24351851851851852 0.5981770833333333 0.24583333333333332 0.6 0.25046296296296294 0.5997395833333333 0.29305555555555557 0.6018229166666667 0.32407407407407407 0.6013020833333333 0.35555555555555557 0.5986979166666667 0.362962962962963 0.5921875 0.3685185185185185 0.5807291666666666 0.3680555555555556 0.57421875 0.36018518518518516 0.5729166666666666 0.3175925925925926 0.57578125 0.2513888888888889 0.5799479166666667 0.24444444444444444 0.5919270833333333 0.24351851851851852
0 0.7908854166666667 0.4041666666666667 0.8315104166666667 0.4097222222222222 0.840625 0.41435185185185186 0.84296875 0.4287037037037037 0.8421875 0.4486111111111111 0.8395833333333333 0.4546296296296296 0.8333333333333334 0.4583333333333333 0.7838541666666666 0.45231481481481484 0.77578125 0.44675925925925924 0.7723958333333333 0.43425925925925923 0.7723958333333333 0.4236111111111111 0.7747395833333334 0.412962962962963 0.7794270833333333 0.4060185185185185 0.790625 0.4041666666666667
0 0.93515625 0.5513888888888889 0.940625 0.5546296296296296 0.9447916666666667 0.5638888888888889 0.9479166666666666 0.6046296296296296 0.9481770833333333 0.6620370370370371 0.9442708333333333 0.6731481481481482 0.9380208333333333 0.6759259259259259 0.928125 0.675 0.9216145833333333 0.6685185185185185 0.9182291666666667 0.6481481481481481 0.9169270833333333 0.6175925925925926 0.9166666666666666 0.5611111111111111 0.921875 0.5532407407407407 0.9348958333333334 0.5513888888888889
0 0.9260416666666667 0.40879629629629627 0.9328125 0.4111111111111111 0.9638020833333333 0.4351851851851852 0.9770833333333333 0.45 0.97578125 0.47314814814814815 0.9677083333333333 0.487962962962963 0.9630208333333333 0.487962962962963 0.9390625 0.47129629629629627 0.9130208333333333 0.44907407407407407 0.9111979166666667 0.4393518518518518 0.9135416666666667 0.42453703703703705 0.91953125 0.4115740740740741 0.92578125 0.40879629629629627
0 0.36744791666666665 0.950462962962963 0.3731770833333333 0.9555555555555556 0.375 0.9652777777777778 0.37395833333333334 0.999537037037037 0.34817708333333336 0.999537037037037 0.34765625 0.975 0.35078125 0.9555555555555556 0.35572916666666665 0.950925925925926 0.3671875 0.950462962962963
0 0.66171875 0.9875 0.66796875 0.9912037037037037 0.6716145833333333 0.999537037037037 0.6466145833333333 0.999537037037037 0.6513020833333333 0.9902777777777778 0.6614583333333334 0.9875
0 0.8526041666666667 0.24861111111111112 0.85859375 0.2537037037037037 0.8625 0.26481481481481484 0.8661458333333333 0.3402777777777778 0.8627604166666667 0.35324074074074074 0.8505208333333333 0.35555555555555557 0.8419270833333333 0.3537037037037037 0.83984375 0.34814814814814815 0.8346354166666666 0.26342592592592595 0.83515625 0.2587962962962963 0.8408854166666667 0.25092592592592594 0.85234375 0.24861111111111112
0 0.7763020833333333 0.2361111111111111 0.7864583333333334 0.24259259259259258 0.7901041666666667 0.25601851851851853 0.78984375 0.337037037037037 0.7872395833333333 0.34444444444444444 0.7809895833333333 0.3476851851851852 0.7677083333333333 0.3453703703703704 0.7651041666666667 0.3416666666666667 0.7635416666666667 0.3282407407407407 0.76328125 0.25092592592592594 0.7669270833333334 0.24074074074074073 0.7760416666666666 0.2361111111111111
0 0.73984375 0.538425925925926 0.7481770833333333 0.5421296296296296 0.75 0.5462962962962963 0.75 0.5921296296296297 0.7518229166666667 0.6037037037037037 0.74921875 0.6365740740740741 0.74609375 0.6416666666666667 0.7403645833333333 0.6444444444444445 0.7317708333333334 0.6439814814814815 0.7260416666666667 0.638425925925926 0.7244791666666667 0.600925925925926 0.7263020833333333 0.5439814814814815 0.73125 0.5393518518518519 0.7395833333333334 0.538425925925926
0 0.6822916666666666 0.38055555555555554 0.6859375 0.3837962962962963 0.6890625 0.39351851851851855 0.70546875 0.46296296296296297 0.7052083333333333 0.4736111111111111 0.7028645833333333 0.4810185185185185 0.6901041666666666 0.4898148148148148 0.6841145833333333 0.487962962962963 0.67890625 0.47685185185185186 0.6682291666666667 0.43657407407407406 0.6622395833333333 0.4050925925925926 0.6619791666666667 0.3976851851851852 0.6661458333333333 0.387037037037037 0.6721354166666667 0.3824074074074074 0.68203125 0.38055555555555554
0 0.9635416666666666 0.25 0.9708333333333333 0.2537037037037037 0.97421875 0.25972222222222224 0.9763020833333333 0.2884259259259259 0.9747395833333333 0.3523148148148148 0.971875 0.3592592592592593 0.9635416666666666 0.36342592592592593 0.95078125 0.3587962962962963 0.9442708333333333 0.3453703703703704 0.9458333333333333 0.3236111111111111 0.9450520833333333 0.2689814814814815 0.9505208333333334 0.2537037037037037 0.96328125 0.25
0 0.6638020833333333 0.6958333333333333 0.6716145833333333 0.6990740740740741 0.6734375 0.7037037037037037 0.6739583333333333 0.7550925925925925 0.67265625 0.7898148148148149 0.6692708333333334 0.8032407407407407 0.6627604166666666 0.8111111111111111 0.6536458333333334 0.8101851851851852 0.6466145833333333 0.8041666666666667 0.6455729166666667 0.7444444444444445 0.6466145833333333 0.712037037037037 0.6489583333333333 0.6990740740740741 0.6526041666666667 0.6953703703703704 0.6635416666666667 0.6958333333333333
0 0.7028645833333333 0.5569444444444445 0.7114583333333333 0.5597222222222222 0.7135416666666666 0.5648148148148148 0.7140625 0.6236111111111111 0.6942708333333333 0.625462962962963 0.6908854166666667 0.6217592592592592 0.6919270833333333 0.587037037037037 0.690625 0.5638888888888889 0.6932291666666667 0.5592592592592592 0.7026041666666667 0.5574074074074075
0 0.78046875 0.6828703703703703 0.78671875 0.6861111111111111 0.7903645833333334 0.6986111111111111 0.7924479166666667 0.7800925925925926 0.7903645833333334 0.7962962962962963 0.7864583333333334 0.8027777777777778 0.7807291666666667 0.8055555555555556 0.771875 0.8041666666666667 0.765625 0.7972222222222223 0.76328125 0.763425925925926 0.7625 0.7083333333333334 0.7653645833333333 0.6856481481481481 0.7802083333333333 0.6828703703703703
0 0.7 0.12407407407407407 0.7078125 0.12638888888888888 0.71015625 0.13194444444444445 0.7111979166666667 0.18611111111111112 0.71015625 0.21388888888888888 0.7057291666666666 0.22037037037037038 0.6997395833333333 0.2222222222222222 0.6888020833333334 0.22037037037037038 0.68515625 0.20694444444444443 0.6859375 0.1337962962962963 0.6888020833333334 0.12731481481481483 0.6997395833333333 0.12407407407407407
0 0.8184895833333333 0.23981481481481481 0.821875 0.24444444444444444 0.8244791666666667 0.2611111111111111 0.8252604166666667 0.31851851851851853 0.82265625 0.32546296296296295 0.8125 0.3277777777777778 0.8036458333333333 0.32592592592592595 0.8010416666666667 0.32083333333333336 0.8018229166666667 0.2847222222222222 0.7989583333333333 0.2550925925925926 0.8002604166666667 0.24537037037037038 0.8033854166666666 0.24074074074074073 0.8182291666666667 0.23981481481481481
0 0.89921875 0.25787037037037036 0.9078125 0.26666666666666666 0.9143229166666667 0.3 0.9119791666666667 0.31203703703703706 0.91328125 0.3384259259259259 0.9122395833333333 0.3611111111111111 0.9078125 0.3680555555555556 0.9005208333333333 0.37037037037037035 0.8901041666666667 0.36898148148148147 0.8833333333333333 0.362962962962963 0.88125 0.3574074074074074 0.8809895833333333 0.3486111111111111 0.8830729166666667 0.3416666666666667 0.8828125 0.3050925925925926 0.8786458333333333 0.2884259259259259 0.8802083333333334 0.2740740740740741 0.8841145833333334 0.26296296296296295 0.8908854166666667 0.25787037037037036 0.8989583333333333 0.25787037037037036
0 0.8153645833333333 0.6884259259259259 0.82109375 0.6907407407407408 0.82578125 0.6995370370370371 0.8268229166666666 0.7620370370370371 0.8247395833333333 0.7925925925925926 0.8208333333333333 0.7976851851851852 0.8145833333333333 0.8 0.8057291666666667 0.7976851851851852 0.8018229166666667 0.7935185185185185 0.7986979166666667 0.7777777777777778 0.7984375 0.7472222222222222 0.7994791666666666 0.6953703703703704 0.8057291666666667 0.6888888888888889 0.8151041666666666 0.6884259259259259