0 0.8875 0.1259259259259259 0.8942708333333333 0.12962962962962962 0.8955729166666667 0.13564814814814816 0.8989583333333333 0.19814814814814816 0.89609375 0.23657407407407408 0.88828125 0.24259259259259258 0.8763020833333334 0.24212962962962964 0.8713541666666667 0.23564814814814813 0.8692708333333333 0.22546296296296298 0.8700520833333333 0.19583333333333333 0.8682291666666667 0.1736111111111111 0.8682291666666667 0.15138888888888888 0.87109375 0.13240740740740742 0.8776041666666666 0.12638888888888888 0.8872395833333333 0.1259259259259259
0 0.8080729166666667 0.10462962962962963 0.8138020833333334 0.10601851851851851 0.8190104166666666 0.11342592592592593 0.8236979166666667 0.1574074074074074 0.8200520833333333 0.19814814814814816 0.81796875 0.20324074074074075 0.8111979166666666 0.2064814814814815 0.7997395833333333 0.20416666666666666 0.79453125 0.1935185185185185 0.7971354166666667 0.17962962962962964 0.7942708333333334 0.1259259259259259 0.8005208333333333 0.10787037037037037 0.8078125 0.10462962962962963
0 0.6265625 0.6865740740740741 0.6307291666666667 0.6893518518518519 0.6328125 0.6958333333333333 0.6359375 0.7560185185185185 0.6330729166666667 0.8037037037037037 0.6299479166666667 0.812962962962963 0.62109375 0.8152777777777778 0.60859375 0.812037037037037 0.6049479166666667 0.8037037037037037 0.6052083333333333 0.7689814814814815 0.6072916666666667 0.7583333333333333 0.60703125 0.7101851851851851 0.609375 0.6925925925925925 0.6114583333333333 0.6888888888888889 0.6263020833333334 0.6865740740740741
0 0.7778645833333333 0.5523148148148148 0.7825520833333334 0.5537037037037037 0.7872395833333333 0.5601851851851852 0.7903645833333334 0.6148148148148148 0.78984375 0.65 0.78828125 0.6550925925925926 0.7796875 0.6601851851851852 0.7690104166666667 0.6583333333333333 0.76484375 0.65 0.76171875 0.5916666666666667 0.76328125 0.5592592592592592 0.7692708333333333 0.5537037037037037 0.7776041666666667 0.5523148148148148
0 0.7421875 0.2564814814814815 0.74765625 0.26157407407407407 0.7497395833333333 0.26851851851851855 0.7518229166666667 0.28564814814814815 0.7515625 0.3212962962962963 0.7533854166666667 0.3435185185185185 0.7515625 0.3578703703703704 0.74296875 0.3611111111111111 0.7325520833333333 0.3597222222222222 0.7276041666666667 0.35185185185185186 0.7247395833333333 0.2796296296296296 0.7247395833333333 0.2722222222222222 0.7299479166666667 0.25972222222222224 0.7419270833333333 0.2564814814814815
0 0.7044270833333334 0.2537037037037037 0.7096354166666666 0.25833333333333336 0.7109375 0.26296296296296295 0.7111979166666667 0.34953703703703703 0.7072916666666667 0.3560185185185185 0.7005208333333334 0.3578703703703704 0.6895833333333333 0.35509259259259257 0.68671875 0.3486111111111111 0.6856770833333333 0.26296296296296295 0.6895833333333333 0.25416666666666665 0.7041666666666667 0.2537037037037037
0 0.9622395833333334 0.1259259259259259 0.9684895833333333 0.12962962962962962 0.9739583333333334 0.1388888888888889 0.9755208333333333 0.16666666666666666 0.9747395833333333 0.2273148148148148 0.9705729166666667 0.23425925925925925 0.9653645833333333 0.23657407407407408 0.9549479166666667 0.2351851851851852 0.9486979166666667 0.22777777777777777 0.9458333333333333 0.18888888888888888 0.9466145833333334 0.1648148148148148 0.9450520833333333 0.15185185185185185 0.9463541666666667 0.14027777777777778 0.9518229166666666 0.1287037037037037 0.9619791666666667 0.1259259259259259
0 0.8486979166666667 0.13564814814814816 0.8575520833333333 0.14027777777777778 0.8591145833333333 0.15833333333333333 0.8583333333333333 0.22037037037037038 0.8544270833333333 0.23148148148148148 0.8486979166666667 0.23472222222222222 0.83515625 0.2324074074074074 0.8317708333333333 0.22314814814814815 0.8330729166666667 0.14074074074074075 0.83828125 0.13564814814814816 0.8484375 0.13564814814814816
0 0.8145833333333333 0.5513888888888889 0.82109375 0.5550925925925926 0.8244791666666667 0.5685185185185185 0.8260416666666667 0.6185185185185185 0.8247395833333333 0.6564814814814814 0.8208333333333333 0.6615740740740741 0.8143229166666667 0.6638888888888889 0.8033854166666666 0.6625 0.7986979166666667 0.6555555555555556 0.7994791666666666 0.6180555555555556 0.796875 0.5773148148148148 0.7979166666666667 0.5601851851851852 0.8 0.5532407407407407 0.8143229166666667 0.5513888888888889
0 0.8567708333333334 0.6930555555555555 0.8674479166666667 0.6986111111111111 0.8716145833333333 0.7166666666666667 0.8729166666666667 0.8041666666666667 0.8703125 0.8111111111111111 0.8643229166666667 0.8138888888888889 0.8486979166666667 0.8111111111111111 0.8440104166666667 0.7967592592592593 0.8447916666666667 0.7430555555555556 0.8416666666666667 0.7226851851851852 0.8419270833333333 0.7083333333333334 0.8479166666666667 0.6958333333333333 0.8565104166666667 0.6930555555555555
0 0.026302083333333334 0.39166666666666666 0.03359375 0.3972222222222222 0.03567708333333333 0.4134259259259259 0.03177083333333333 0.42824074074074076 0.027604166666666666 0.48055555555555557 0.015364583333333333 0.49907407407407406 0.008333333333333333 0.4981481481481482 0 0.49074074074074076 0 0.46111111111111114 0.0018229166666666667 0.46064814814814814 0.0033854166666666668 0.4388888888888889 0.009895833333333333 0.3972222222222222 0.015364583333333333 0.39166666666666666 0.026041666666666668 0.39166666666666666
0 0.6244791666666667 0.5439814814814815 0.6299479166666667 0.5486111111111112 0.63203125 0.5597222222222222 0.6346354166666667 0.6462962962962963 0.6309895833333333 0.6583333333333333 0.6239583333333333 0.6625 0.6122395833333333 0.6615740740740741 0.6075520833333333 0.6541666666666667 0.6041666666666666 0.5574074074074075 0.6057291666666667 0.549074074074074 0.6091145833333333 0.5449074074074074 0.62421875 0.5439814814814815
0 0.89921875 0.5634259259259259 0.90546875 0.5708333333333333 0.9072916666666667 0.6513888888888889 0.9052083333333333 0.6648148148148149 0.8966145833333333 0.6717592592592593 0.884375 0.6708333333333333 0.8796875 0.6648148148148149 0.878125 0.6050925925925926 0.8794270833333333 0.5671296296296297 0.8864583333333333 0.5625 0.8989583333333333 0.5634259259259259
0 0.6671875 0.12453703703703704 0.6729166666666667 0.12916666666666668 0.675 0.14351851851851852 0.6752604166666667 0.22407407407407406 0.6723958333333333 0.23055555555555557 0.6614583333333334 0.2388888888888889 0.6546875 0.23796296296296296 0.6473958333333333 0.2310185185185185 0.6453125 0.22037037037037038 0.6455729166666667 0.20694444444444443 0.65078125 0.1310185185185185 0.6575520833333334 0.12407407407407407 0.6669270833333333 0.12453703703703704
0 0.58984375 0.12222222222222222 0.596875 0.125 0.5997395833333333 0.1310185185185185 0.6 0.20046296296296295 0.5989583333333334 0.2199074074074074 0.5966145833333333 0.22592592592592592 0.5927083333333333 0.23194444444444445 0.5848958333333333 0.2351851851851852 0.5768229166666666 0.23055555555555557 0.5716145833333334 0.21851851851851853 0.5736979166666667 0.1449074074074074 0.5744791666666667 0.1310185185185185 0.5768229166666666 0.125 0.5895833333333333 0.12222222222222222
0 0.8598958333333333 0.5560185185185185 0.8661458333333333 0.5587962962962963 0.8682291666666667 0.5643518518518519 0.8677083333333333 0.637962962962963 0.8645833333333334 0.6689814814814815 0.8609375 0.6763888888888889 0.85625 0.6782407407407407 0.84140625 0.6736111111111112 0.8377604166666667 0.6657407407407407 0.8375 0.6541666666666667 0.8395833333333333 0.6375 0.8419270833333333 0.5712962962962963 0.8450520833333334 0.5601851851851852 0.8484375 0.5555555555555556 0.8596354166666667 0.5560185185185185
0 0.5815104166666667 0.6912037037037037 0.5919270833333333 0.6944444444444444 0.5955729166666667 0.7023148148148148 0.5955729166666667 0.7171296296296297 0.59375 0.725 0.5932291666666667 0.8004629629629629 0.590625 0.8152777777777778 0.5848958333333333 0.8199074074074074 0.5713541666666667 0.8194444444444444 0.5661458333333333 0.8074074074074075 0.5658854166666667 0.7652777777777777 0.56953125 0.7037037037037037 0.5713541666666667 0.6949074074074074 0.58125 0.6916666666666667
0 0.703125 0.5578703703703703 0.7111979166666667 0.5606481481481481 0.7135416666666666 0.5680555555555555 0.7143229166666667 0.6217592592592592 0.7106770833333333 0.6263888888888889 0.6927083333333334 0.6259259259259259 0.6903645833333333 0.6212962962962963 0.6903645833333333 0.5638888888888889 0.6932291666666667 0.5597222222222222 0.7028645833333333 0.5578703703703703
0 0.703125 0.6851851851851852 0.71015625 0.6935185185185185 0.7119791666666667 0.7027777777777777 0.7106770833333333 0.7898148148148149 0.7091145833333333 0.8 0.70390625 0.8037037037037037 0.6861979166666666 0.8013888888888889 0.6815104166666667 0.7921296296296296 0.6848958333333334 0.6921296296296297 0.6903645833333333 0.6847222222222222 0.7028645833333333 0.6851851851851852
0 0.7364583333333333 0.6949074074074074 0.7424479166666667 0.6976851851851852 0.7455729166666667 0.7055555555555556 0.74921875 0.7708333333333334 0.7489583333333333 0.7870370370370371 0.7458333333333333 0.7912037037037037 0.7393229166666667 0.7930555555555555 0.7268229166666667 0.7921296296296296 0.7239583333333334 0.7870370370370371 0.7190104166666667 0.7287037037037037 0.7192708333333333 0.7069444444444445 0.7213541666666666 0.6995370370370371 0.7361979166666667 0.6949074074074074
0 0.36614583333333334 0.7486111111111111 0.3765625 0.7546296296296297 0.37994791666666666 0.7685185185185185 0.37552083333333336 0.8587962962962963 0.3729166666666667 0.8680555555555556 0.36666666666666664 0.8717592592592592 0.35234375 0.8671296296296296 0.3489583333333333 0.850925925925926 0.35390625 0.7625 0.3580729166666667 0.7513888888888889 0.3658854166666667 0.7486111111111111
0 0.54453125 0.6791666666666667 0.5502604166666667 0.6819444444444445 0.5536458333333333 0.6893518518518519 0.5549479166666667 0.7555555555555555 0.5533854166666666 0.7861111111111111 0.5497395833333333 0.7935185185185185 0.5440104166666667 0.7967592592592593 0.5330729166666667 0.7953703703703704 0.528125 0.788425925925926 0.5260416666666666 0.7560185185185185 0.5260416666666666 0.6976851851851852 0.52890625 0.6828703703703703 0.5361979166666667 0.6782407407407407 0.5442708333333334 0.6791666666666667
0 0.8122395833333333 0.6893518518518519 0.82421875 0.6958333333333333 0.8260416666666667 0.7134259259259259 0.8252604166666667 0.7902777777777777 0.82109375 0.7976851851851852 0.8158854166666667 0.8004629629629629 0.8072916666666666 0.799537037037037 0.8 0.7930555555555555 0.7984375 0.7768518518518519 0.79765625 0.6995370370370371 0.80234375 0.6916666666666667 0.8119791666666667 0.6893518518518519
0 0.66484375 0.2675925925925926 0.6697916666666667 0.2712962962962963 0.671875 0.2791666666666667 0.6708333333333333 0.3453703703703704 0.6684895833333333 0.3527777777777778 0.6552083333333333 0.35462962962962963 0.6473958333333333 0.3523148148148148 0.64609375 0.34629629629629627 0.6473958333333333 0.27685185185185185 0.6510416666666666 0.26805555555555555 0.6645833333333333 0.2675925925925926
0 0.7778645833333333 0.12129629629629629 0.78359375 0.12731481481481483 0.7859375 0.2 0.7833333333333333 0.21712962962962962 0.7729166666666667 0.22453703703703703 0.7643229166666666 0.22268518518518518 0.76171875 0.21388888888888888 0.7580729166666667 0.2101851851851852 0.7583333333333333 0.16574074074074074 0.7565104166666666 0.1361111111111111 0.75859375 0.12685185185185185 0.7622395833333333 0.12175925925925926 0.7776041666666667 0.12129629629629629
0 0.5924479166666666 0.24444444444444444 0.5986979166666667 0.24722222222222223 0.6 0.2537037037037037 0.60234375 0.2828703703703704 0.6015625 0.34953703703703703 0.6010416666666667 0.35648148148148145 0.59765625 0.36435185185185187 0.5888020833333333 0.36944444444444446 0.5783854166666667 0.3675925925925926 0.5734375 0.3592592592592593 0.5739583333333333 0.2638888888888889 0.5744791666666667 0.25462962962962965 0.5776041666666667 0.2462962962962963 0.5921875 0.24444444444444444
0 0.5510416666666667 0.5370370370370371 0.5591145833333333 0.5425925925925926 0.5596354166666667 0.5689814814814815 0.5575520833333333 0.6013888888888889 0.5580729166666667 0.637962962962963 0.5557291666666667 0.6504629629629629 0.5505208333333333 0.6546296296296297 0.534375 0.6509259259259259 0.5317708333333333 0.6439814814814815 0.5315104166666667 0.6333333333333333 0.5346354166666667 0.5398148148148149 0.540625 0.5361111111111111 0.55078125 0.5370370370370371
0 0.7885416666666667 0.4046296296296296 0.8234375 0.40925925925925927 0.8403645833333333 0.4148148148148148 0.8421875 0.41805555555555557 0.84296875 0.42916666666666664 0.8419270833333333 0.449537037037037 0.8390625 0.4550925925925926 0.8325520833333333 0.4587962962962963 0.7828125 0.4532407407407407 0.7760416666666666 0.4486111111111111 0.7723958333333333 0.4361111111111111 0.7731770833333333 0.4185185185185185 0.7776041666666667 0.4078703703703704 0.78828125 0.4046296296296296
0 0.6255208333333333 0.23935185185185184 0.6348958333333333 0.2439814814814815 0.63828125 0.2569444444444444 0.6369791666666667 0.2898148148148148 0.6390625 0.3226851851851852 0.63828125 0.3384259259259259 0.6348958333333333 0.3490740740740741 0.6276041666666666 0.3523148148148148 0.6166666666666667 0.3509259259259259 0.61328125 0.3476851851851852 0.6111979166666667 0.3282407407407407 0.61171875 0.2513888888888889 0.6151041666666667 0.24305555555555555 0.6252604166666667 0.23935185185185184
0 0.9356770833333333 0.5523148148148148 0.9403645833333333 0.5555555555555556 0.9447916666666667 0.5657407407407408 0.9479166666666666 0.6171296296296296 0.9471354166666667 0.6666666666666666 0.9440104166666666 0.6736111111111112 0.9356770833333333 0.6768518518518518 0.9255208333333333 0.675 0.9200520833333333 0.6648148148148149 0.9171875 0.6259259259259259 0.9184895833333333 0.6050925925925926 0.9158854166666667 0.5736111111111111 0.9158854166666667 0.5648148148148148 0.9184895833333333 0.5574074074074075 0.9247395833333333 0.5527777777777778 0.9354166666666667 0.5523148148148148
0 0.95234375 0.4185185185185185 0.9611979166666667 0.425 0.9848958333333333 0.4527777777777778 0.9947916666666666 0.4671296296296296 0.9979166666666667 0.47824074074074074 0.9997395833333333 0.4787037037037037 0.9997395833333333 0.48518518518518516 0.9979166666666667 0.48564814814814816 0.9958333333333333 0.4949074074074074 0.9848958333333333 0.5101851851851852 0.9640625 0.49074074074074076 0.9356770833333333 0.4527777777777778 0.9354166666666667 0.4439814814814815 0.9390625 0.43287037037037035 0.9450520833333333 0.4212962962962963 0.9520833333333333 0.4185185185185185
0 0.8536458333333333 0.25 0.8596354166666667 0.2569444444444444 0.86171875 0.26481481481481484 0.8640625 0.2824074074074074 0.8661458333333333 0.33935185185185185 0.86328125 0.3527777777777778 0.85078125 0.3560185185185185 0.8419270833333333 0.35462962962962963 0.8385416666666666 0.3458333333333333 0.834375 0.26296296296296295 0.8395833333333333 0.2523148148148148 0.8533854166666667 0.25
0 0.7385416666666667 0.5388888888888889 0.7466145833333333 0.5416666666666666 0.75 0.5467592592592593 0.75078125 0.6069444444444444 0.7484375 0.637962962962963 0.7440104166666667 0.6439814814814815 0.73828125 0.6458333333333334 0.72734375 0.6421296296296296 0.7244791666666667 0.6319444444444444 0.72578125 0.5458333333333333 0.7276041666666667 0.5421296296296296 0.73828125 0.5388888888888889
0 0.6286458333333333 0.10740740740740741 0.6333333333333333 0.11203703703703703 0.6354166666666666 0.11898148148148148 0.6377604166666667 0.15046296296296297 0.6375 0.17824074074074073 0.63671875 0.20092592592592592 0.6346354166666667 0.21157407407407408 0.62578125 0.21944444444444444 0.6153645833333333 0.21805555555555556 0.6104166666666667 0.20972222222222223 0.6106770833333334 0.11944444444444445 0.615625 0.1087962962962963 0.6221354166666667 0.10601851851851851 0.6283854166666667 0.10740740740740741
0 0.96640625 0.2513888888888889 0.9705729166666667 0.25462962962962965 0.975 0.26481481481481484 0.9765625 0.3111111111111111 0.9744791666666667 0.35509259259259257 0.9713541666666666 0.36018518518518516 0.9645833333333333 0.3638888888888889 0.9526041666666667 0.36157407407407405 0.94453125 0.3476851851851852 0.9458333333333333 0.29583333333333334 0.9440104166666666 0.274537037037037 0.94609375 0.2638888888888889 0.95078125 0.2537037037037037 0.9575520833333333 0.25046296296296294 0.9661458333333334 0.2513888888888889
0 0.9947916666666666 0.10787037037037037 0.9997395833333333 0.10555555555555556 0.9997395833333333 0.125 0.9979166666666667 0.12546296296296297 0.9997395833333333 0.12777777777777777 0.9997395833333333 0.20416666666666666 0.9947916666666666 0.19953703703703704 0.9950520833333333 0.16805555555555557 0.9924479166666667 0.12546296296296297 0.9947916666666666 0.10833333333333334
0 0.6596354166666667 0.6958333333333333 0.6684895833333333 0.6976851851851852 0.67265625 0.7023148148148148 0.6739583333333333 0.7226851851851852 0.6723958333333333 0.7902777777777777 0.66953125 0.8032407407407407 0.6625 0.8115740740740741 0.6505208333333333 0.8097222222222222 0.646875 0.8055555555555556 0.6453125 0.7976851851851852 0.64609375 0.7125 0.6502604166666667 0.6986111111111111 0.659375 0.6958333333333333
0 0.6825520833333333 0.38472222222222224 0.6895833333333333 0.3972222222222222 0.7046875 0.4703703703703704 0.7028645833333333 0.48518518518518516 0.6893229166666667 0.4949074074074074 0.68203125 0.49166666666666664 0.6786458333333333 0.4847222222222222 0.6682291666666667 0.43842592592592594 0.6627604166666666 0.4046296296296296 0.66484375 0.39305555555555555 0.6674479166666667 0.38981481481481484 0.6752604166666667 0.38472222222222224 0.6822916666666666 0.38472222222222224
0 0.7838541666666666 0.6847222222222222 0.7875 0.6888888888888889 0.78984375 0.7032407407407407 0.7921875 0.7828703703703703 0.7885416666666667 0.8 0.7861979166666667 0.8041666666666667 0.7799479166666666 0.8069444444444445 0.76875 0.8032407407407407 0.7643229166666666 0.7939814814814815 0.7619791666666667 0.7092592592592593 0.7651041666666667 0.6861111111111111 0.78359375 0.6847222222222222
0 0.70234375 0.12546296296296297 0.7083333333333334 0.12824074074074074 0.7106770833333333 0.13657407407407407 0.7114583333333333 0.1824074074074074 0.7091145833333333 0.2162037037037037 0.7052083333333333 0.2212962962962963 0.6986979166666667 0.22314814814814815 0.6888020833333334 0.2212962962962963 0.68515625 0.21296296296296297 0.6856770833333333 0.13564814814814816 0.6888020833333334 0.12731481481481483 0.7020833333333333 0.12546296296296297
0 0.8143229166666667 0.23981481481481481 0.8192708333333333 0.24166666666666667 0.8223958333333333 0.24814814814814815 0.8244791666666667 0.2638888888888889 0.825 0.30277777777777776 0.8229166666666666 0.324537037037037 0.8151041666666666 0.3282407407407407 0.8036458333333333 0.32685185185185184 0.8002604166666667 0.32083333333333336 0.8015625 0.2865740740740741 0.7986979166666667 0.2550925925925926 0.803125 0.24166666666666667 0.8140625 0.23981481481481481
0 0.77578125 0.23657407407407408 0.7869791666666667 0.24444444444444444 0.7903645833333334 0.26342592592592595 0.78984375 0.3365740740740741 0.78671875 0.3458333333333333 0.7796875 0.3486111111111111 0.7671875 0.3453703703703704 0.76484375 0.3421296296296296 0.76328125 0.33240740740740743 0.7627604166666667 0.2523148148148148 0.7669270833333334 0.2412037037037037 0.7755208333333333 0.23657407407407408
0 0.8994791666666667 0.2587962962962963 0.9078125 0.26851851851851855 0.9135416666666667 0.3 0.9114583333333334 0.31203703703703706 0.9130208333333333 0.34305555555555556 0.9119791666666667 0.3625 0.9078125 0.36898148148148147 0.9 0.3712962962962963 0.8893229166666666 0.3699074074074074 0.8830729166666667 0.3638888888888889 0.8809895833333333 0.35833333333333334 0.8807291666666667 0.3486111111111111 0.8830729166666667 0.34074074074074073 0.8828125 0.30694444444444446 0.8817708333333333 0.2972222222222222 0.878125 0.2875 0.8802083333333334 0.2740740740740741 0.8854166666666666 0.26157407407407407 0.89921875 0.2587962962962963