0 0.8903645833333333 0.12361111111111112 0.89609375 0.13055555555555556 0.8979166666666667 0.15185185185185185 0.89921875 0.19212962962962962 0.8981770833333333 0.22777777777777777 0.8942708333333333 0.23842592592592593 0.8817708333333333 0.24074074074074073 0.8752604166666667 0.23842592592592593 0.8708333333333333 0.2263888888888889 0.8713541666666667 0.18981481481481483 0.8682291666666667 0.15046296296296297 0.87109375 0.1337962962962963 0.8744791666666667 0.1259259259259259 0.8901041666666667 0.12361111111111112
0 0.8143229166666667 0.10324074074074074 0.8216145833333334 0.11666666666666667 0.82421875 0.16898148148148148 0.8216145833333334 0.19583333333333333 0.8177083333333334 0.2013888888888889 0.8106770833333333 0.2037037037037037 0.8018229166666667 0.2013888888888889 0.7963541666666667 0.1925925925925926 0.7979166666666667 0.16666666666666666 0.79609375 0.12222222222222222 0.8002604166666667 0.10601851851851851 0.8059895833333334 0.10231481481481482 0.8140625 0.10324074074074074
0 0.7419270833333333 0.2537037037037037 0.7497395833333333 0.262037037037037 0.7515625 0.27175925925925926 0.7546875 0.3375 0.7546875 0.3453703703703704 0.7518229166666667 0.35555555555555557 0.7419270833333333 0.35833333333333334 0.7333333333333333 0.3574074074074074 0.72890625 0.34953703703703703 0.7255208333333333 0.27314814814814814 0.7302083333333333 0.2569444444444444 0.7416666666666667 0.2537037037037037
0 0.2390625 0.1865740740740741 0.25 0.19212962962962962 0.25286458333333334 0.19953703703703704 0.24817708333333333 0.2462962962962963 0.24583333333333332 0.25462962962962965 0.2421875 0.2564814814814815 0.22786458333333334 0.2518518518518518 0.2234375 0.24259259259259258 0.22890625 0.2 0.2328125 0.18888888888888888 0.23880208333333333 0.1865740740740741
0 0.7018229166666666 0.25046296296296294 0.70859375 0.2537037037037037 0.71171875 0.26064814814814813 0.71171875 0.3458333333333333 0.70859375 0.3523148148148148 0.7 0.35462962962962963 0.6908854166666667 0.3523148148148148 0.6877604166666667 0.3453703703703704 0.6861979166666666 0.2726851851851852 0.6890625 0.2523148148148148 0.7015625 0.25046296296296294
0 0.9606770833333333 0.12268518518518519 0.9690104166666667 0.1259259259259259 0.9739583333333334 0.13240740740740742 0.9765625 0.1574074074074074 0.97734375 0.2064814814814815 0.9760416666666667 0.22361111111111112 0.9716145833333333 0.23194444444444445 0.9640625 0.2351851851851852 0.95390625 0.2310185185185185 0.9484375 0.22361111111111112 0.9471354166666667 0.21805555555555556 0.9481770833333333 0.19907407407407407 0.94609375 0.1449074074074074 0.95 0.1300925925925926 0.9604166666666667 0.12268518518518519
0 0.8497395833333333 0.13240740740740742 0.85703125 0.13564814814814816 0.8596354166666667 0.14212962962962963 0.8606770833333334 0.2 0.85859375 0.22407407407407406 0.853125 0.2310185185185185 0.8486979166666667 0.2324074074074074 0.8348958333333333 0.22870370370370371 0.8328125 0.20833333333333334 0.8338541666666667 0.13935185185185187 0.8375 0.13333333333333333 0.8494791666666667 0.13240740740740742
0 0.81484375 0.549074074074074 0.82109375 0.5513888888888889 0.8236979166666667 0.5569444444444445 0.8268229166666666 0.5925925925925926 0.8260416666666667 0.6537037037037037 0.8223958333333333 0.6597222222222222 0.8143229166666667 0.6625 0.8033854166666666 0.6597222222222222 0.7994791666666666 0.6518518518518519 0.7981770833333334 0.5662037037037037 0.7994791666666666 0.5537037037037037 0.8013020833333333 0.5509259259259259 0.8145833333333333 0.549074074074074
0 0.6838541666666667 0.4287037037037037 0.6903645833333333 0.4324074074074074 0.6927083333333334 0.4375 0.6919270833333333 0.5157407407407407 0.6885416666666667 0.5361111111111111 0.6802083333333333 0.5412037037037037 0.6684895833333333 0.5365740740740741 0.6653645833333334 0.5282407407407408 0.66484375 0.5162037037037037 0.66875 0.4393518518518518 0.67421875 0.4287037037037037 0.68359375 0.4287037037037037
0 0.86640625 0.6930555555555555 0.86953125 0.6967592592592593 0.8729166666666667 0.7152777777777778 0.8744791666666667 0.7861111111111111 0.8731770833333333 0.8064814814814815 0.865625 0.8125 0.8515625 0.8106481481481481 0.8479166666666667 0.8069444444444445 0.8453125 0.7967592592592593 0.8450520833333334 0.7342592592592593 0.8427083333333333 0.7097222222222223 0.8447916666666667 0.6990740740740741 0.8486979166666667 0.6939814814814815 0.8661458333333333 0.6930555555555555
0 0.6265625 0.5425925925925926 0.6302083333333334 0.5458333333333333 0.6322916666666667 0.5537037037037037 0.6359375 0.6412037037037037 0.63125 0.6574074074074074 0.6244791666666667 0.6606481481481481 0.6127604166666667 0.6597222222222222 0.6080729166666666 0.6509259259259259 0.6049479166666667 0.5560185185185185 0.6059895833333333 0.5486111111111112 0.6091145833333333 0.5439814814814815 0.6263020833333334 0.5425925925925926
0 0.66484375 0.12083333333333333 0.671875 0.12361111111111112 0.6755208333333333 0.13287037037037036 0.67578125 0.21296296296296297 0.6739583333333333 0.22546296296296298 0.6627604166666666 0.2361111111111111 0.6544270833333333 0.2351851851851852 0.65 0.23148148148148148 0.646875 0.22407407407407406 0.6463541666666667 0.21064814814814814 0.6510416666666666 0.1310185185185185 0.6549479166666666 0.12268518518518519 0.6645833333333333 0.12083333333333333
0 0.7778645833333333 0.55 0.7859375 0.5537037037037037 0.7888020833333333 0.5601851851851852 0.7916666666666666 0.6092592592592593 0.7919270833333333 0.637962962962963 0.7903645833333334 0.6509259259259259 0.78671875 0.6560185185185186 0.7807291666666667 0.6583333333333333 0.771875 0.6578703703703703 0.765625 0.6472222222222223 0.7625 0.5842592592592593 0.7643229166666666 0.5574074074074075 0.76875 0.5523148148148148 0.7776041666666667 0.55
0 0.9338541666666667 0.55 0.94140625 0.5537037037037037 0.94609375 0.5648148148148148 0.9489583333333333 0.6129629629629629 0.9486979166666667 0.6638888888888889 0.9453125 0.6722222222222223 0.9356770833333333 0.6754629629629629 0.9252604166666667 0.6722222222222223 0.9213541666666667 0.6638888888888889 0.9177083333333333 0.6138888888888889 0.9190104166666667 0.6013888888888889 0.9166666666666666 0.5847222222222223 0.91796875 0.5583333333333333 0.9221354166666667 0.5523148148148148 0.93359375 0.55
0 0.6270833333333333 0.6842592592592592 0.63125 0.6875 0.6341145833333334 0.6949074074074074 0.6361979166666667 0.7273148148148149 0.6356770833333333 0.7833333333333333 0.6341145833333334 0.8023148148148148 0.63203125 0.8083333333333333 0.6291666666666667 0.8125 0.62109375 0.8143518518518519 0.6106770833333334 0.8111111111111111 0.6052083333333333 0.8 0.60625 0.7541666666666667 0.609375 0.7375 0.6075520833333333 0.7310185185185185 0.6078125 0.7064814814814815 0.609375 0.6930555555555555 0.6122395833333333 0.687037037037037 0.6268229166666667 0.6842592592592592
0 0.7033854166666667 0.6833333333333333 0.7098958333333333 0.6884259259259259 0.7127604166666667 0.6990740740740741 0.7114583333333333 0.7935185185185185 0.7096354166666666 0.8 0.7049479166666667 0.8018518518518518 0.6888020833333334 0.8004629629629629 0.684375 0.7972222222222223 0.6822916666666666 0.7898148148148149 0.6856770833333333 0.6921296296296297 0.6903645833333333 0.6837962962962963 0.703125 0.6833333333333333
0 0.7390625 0.6935185185185185 0.7440104166666667 0.6962962962962963 0.7471354166666667 0.7055555555555556 0.75078125 0.7791666666666667 0.7486979166666666 0.7875 0.7377604166666667 0.7912037037037037 0.7278645833333334 0.7907407407407407 0.725 0.7861111111111111 0.7200520833333334 0.7060185185185185 0.7213541666666666 0.6995370370370371 0.72421875 0.6962962962962963 0.7388020833333333 0.6935185185185185
0 0.7033854166666667 0.12268518518518519 0.7088541666666667 0.12546296296296297 0.7109375 0.1300925925925926 0.7119791666666667 0.15416666666666667 0.7109375 0.2101851851851852 0.7078125 0.21712962962962962 0.7026041666666667 0.22037037037037038 0.6893229166666667 0.21805555555555556 0.6859375 0.2064814814814815 0.68671875 0.1300925925925926 0.6919270833333333 0.12361111111111112 0.703125 0.12268518518518519
0 0.66171875 0.26435185185185184 0.6700520833333333 0.26805555555555555 0.6734375 0.2824074074074074 0.671875 0.3453703703703704 0.66953125 0.3509259259259259 0.66171875 0.3527777777777778 0.6510416666666666 0.35185185185185186 0.646875 0.3453703703703704 0.64765625 0.2759259259259259 0.6513020833333333 0.26666666666666666 0.6614583333333334 0.26435185185185184
0 0.5947916666666667 0.24166666666666667 0.5989583333333334 0.24444444444444444 0.60078125 0.2518518518518518 0.6020833333333333 0.34953703703703703 0.5981770833333333 0.3625 0.5903645833333333 0.3675925925925926 0.5802083333333333 0.36666666666666664 0.57421875 0.35694444444444445 0.5744791666666667 0.2662037037037037 0.5776041666666667 0.24444444444444444 0.59453125 0.24166666666666667
0 0.5528645833333333 0.5356481481481481 0.5580729166666667 0.537962962962963 0.5598958333333334 0.5430555555555555 0.5583333333333333 0.5921296296296297 0.56015625 0.6236111111111111 0.55703125 0.6481481481481481 0.5505208333333333 0.6532407407407408 0.5346354166666667 0.6486111111111111 0.53203125 0.6324074074074074 0.53515625 0.5393518518518519 0.5408854166666667 0.5347222222222222 0.5526041666666667 0.5356481481481481
0 0.790625 0.4027777777777778 0.8317708333333333 0.40879629629629627 0.8419270833333333 0.4134259259259259 0.8434895833333333 0.4263888888888889 0.8424479166666666 0.4486111111111111 0.83984375 0.4532407407407407 0.83203125 0.45555555555555555 0.7830729166666667 0.45046296296296295 0.7763020833333333 0.44537037037037036 0.7729166666666667 0.4305555555555556 0.7752604166666667 0.4115740740740741 0.7796875 0.4046296296296296 0.7903645833333334 0.4027777777777778
0 0.6278645833333333 0.23703703703703705 0.63515625 0.24074074074074073 0.6385416666666667 0.25046296296296294 0.6390625 0.28055555555555556 0.6372395833333333 0.30324074074074076 0.63984375 0.324537037037037 0.6372395833333333 0.34444444444444444 0.63359375 0.3490740740740741 0.6268229166666667 0.350462962962963 0.6161458333333333 0.3486111111111111 0.6122395833333333 0.3416666666666667 0.61171875 0.26157407407407407 0.6127604166666667 0.24444444444444444 0.6197916666666666 0.2375 0.6276041666666666 0.23703703703703705
0 0.89921875 0.5611111111111111 0.90390625 0.5638888888888889 0.90625 0.5689814814814815 0.90859375 0.6273148148148148 0.9078125 0.6574074074074074 0.9046875 0.6657407407407407 0.8981770833333333 0.6689814814814815 0.8846354166666667 0.6680555555555555 0.8809895833333333 0.663425925925926 0.8794270833333333 0.5986111111111111 0.88125 0.5638888888888889 0.88671875 0.5601851851851852 0.8989583333333333 0.5611111111111111
0 0.6627604166666666 0.6953703703703704 0.6723958333333333 0.6981481481481482 0.6747395833333333 0.7069444444444445 0.6729166666666667 0.7902777777777777 0.6690104166666667 0.8060185185185185 0.6627604166666666 0.8101851851851852 0.6489583333333333 0.8064814814814815 0.6463541666666667 0.8004629629629629 0.6455729166666667 0.7893518518518519 0.6473958333333333 0.7064814814814815 0.6513020833333333 0.6962962962962963 0.6625 0.6953703703703704
0 0.6635416666666667 0.9740740740740741 0.6721354166666667 0.9842592592592593 0.6747395833333333 0.999537037037037 0.6458333333333334 0.999537037037037 0.6473958333333333 0.9837962962962963 0.6497395833333334 0.9782407407407407 0.65703125 0.9736111111111111 0.66328125 0.9740740740740741
0 0.8549479166666667 0.24814814814814815 0.8596354166666667 0.25277777777777777 0.86328125 0.262037037037037 0.8671875 0.33240740740740743 0.8643229166666667 0.350462962962963 0.8526041666666667 0.3537037037037037 0.84453125 0.35324074074074074 0.840625 0.34814814814814815 0.83515625 0.2625 0.8377604166666667 0.2537037037037037 0.8419270833333333 0.2490740740740741 0.8546875 0.24814814814814815
0 0.7786458333333334 0.23472222222222222 0.7877604166666666 0.24166666666666667 0.7908854166666667 0.2513888888888889 0.79140625 0.2652777777777778 0.7908854166666667 0.3347222222222222 0.78671875 0.3449074074074074 0.7799479166666666 0.3472222222222222 0.7690104166666667 0.34444444444444444 0.7653645833333333 0.3384259259259259 0.76328125 0.2689814814814815 0.76484375 0.24444444444444444 0.76953125 0.2375 0.7783854166666667 0.23472222222222222
0 0.7408854166666666 0.5375 0.7486979166666666 0.5412037037037037 0.75078125 0.5458333333333333 0.7515625 0.6041666666666666 0.7494791666666667 0.6365740740740741 0.7393229166666667 0.6439814814814815 0.7296875 0.6416666666666667 0.72578125 0.6337962962962963 0.7260416666666667 0.5467592592592593 0.7291666666666666 0.5393518518518519 0.740625 0.5375
0 0.6265625 0.10324074074074074 0.6354166666666666 0.11296296296296296 0.6380208333333334 0.15601851851851853 0.6372395833333333 0.20324074074074075 0.6338541666666667 0.2125 0.62734375 0.21712962962962962 0.6161458333333333 0.2162037037037037 0.6119791666666666 0.2111111111111111 0.6104166666666667 0.20416666666666666 0.6125 0.14027777777777778 0.6111979166666667 0.11898148148148148 0.6125 0.11203703703703703 0.6161458333333333 0.10694444444444444 0.6263020833333334 0.10324074074074074
0 0.9638020833333333 0.24814814814814815 0.97109375 0.2513888888888889 0.9747395833333333 0.2574074074074074 0.97734375 0.287962962962963 0.97578125 0.3486111111111111 0.9713541666666666 0.3592592592592593 0.9643229166666667 0.36203703703703705 0.9526041666666667 0.3578703703703704 0.9450520833333333 0.34444444444444444 0.946875 0.30324074074074076 0.9450520833333333 0.27685185185185185 0.94609375 0.26435185185185184 0.9520833333333333 0.2513888888888889 0.9635416666666666 0.24814814814814815
0 0.8606770833333334 0.5537037037037037 0.8666666666666667 0.5564814814814815 0.8697916666666666 0.5648148148148148 0.86875 0.6305555555555555 0.8666666666666667 0.6643518518518519 0.86328125 0.6717592592592593 0.8575520833333333 0.6759259259259259 0.8481770833333333 0.675 0.84140625 0.6703703703703704 0.8390625 0.6643518518518519 0.8385416666666666 0.6527777777777778 0.8416666666666667 0.5805555555555556 0.8442708333333333 0.562962962962963 0.8489583333333334 0.5532407407407407 0.8604166666666667 0.5537037037037037
0 0.59453125 0.12083333333333333 0.5994791666666667 0.125 0.6005208333333333 0.13287037037037036 0.5994791666666667 0.21851851851851853 0.5955729166666667 0.22685185185185186 0.58828125 0.2324074074074074 0.5776041666666667 0.22870370370370371 0.5729166666666666 0.2175925925925926 0.5747395833333333 0.13240740740740742 0.578125 0.12175925925925926 0.5942708333333333 0.12083333333333333
0 0.7088541666666667 0.5569444444444445 0.7127604166666667 0.5597222222222222 0.7145833333333333 0.5666666666666667 0.7153645833333333 0.6180555555555556 0.7138020833333333 0.6240740740740741 0.7078125 0.625 0.6940104166666666 0.624537037037037 0.6911458333333333 0.6203703703703703 0.6911458333333333 0.562962962962963 0.69609375 0.5569444444444445 0.70859375 0.5569444444444445
0 0.7817708333333333 0.6819444444444445 0.7875 0.6851851851851852 0.7908854166666667 0.6958333333333333 0.7934895833333333 0.7782407407407408 0.7932291666666667 0.7888888888888889 0.790625 0.7972222222222223 0.7828125 0.8050925925925926 0.7703125 0.8013888888888889 0.765625 0.7935185185185185 0.76328125 0.7208333333333333 0.765625 0.6861111111111111 0.771875 0.6819444444444445 0.7815104166666667 0.6819444444444445
0 0.5447916666666667 0.6768518518518518 0.55234375 0.6828703703703703 0.5549479166666667 0.6962962962962963 0.5546875 0.774074074074074 0.5518229166666667 0.7898148148148149 0.5434895833333333 0.7958333333333333 0.5333333333333333 0.7935185185185185 0.5283854166666667 0.7837962962962963 0.52890625 0.7407407407407407 0.5270833333333333 0.7273148148148149 0.5268229166666667 0.6981481481481482 0.528125 0.6856481481481481 0.5322916666666667 0.6787037037037037 0.54453125 0.6768518518518518
0 0.81484375 0.23703703703703705 0.8216145833333334 0.24074074074074073 0.8244791666666667 0.2523148148148148 0.8263020833333333 0.2962962962962963 0.825 0.3212962962962963 0.8166666666666667 0.32592592592592595 0.8067708333333333 0.32546296296296295 0.8020833333333334 0.32083333333333336 0.8 0.262037037037037 0.8002604166666667 0.24768518518518517 0.8036458333333333 0.23935185185185184 0.8145833333333333 0.23703703703703705
0 0.7807291666666667 0.11851851851851852 0.7828125 0.11990740740740741 0.784375 0.12685185185185185 0.7869791666666667 0.20046296296296295 0.78359375 0.2162037037037037 0.7760416666666666 0.22175925925925927 0.7674479166666667 0.22037037037037038 0.7591145833333334 0.20972222222222223 0.759375 0.16712962962962963 0.7575520833333333 0.13657407407407407 0.75859375 0.12685185185185185 0.7625 0.11944444444444445 0.78046875 0.11851851851851852
0 0.8986979166666667 0.25601851851851853 0.90390625 0.25787037037037036 0.9083333333333333 0.26435185185185184 0.91484375 0.2967592592592593 0.9130208333333333 0.3087962962962963 0.91328125 0.3592592592592593 0.9088541666666666 0.3662037037037037 0.903125 0.3685185185185185 0.8872395833333333 0.3662037037037037 0.8815104166666666 0.35324074074074074 0.884375 0.3296296296296296 0.8822916666666667 0.29259259259259257 0.8794270833333333 0.28703703703703703 0.8799479166666667 0.27824074074074073 0.8856770833333333 0.2601851851851852 0.8984375 0.25601851851851853
0 0.5877604166666667 0.6907407407407408 0.59296875 0.6944444444444444 0.5958333333333333 0.7027777777777777 0.5940104166666667 0.7638888888888888 0.5953125 0.7833333333333333 0.5924479166666666 0.8092592592592592 0.5885416666666666 0.8166666666666667 0.5833333333333334 0.8189814814814815 0.5705729166666667 0.8148148148148148 0.5669270833333333 0.8074074074074075 0.5666666666666667 0.7958333333333333 0.5677083333333334 0.7680555555555556 0.5703125 0.7555555555555555 0.5690104166666666 0.7444444444444445 0.5708333333333333 0.6967592592592593 0.5747395833333333 0.6907407407407408 0.5875 0.6907407407407408
0 0.8213541666666667 0.6893518518518519 0.8268229166666666 0.6981481481481482 0.8270833333333333 0.7694444444444445 0.8252604166666667 0.7925925925925926 0.8177083333333334 0.7986111111111112 0.8041666666666667 0.7944444444444444 0.8 0.7833333333333333 0.7997395833333333 0.7444444444444445 0.8015625 0.7342592592592593 0.7984375 0.7027777777777777 0.8 0.6930555555555555 0.8033854166666666 0.6888888888888889 0.82109375 0.6893518518518519