0 0.8880208333333334 0.125 0.89375 0.12777777777777777 0.8955729166666667 0.13287037037037036 0.8994791666666667 0.20092592592592592 0.8958333333333334 0.2375 0.88359375 0.24212962962962964 0.8763020833333334 0.2412037037037037 0.87265625 0.2375 0.8705729166666667 0.23055555555555557 0.8692708333333333 0.14907407407407408 0.8731770833333333 0.1287037037037037 0.8791666666666667 0.125 0.8877604166666667 0.125
0 0.8143229166666667 0.10462962962962963 0.8192708333333333 0.11296296296296296 0.82109375 0.12083333333333333 0.8234375 0.1439814814814815 0.8234375 0.17222222222222222 0.82109375 0.19722222222222222 0.81796875 0.20277777777777778 0.81171875 0.20555555555555555 0.8 0.20324074074074075 0.7958333333333333 0.19537037037037036 0.7971354166666667 0.1625 0.7940104166666667 0.1287037037037037 0.7963541666666667 0.11574074074074074 0.8002604166666667 0.10694444444444444 0.8036458333333333 0.10416666666666667 0.8140625 0.10462962962962963
0 0.6231770833333333 0.6847222222222222 0.6309895833333333 0.6893518518518519 0.634375 0.711574074074074 0.6359375 0.7657407407407407 0.63359375 0.8032407407407407 0.6302083333333334 0.812962962962963 0.6127604166666667 0.8143518518518519 0.6080729166666666 0.8111111111111111 0.6049479166666667 0.8009259259259259 0.6075520833333333 0.7032407407407407 0.6119791666666666 0.687962962962963 0.6229166666666667 0.6851851851851852
0 0.74296875 0.25601851851851853 0.7486979166666666 0.26296296296296295 0.7515625 0.2773148148148148 0.7536458333333333 0.3458333333333333 0.7515625 0.3574074074074074 0.7419270833333333 0.36018518518518516 0.73359375 0.3592592592592593 0.7283854166666667 0.3523148148148148 0.7268229166666667 0.29259259259259257 0.7244791666666667 0.2740740740740741 0.7307291666666667 0.25787037037037036 0.7427083333333333 0.25601851851851853
0 0.7002604166666667 0.2513888888888889 0.7080729166666667 0.25462962962962965 0.7111979166666667 0.262037037037037 0.7119791666666667 0.30833333333333335 0.7111979166666667 0.34953703703703703 0.7067708333333333 0.3560185185185185 0.6994791666666667 0.35694444444444445 0.6890625 0.3537037037037037 0.6872395833333333 0.3486111111111111 0.6854166666666667 0.27546296296296297 0.68828125 0.25416666666666665 0.7 0.2513888888888889
0 0.9606770833333333 0.12453703703703704 0.97109375 0.12962962962962962 0.975 0.1388888888888889 0.97578125 0.22361111111111112 0.9736979166666667 0.2300925925925926 0.9669270833333333 0.2361111111111111 0.9559895833333333 0.23472222222222222 0.9494791666666667 0.22685185185185186 0.94765625 0.21944444444444444 0.94609375 0.14351851851851852 0.9510416666666667 0.12916666666666668 0.9604166666666667 0.12453703703703704
0 0.84765625 0.13425925925925927 0.8557291666666667 0.13657407407407407 0.8591145833333333 0.14351851851851852 0.8598958333333333 0.19814814814814816 0.8583333333333333 0.22361111111111112 0.8541666666666666 0.23148148148148148 0.8479166666666667 0.2337962962962963 0.8354166666666667 0.23148148148148148 0.8322916666666667 0.22083333333333333 0.8333333333333334 0.1412037037037037 0.8380208333333333 0.13472222222222222 0.8473958333333333 0.13425925925925927
0 0.815625 0.5509259259259259 0.82109375 0.5537037037037037 0.8244791666666667 0.5657407407407408 0.8263020833333333 0.6282407407407408 0.8247395833333333 0.6574074074074074 0.81484375 0.6643518518518519 0.8026041666666667 0.6615740740740741 0.7989583333333333 0.6541666666666667 0.7973958333333333 0.5722222222222222 0.8002604166666667 0.5527777777777778 0.8153645833333333 0.5509259259259259
0 0.6877604166666667 0.40925925925925927 0.6924479166666667 0.41759259259259257 0.696875 0.4532407407407407 0.6994791666666667 0.5013888888888889 0.6966145833333334 0.5138888888888888 0.6869791666666667 0.5194444444444445 0.6783854166666666 0.5189814814814815 0.6736979166666667 0.5092592592592593 0.6666666666666666 0.4263888888888889 0.6682291666666667 0.4152777777777778 0.6716145833333333 0.4101851851851852 0.6875 0.40925925925925927
0 0.8611979166666667 0.6935185185185185 0.8671875 0.6967592592592593 0.8708333333333333 0.7060185185185185 0.8736979166666666 0.7550925925925925 0.8731770833333333 0.8064814814814815 0.8700520833333333 0.8115740740740741 0.8627604166666667 0.8138888888888889 0.8489583333333334 0.8106481481481481 0.84453125 0.7972222222222223 0.8447916666666667 0.7337962962962963 0.8421875 0.7171296296296297 0.8453125 0.6990740740740741 0.8520833333333333 0.6930555555555555 0.8609375 0.6935185185185185
0 0.8979166666666667 0.2574074074074074 0.9046875 0.2611111111111111 0.9078125 0.26666666666666666 0.9143229166666667 0.3 0.9122395833333333 0.31203703703703706 0.9135416666666667 0.33796296296296297 0.9122395833333333 0.36203703703703705 0.9078125 0.3685185185185185 0.8981770833333333 0.37083333333333335 0.8877604166666667 0.3675925925925926 0.8817708333333333 0.3587962962962963 0.8809895833333333 0.35185185185185186 0.8833333333333333 0.3384259259259259 0.8828125 0.30277777777777776 0.8786458333333333 0.2865740740740741 0.8809895833333333 0.2722222222222222 0.8854166666666666 0.2611111111111111 0.89765625 0.2574074074074074
0 0.6236979166666666 0.5430555555555555 0.62890625 0.5462962962962963 0.6317708333333333 0.5550925925925926 0.63515625 0.637962962962963 0.6330729166666667 0.6541666666666667 0.6302083333333334 0.6592592592592592 0.6247395833333333 0.6620370370370371 0.6125 0.6611111111111111 0.6078125 0.6541666666666667 0.6041666666666666 0.5726851851851852 0.6044270833333333 0.5560185185185185 0.6067708333333334 0.5467592592592593 0.6234375 0.5430555555555555
0 0.8947916666666667 0.5615740740740741 0.9013020833333333 0.5638888888888889 0.90625 0.5712962962962963 0.9080729166666667 0.6231481481481481 0.90625 0.6615740740740741 0.9018229166666667 0.6694444444444444 0.896875 0.6708333333333333 0.8833333333333333 0.6689814814814815 0.8799479166666667 0.6620370370370371 0.8799479166666667 0.5675925925925925 0.88359375 0.562962962962963 0.89453125 0.5615740740740741
0 0.6651041666666667 0.12314814814814815 0.6716145833333333 0.1259259259259259 0.6747395833333333 0.13842592592592592 0.6731770833333334 0.19398148148148148 0.6744791666666666 0.22453703703703703 0.6721354166666667 0.2300925925925926 0.6625 0.23796296296296296 0.6544270833333333 0.23703703703703705 0.6481770833333333 0.23194444444444445 0.64609375 0.225 0.6458333333333334 0.20879629629629629 0.65078125 0.13194444444444445 0.6541666666666667 0.125 0.66484375 0.12314814814814815
0 0.7817708333333333 0.5527777777777778 0.7869791666666667 0.5574074074074075 0.7888020833333333 0.5675925925925925 0.7908854166666667 0.637962962962963 0.7888020833333333 0.6541666666666667 0.7796875 0.6597222222222222 0.7690104166666667 0.6578703703703703 0.7653645833333333 0.6509259259259259 0.7619791666666667 0.5685185185185185 0.7627604166666667 0.5606481481481481 0.7658854166666667 0.5555555555555556 0.7739583333333333 0.5518518518518518 0.7815104166666667 0.5527777777777778
0 0.5908854166666667 0.24305555555555555 0.5963541666666666 0.2449074074074074 0.5994791666666667 0.24953703703703703 0.6020833333333333 0.28564814814814815 0.6026041666666667 0.3314814814814815 0.5997395833333333 0.3625 0.5966145833333333 0.36666666666666664 0.5890625 0.36898148148148147 0.5796875 0.3675925925925926 0.5744791666666667 0.3611111111111111 0.5729166666666666 0.3398148148148148 0.5744791666666667 0.2550925925925926 0.5783854166666667 0.24537037037037038 0.590625 0.24305555555555555
0 0.9361979166666666 0.5518518518518518 0.9434895833333333 0.5597222222222222 0.9463541666666667 0.5703703703703704 0.9489583333333333 0.6583333333333333 0.9458333333333333 0.6722222222222223 0.9356770833333333 0.6768518518518518 0.9252604166666667 0.674074074074074 0.9205729166666666 0.6643518518518519 0.9182291666666667 0.6444444444444445 0.9161458333333333 0.5648148148148148 0.9171875 0.5597222222222222 0.921875 0.5537037037037037 0.9359375 0.5518518518518518
0 0.7013020833333333 0.6842592592592592 0.70859375 0.6888888888888889 0.7122395833333334 0.700925925925926 0.7106770833333333 0.7939814814814815 0.7088541666666667 0.8009259259259259 0.7046875 0.8032407407407407 0.6864583333333333 0.8013888888888889 0.6817708333333333 0.7921296296296296 0.6848958333333334 0.6935185185185185 0.6901041666666666 0.6847222222222222 0.7010416666666667 0.6842592592592592
0 0.73984375 0.6953703703703704 0.7434895833333334 0.6981481481481482 0.7463541666666667 0.7060185185185185 0.75 0.7800925925925926 0.7481770833333333 0.7893518518518519 0.7395833333333334 0.7930555555555555 0.72734375 0.7921296296296296 0.7247395833333333 0.787962962962963 0.71953125 0.7282407407407407 0.71953125 0.7092592592592593 0.7213541666666666 0.6995370370370371 0.7302083333333333 0.6949074074074074 0.7395833333333334 0.6953703703703704
0 0.54609375 0.6787037037037037 0.5513020833333333 0.6819444444444445 0.55390625 0.6888888888888889 0.5549479166666667 0.7689814814814815 0.5533854166666666 0.7865740740740741 0.5494791666666666 0.7935185185185185 0.54375 0.7967592592592593 0.5330729166666667 0.7949074074074074 0.528125 0.7861111111111111 0.5265625 0.6962962962962963 0.528125 0.6856481481481481 0.53125 0.6814814814814815 0.5361979166666667 0.6777777777777778 0.5458333333333333 0.6787037037037037
0 0.5893229166666667 0.12129629629629629 0.5973958333333333 0.12453703703703704 0.6 0.13148148148148148 0.5994791666666667 0.21851851851851853 0.5932291666666667 0.23148148148148148 0.5848958333333333 0.23472222222222222 0.575 0.22777777777777777 0.5721354166666667 0.21805555555555556 0.57421875 0.13564814814814816 0.5755208333333334 0.12638888888888888 0.5778645833333333 0.12314814814814815 0.5890625 0.12129629629629629
0 0.6619791666666667 0.2662037037037037 0.6684895833333333 0.26851851851851855 0.671875 0.2759259259259259 0.671875 0.3287037037037037 0.6703125 0.34953703703703703 0.66796875 0.3527777777777778 0.6588541666666666 0.3541666666666667 0.64921875 0.3527777777777778 0.6466145833333333 0.34814814814814815 0.646875 0.28935185185185186 0.6473958333333333 0.27685185185185185 0.6505208333333333 0.26805555555555555 0.66171875 0.2662037037037037
0 0.54765625 0.5356481481481481 0.5572916666666666 0.5388888888888889 0.559375 0.5435185185185185 0.55859375 0.6347222222222222 0.5557291666666667 0.6509259259259259 0.55 0.6546296296296297 0.5359375 0.6518518518518519 0.5328125 0.6476851851851851 0.5317708333333333 0.6416666666666667 0.5348958333333333 0.5398148148148149 0.5393229166666667 0.5361111111111111 0.5473958333333333 0.5356481481481481
0 0.8088541666666667 0.40694444444444444 0.83203125 0.4101851851851852 0.8419270833333333 0.4162037037037037 0.8432291666666667 0.4305555555555556 0.8421875 0.45 0.8377604166666667 0.4564814814814815 0.8322916666666667 0.4583333333333333 0.7861979166666667 0.4527777777777778 0.77578125 0.44675925925925924 0.7723958333333333 0.4361111111111111 0.7723958333333333 0.42268518518518516 0.7778645833333333 0.4074074074074074 0.7848958333333333 0.4041666666666667 0.80859375 0.40694444444444444
0 0.6247395833333333 0.23842592592592593 0.634375 0.24212962962962964 0.6385416666666667 0.25462962962962965 0.6369791666666667 0.29305555555555557 0.6393229166666666 0.32407407407407407 0.6380208333333334 0.3425925925925926 0.6346354166666667 0.3486111111111111 0.62734375 0.35138888888888886 0.6143229166666667 0.3486111111111111 0.6122395833333333 0.34444444444444444 0.6111979166666667 0.32916666666666666 0.6114583333333333 0.2518518518518518 0.6127604166666667 0.24537037037037038 0.6161458333333333 0.2412037037037037 0.6244791666666667 0.23842592592592593
0 0.42161458333333335 0.48194444444444445 0.42994791666666665 0.49398148148148147 0.4328125 0.5050925925925925 0.43203125 0.5152777777777777 0.4044270833333333 0.5606481481481481 0.3885416666666667 0.5791666666666667 0.38307291666666665 0.5768518518518518 0.3768229166666667 0.5666666666666667 0.37395833333333334 0.5537037037037037 0.3765625 0.5407407407407407 0.38671875 0.5217592592592593 0.39114583333333336 0.5180555555555556 0.4080729166666667 0.4912037037037037 0.41458333333333336 0.4837962962962963 0.42135416666666664 0.48194444444444445
0 0.66484375 0.9842592592592593 0.66875 0.9879629629629629 0.67265625 0.999537037037037 0.6455729166666667 0.999537037037037 0.6473958333333333 0.9907407407407407 0.6513020833333333 0.9847222222222223 0.6645833333333333 0.9842592592592593
0 0.85078125 0.24861111111111112 0.85703125 0.2513888888888889 0.8625 0.26481481481481484 0.8645833333333334 0.2828703703703704 0.8661458333333333 0.3416666666666667 0.8630208333333333 0.3527777777777778 0.8497395833333333 0.35555555555555557 0.8421875 0.3537037037037037 0.83984375 0.3476851851851852 0.8346354166666666 0.2638888888888889 0.8380208333333333 0.2537037037037037 0.8505208333333333 0.24861111111111112
0 0.7802083333333333 0.23703703703703705 0.7864583333333334 0.24212962962962964 0.78984375 0.2513888888888889 0.7908854166666667 0.32546296296296295 0.7877604166666666 0.3439814814814815 0.7770833333333333 0.34814814814814815 0.7677083333333333 0.3453703703703704 0.7640625 0.3365740740740741 0.7630208333333334 0.25972222222222224 0.7640625 0.24675925925925926 0.7669270833333334 0.24074074074074073 0.7729166666666667 0.2361111111111111 0.7799479166666666 0.23703703703703705
0 0.7380208333333333 0.538425925925926 0.7484375 0.5425925925925926 0.75 0.5462962962962963 0.75 0.5935185185185186 0.7515625 0.6060185185185185 0.7489583333333333 0.637962962962963 0.7447916666666666 0.6435185185185185 0.7377604166666667 0.6453703703703704 0.73046875 0.6439814814814815 0.7260416666666667 0.6388888888888888 0.725 0.6060185185185185 0.7263020833333333 0.5444444444444444 0.7307291666666667 0.5398148148148149 0.7377604166666667 0.538425925925926
0 0.628125 0.10601851851851851 0.6348958333333333 0.11296296296296296 0.6372395833333333 0.13240740740740742 0.6369791666666667 0.19907407407407407 0.6341145833333334 0.21342592592592594 0.6231770833333333 0.21898148148148147 0.61484375 0.21712962962962962 0.61015625 0.20601851851851852 0.61171875 0.1476851851851852 0.6106770833333334 0.12175925925925926 0.6119791666666666 0.11342592592592593 0.6151041666666667 0.1087962962962963 0.6200520833333333 0.10555555555555556 0.6278645833333333 0.10601851851851851
0 0.9635416666666666 0.25 0.9708333333333333 0.2537037037037037 0.9752604166666666 0.262037037037037 0.9768229166666667 0.3212962962962963 0.9744791666666667 0.35555555555555557 0.9638020833333333 0.36342592592592593 0.9510416666666667 0.3587962962962963 0.9442708333333333 0.34444444444444444 0.94609375 0.32407407407407407 0.9447916666666667 0.2791666666666667 0.94609375 0.2652777777777778 0.9502604166666667 0.25416666666666665 0.96328125 0.25
0 0.8625 0.5560185185185185 0.8674479166666667 0.5592592592592592 0.8690104166666667 0.5666666666666667 0.8677083333333333 0.6393518518518518 0.8638020833333333 0.6699074074074074 0.8604166666666667 0.6759259259259259 0.8567708333333334 0.6773148148148148 0.8416666666666667 0.6731481481481482 0.83828125 0.663425925925926 0.8380208333333333 0.6532407407407408 0.8419270833333333 0.5740740740740741 0.8440104166666667 0.5638888888888889 0.8486979166666667 0.5546296296296296 0.8622395833333333 0.5560185185185185
0 0.6622395833333333 0.6958333333333333 0.6713541666666667 0.6990740740740741 0.6731770833333334 0.7023148148148148 0.6739583333333333 0.7444444444444445 0.6723958333333333 0.7912037037037037 0.66953125 0.8032407407407407 0.6619791666666667 0.8115740740740741 0.6528645833333333 0.8106481481481481 0.6466145833333333 0.8046296296296296 0.6455729166666667 0.7560185185185185 0.6466145833333333 0.7125 0.64921875 0.700462962962963 0.6533854166666667 0.6962962962962963 0.6619791666666667 0.6958333333333333
0 0.7075520833333333 0.5583333333333333 0.7130208333333333 0.562962962962963 0.7145833333333333 0.5773148148148148 0.7145833333333333 0.6226851851851852 0.71015625 0.6263888888888889 0.6927083333333334 0.625462962962963 0.690625 0.6199074074074075 0.6919270833333333 0.6027777777777777 0.6908854166666667 0.5634259259259259 0.6958333333333333 0.5583333333333333 0.7072916666666667 0.5583333333333333
0 0.78359375 0.6837962962962963 0.7877604166666666 0.6875 0.7903645833333334 0.6981481481481482 0.7932291666666667 0.7851851851851852 0.790625 0.7972222222222223 0.7864583333333334 0.8037037037037037 0.78125 0.8064814814814815 0.7700520833333333 0.8046296296296296 0.7653645833333333 0.7972222222222223 0.7622395833333333 0.7421296296296296 0.7627604166666667 0.7055555555555556 0.7653645833333333 0.6865740740740741 0.771875 0.6833333333333333 0.7833333333333333 0.6837962962962963
0 0.70390625 0.12453703703703704 0.7083333333333334 0.12638888888888888 0.7106770833333333 0.13657407407407407 0.7106770833333333 0.21064814814814814 0.7075520833333333 0.21898148148148147 0.7 0.2222222222222222 0.6890625 0.22037037037037038 0.6856770833333333 0.21296296296296297 0.6859375 0.13333333333333333 0.6872395833333333 0.1287037037037037 0.6916666666666667 0.12546296296296297 0.7036458333333333 0.12453703703703704
0 0.8169270833333333 0.2388888888888889 0.821875 0.24351851851851852 0.8239583333333333 0.25555555555555554 0.8252604166666667 0.31805555555555554 0.8229166666666666 0.325 0.8106770833333333 0.3277777777777778 0.8041666666666667 0.32592592592592595 0.8010416666666667 0.32083333333333336 0.8018229166666667 0.28564814814814815 0.79921875 0.25416666666666665 0.8002604166666667 0.24583333333333332 0.80390625 0.24027777777777778 0.8166666666666667 0.2388888888888889
0 0.7765625 0.11944444444444445 0.7822916666666667 0.12268518518518519 0.7838541666666666 0.12777777777777777 0.7859375 0.2023148148148148 0.7825520833333334 0.21805555555555556 0.7736979166666667 0.22314814814814815 0.7643229166666666 0.2212962962962963 0.7625 0.21342592592592594 0.7578125 0.20972222222222223 0.75703125 0.13657407407407407 0.7609375 0.12222222222222222 0.7763020833333333 0.11944444444444445
0 0.81875 0.6902777777777778 0.8244791666666667 0.6949074074074074 0.8260416666666667 0.700462962962963 0.8270833333333333 0.7703703703703704 0.8252604166666667 0.7930555555555555 0.8192708333333333 0.799537037037037 0.8140625 0.8009259259259259 0.8033854166666666 0.7962962962962963 0.7997395833333333 0.7856481481481481 0.79765625 0.7055555555555556 0.79921875 0.6967592592592593 0.8028645833333333 0.6912037037037037 0.8184895833333333 0.6902777777777778
0 0.58671875 0.6916666666666667 0.5924479166666666 0.6949074074074074 0.5958333333333333 0.7046296296296296 0.5934895833333333 0.7490740740740741 0.59453125 0.7828703703703703 0.590625 0.8152777777777778 0.5815104166666667 0.8208333333333333 0.57109375 0.8194444444444444 0.5666666666666667 0.8101851851851852 0.5669270833333333 0.7652777777777777 0.5708333333333333 0.6967592592592593 0.5744791666666667 0.6921296296296297 0.5864583333333333 0.6916666666666667