0 0.5848958333333333 0.9898148148148148 0.58984375 0.9935185185185185 0.59140625 0.999537037037037 0.5651041666666666 0.999537037037037 0.5658854166666667 0.9949074074074075 0.5700520833333333 0.9907407407407407 0.5846354166666666 0.9898148148148148
0 0.89140625 0.11527777777777778 0.8955729166666667 0.11944444444444445 0.89765625 0.13518518518518519 0.8986979166666667 0.21388888888888888 0.8958333333333334 0.22777777777777777 0.88671875 0.23148148148148148 0.8765625 0.2300925925925926 0.8713541666666667 0.22083333333333333 0.8697916666666666 0.20046296296296295 0.8708333333333333 0.1597222222222222 0.8684895833333334 0.14027777777777778 0.8731770833333333 0.11851851851851852 0.8799479166666667 0.11435185185185186 0.8911458333333333 0.11527777777777778
0 0.8125 0.09305555555555556 0.8177083333333334 0.09675925925925925 0.8208333333333333 0.10416666666666667 0.8239583333333333 0.13148148148148148 0.8216145833333334 0.18518518518518517 0.81875 0.1925925925925926 0.8143229166666667 0.19490740740740742 0.80078125 0.19305555555555556 0.7963541666666667 0.18564814814814815 0.7958333333333333 0.18055555555555555 0.7973958333333333 0.15185185185185185 0.7953125 0.1125 0.8015625 0.09537037037037037 0.8122395833333333 0.09305555555555556
0 0.6200520833333333 0.6736111111111112 0.6268229166666667 0.675 0.6328125 0.6819444444444445 0.63515625 0.7060185185185185 0.63515625 0.7763888888888889 0.63046875 0.8004629629629629 0.6231770833333333 0.8041666666666667 0.6098958333333333 0.8013888888888889 0.6052083333333333 0.7921296296296296 0.6067708333333334 0.7643518518518518 0.6049479166666667 0.7476851851851852 0.6078125 0.6953703703703704 0.6109375 0.6800925925925926 0.6197916666666666 0.6736111111111112
0 0.7419270833333333 0.2449074074074074 0.74765625 0.24814814814814815 0.7513020833333334 0.25972222222222224 0.7533854166666667 0.3416666666666667 0.7505208333333333 0.3486111111111111 0.7377604166666667 0.3509259259259259 0.73125 0.3486111111111111 0.728125 0.3388888888888889 0.7252604166666666 0.262037037037037 0.7270833333333333 0.25416666666666665 0.7309895833333333 0.24814814814814815 0.7416666666666667 0.2449074074074074
0 0.96875 0.11666666666666667 0.9739583333333334 0.12222222222222222 0.9760416666666667 0.1300925925925926 0.9765625 0.2101851851851852 0.9739583333333334 0.2199074074074074 0.9638020833333333 0.22592592592592592 0.9552083333333333 0.22361111111111112 0.9486979166666667 0.21342592592592594 0.94765625 0.15092592592592594 0.9458333333333333 0.1425925925925926 0.9481770833333333 0.12638888888888888 0.9528645833333333 0.11712962962962963 0.9598958333333333 0.11388888888888889 0.9684895833333333 0.11666666666666667
0 0.8528645833333334 0.12407407407407407 0.8565104166666667 0.1259259259259259 0.8596354166666667 0.13333333333333333 0.8598958333333333 0.20694444444444443 0.8559895833333333 0.22083333333333333 0.8489583333333334 0.22361111111111112 0.8375 0.2222222222222222 0.8338541666666667 0.2175925925925926 0.8325520833333333 0.2064814814814815 0.83359375 0.14166666666666666 0.83515625 0.12638888888888888 0.8526041666666667 0.12407407407407407
0 0.8171875 0.5407407407407407 0.821875 0.5449074074074074 0.8244791666666667 0.5546296296296296 0.8263020833333333 0.5824074074074074 0.8255208333333334 0.6439814814814815 0.8247395833333333 0.6476851851851851 0.8174479166666667 0.6523148148148148 0.803125 0.6509259259259259 0.7994791666666666 0.6439814814814815 0.79765625 0.5634259259259259 0.7984375 0.55 0.8013020833333333 0.5421296296296296 0.8169270833333333 0.5407407407407407
0 0.86328125 0.6837962962962963 0.86875 0.6898148148148148 0.8713541666666667 0.6990740740740741 0.8734375 0.7546296296296297 0.8729166666666667 0.7930555555555555 0.8697916666666666 0.8 0.8638020833333333 0.8023148148148148 0.85 0.8 0.8471354166666667 0.7967592592592593 0.8442708333333333 0.7861111111111111 0.8447916666666667 0.7273148148148149 0.8424479166666666 0.7055555555555556 0.8424479166666666 0.6958333333333333 0.8463541666666666 0.6856481481481481 0.85390625 0.6819444444444445 0.8630208333333333 0.6837962962962963
0 0.7794270833333333 0.22592592592592592 0.7885416666666667 0.23425925925925925 0.79140625 0.25092592592592594 0.79140625 0.31342592592592594 0.78984375 0.3300925925925926 0.7864583333333334 0.33611111111111114 0.78046875 0.33796296296296297 0.7721354166666666 0.3375 0.765625 0.33055555555555555 0.7630208333333334 0.28379629629629627 0.7645833333333333 0.23425925925925925 0.7721354166666666 0.22592592592592592 0.7791666666666667 0.22592592592592592
0 0.8994791666666667 0.24722222222222223 0.9080729166666667 0.2550925925925926 0.9143229166666667 0.28935185185185186 0.9127604166666666 0.2986111111111111 0.9130208333333333 0.3490740740740741 0.9104166666666667 0.3560185185185185 0.9015625 0.36064814814814816 0.88984375 0.3592592592592593 0.8815104166666666 0.3458333333333333 0.88359375 0.3277777777777778 0.8833333333333333 0.2898148148148148 0.8783854166666667 0.2763888888888889 0.8859375 0.25092592592592594 0.8911458333333333 0.24722222222222223 0.89921875 0.24722222222222223
0 0.06276041666666667 0.3263888888888889 0.07838541666666667 0.33055555555555555 0.08229166666666667 0.3384259259259259 0.07447916666666667 0.4046296296296296 0.06901041666666667 0.41898148148148145 0.06458333333333334 0.42083333333333334 0.052083333333333336 0.4148148148148148 0.04869791666666667 0.40185185185185185 0.051041666666666666 0.37175925925925923 0.05625 0.3388888888888889 0.05859375 0.3287037037037037 0.0625 0.3263888888888889
0 0.5947916666666667 0.11203703703703703 0.59921875 0.1162037037037037 0.6005208333333333 0.12268518518518519 0.5997395833333333 0.2064814814814815 0.5963541666666666 0.2175925925925926 0.58671875 0.22407407407407406 0.5776041666666667 0.22037037037037038 0.5723958333333333 0.20694444444444443 0.5744791666666667 0.1259259259259259 0.57578125 0.1162037037037037 0.5783854166666667 0.11296296296296296 0.59453125 0.11203703703703703
0 0.6703125 0.11388888888888889 0.6739583333333333 0.11898148148148148 0.6760416666666667 0.13657407407407407 0.675 0.20092592592592592 0.6763020833333333 0.21342592592592594 0.67265625 0.22037037037037038 0.66171875 0.22777777777777777 0.6510416666666666 0.22407407407407406 0.6466145833333333 0.21435185185185185 0.6497395833333334 0.13333333333333333 0.65078125 0.12314814814814815 0.65390625 0.11481481481481481 0.6606770833333333 0.11157407407407408 0.6700520833333333 0.11388888888888889
0 0.778125 0.5412037037037037 0.7864583333333334 0.5462962962962963 0.7885416666666667 0.5541666666666667 0.7908854166666667 0.6111111111111112 0.78984375 0.6402777777777777 0.7864583333333334 0.6462962962962963 0.7783854166666667 0.649074074074074 0.7692708333333333 0.6476851851851851 0.7645833333333333 0.6370370370370371 0.7619791666666667 0.562962962962963 0.7645833333333333 0.5458333333333333 0.7778645833333333 0.5412037037037037
0 0.5895833333333333 0.23148148148148148 0.5994791666666667 0.2351851851851852 0.6020833333333333 0.26157407407407407 0.6020833333333333 0.34444444444444444 0.5984375 0.3541666666666667 0.5919270833333333 0.3578703703703704 0.578125 0.35462962962962963 0.5736979166666667 0.3453703703703704 0.5731770833333333 0.3347222222222222 0.5752604166666667 0.24212962962962964 0.5783854166666667 0.23425925925925925 0.5893229166666667 0.23148148148148148
0 0.93671875 0.5421296296296296 0.9427083333333334 0.5486111111111112 0.94609375 0.5625 0.9479166666666666 0.5842592592592593 0.9481770833333333 0.6486111111111111 0.9455729166666667 0.662962962962963 0.9359375 0.6662037037037037 0.9260416666666667 0.6648148148148149 0.92109375 0.6578703703703703 0.9177083333333333 0.6185185185185185 0.9184895833333333 0.5912037037037037 0.9166666666666666 0.5532407407407407 0.9182291666666667 0.5476851851851852 0.9231770833333334 0.5430555555555555 0.9364583333333333 0.5421296296296296
0 0.58515625 0.6805555555555556 0.5934895833333333 0.6851851851851852 0.5963541666666666 0.6925925925925925 0.596875 0.7620370370370371 0.59140625 0.8004629629629629 0.58671875 0.8069444444444445 0.5796875 0.8087962962962963 0.5713541666666667 0.8078703703703703 0.5669270833333333 0.8 0.5661458333333333 0.7824074074074074 0.56796875 0.7652777777777777 0.56640625 0.7449074074074075 0.57109375 0.6856481481481481 0.5763020833333333 0.6805555555555556 0.5848958333333333 0.6805555555555556
0 0.703125 0.674074074074074 0.7104166666666667 0.6819444444444445 0.7119791666666667 0.6949074074074074 0.7111979166666667 0.7796296296296297 0.71015625 0.7893518518518519 0.7067708333333333 0.7921296296296296 0.6877604166666667 0.7907407407407407 0.6833333333333333 0.7865740740740741 0.6815104166666667 0.7796296296296297 0.68515625 0.6814814814814815 0.6885416666666667 0.675 0.6921875 0.6731481481481482 0.7028645833333333 0.674074074074074
0 0.7403645833333333 0.6842592592592592 0.7447916666666666 0.6893518518518519 0.7466145833333333 0.6986111111111111 0.7494791666666667 0.7703703703703704 0.7486979166666666 0.7759259259259259 0.7458333333333333 0.7796296296296297 0.7380208333333333 0.7819444444444444 0.7270833333333333 0.7810185185185186 0.7244791666666667 0.7763888888888889 0.7192708333333333 0.6921296296296297 0.7255208333333333 0.6851851851851852 0.7401041666666667 0.6842592592592592
0 0.5440104166666667 0.6671296296296296 0.55 0.6694444444444444 0.5536458333333333 0.675 0.5549479166666667 0.7560185185185185 0.5533854166666666 0.7754629629629629 0.55078125 0.7810185185185186 0.5434895833333333 0.7861111111111111 0.5325520833333334 0.7833333333333333 0.5283854166666667 0.774537037037037 0.5268229166666667 0.6921296296296297 0.5294270833333333 0.6736111111111112 0.5356770833333333 0.6675925925925926 0.54375 0.6671296296296296
0 0.61953125 0.5324074074074074 0.6276041666666666 0.5342592592592592 0.6317708333333333 0.5430555555555555 0.6354166666666666 0.625 0.6338541666666667 0.6430555555555556 0.6268229166666667 0.6509259259259259 0.6158854166666666 0.6513888888888889 0.6098958333333333 0.6476851851851851 0.6072916666666667 0.6402777777777777 0.6046875 0.5453703703703704 0.6057291666666667 0.5388888888888889 0.6088541666666667 0.5342592592592592 0.6192708333333333 0.5328703703703703
0 0.6307291666666667 0.22962962962962963 0.6361979166666667 0.23425925925925925 0.6385416666666667 0.24722222222222223 0.6390625 0.32407407407407407 0.6369791666666667 0.3365740740740741 0.6276041666666666 0.34074074074074073 0.6158854166666666 0.33935185185185185 0.6122395833333333 0.3314814814814815 0.6114583333333333 0.2449074074074074 0.6125 0.23657407407407408 0.6169270833333333 0.23055555555555557 0.63046875 0.22962962962962963
0 0.5471354166666667 0.525 0.5588541666666667 0.5291666666666667 0.5606770833333333 0.5476851851851852 0.5578125 0.6347222222222222 0.5544270833333333 0.6416666666666667 0.5497395833333333 0.6439814814814815 0.5361979166666667 0.6412037037037037 0.5330729166666667 0.6370370370370371 0.53203125 0.6305555555555555 0.534375 0.5319444444444444 0.53828125 0.5259259259259259 0.546875 0.525
0 0.74609375 0.37222222222222223 0.7723958333333333 0.37546296296296294 0.7776041666666667 0.37962962962962965 0.7799479166666666 0.39166666666666666 0.7794270833333333 0.4111111111111111 0.7765625 0.41944444444444445 0.7723958333333333 0.4217592592592593 0.7286458333333333 0.4185185185185185 0.71875 0.41388888888888886 0.7166666666666667 0.40694444444444444 0.7166666666666667 0.3875 0.7205729166666667 0.3736111111111111 0.7458333333333333 0.37222222222222223
0 0.9033854166666667 0.5546296296296296 0.9065104166666667 0.5671296296296297 0.9067708333333333 0.6402777777777777 0.90078125 0.6583333333333333 0.890625 0.6601851851851852 0.8833333333333333 0.6587962962962963 0.8796875 0.6513888888888889 0.8799479166666667 0.6231481481481481 0.8783854166666667 0.6129629629629629 0.8794270833333333 0.5592592592592592 0.8822916666666667 0.5527777777777778 0.8893229166666666 0.5509259259259259 0.903125 0.5546296296296296
0 0.38828125 0.36666666666666664 0.39296875 0.36944444444444446 0.39479166666666665 0.37407407407407406 0.39479166666666665 0.40185185185185185 0.39036458333333335 0.4703703703703704 0.3875 0.4837962962962963 0.38255208333333335 0.48657407407407405 0.36640625 0.48194444444444445 0.36354166666666665 0.4666666666666667 0.3697916666666667 0.3851851851851852 0.37265625 0.3712962962962963 0.3765625 0.36574074074074076 0.3880208333333333 0.36666666666666664
0 0.66015625 0.9634259259259259 0.665625 0.9671296296296297 0.6705729166666666 0.9773148148148149 0.6721354166666667 0.999537037037037 0.6424479166666667 0.999537037037037 0.64296875 0.9773148148148149 0.6450520833333333 0.9708333333333333 0.6510416666666666 0.9643518518518519 0.6598958333333333 0.9634259259259259
0 0.8533854166666667 0.23842592592592593 0.8588541666666667 0.24259259259259258 0.8630208333333333 0.25555555555555554 0.8651041666666667 0.2722222222222222 0.8640625 0.2773148148148148 0.86640625 0.3296296296296296 0.8627604166666667 0.3421296296296296 0.8494791666666667 0.3453703703703704 0.84140625 0.3425925925925926 0.8390625 0.3337962962962963 0.8348958333333333 0.25277777777777777 0.8403645833333333 0.24027777777777778 0.853125 0.23842592592592593
0 0.7377604166666667 0.5282407407407408 0.7481770833333333 0.5324074074074074 0.75078125 0.5393518518518519 0.7513020833333334 0.5986111111111111 0.7481770833333333 0.6296296296296297 0.74296875 0.6337962962962963 0.7317708333333334 0.6337962962962963 0.72734375 0.6305555555555555 0.7247395833333333 0.6231481481481481 0.7260416666666667 0.5356481481481481 0.7278645833333334 0.5310185185185186 0.7375 0.5287037037037037
0 0.6294270833333333 0.09583333333333334 0.6346354166666667 0.10185185185185185 0.6375 0.11898148148148148 0.6385416666666667 0.15416666666666667 0.6369791666666667 0.19027777777777777 0.6341145833333334 0.20324074074074075 0.6244791666666667 0.20833333333333334 0.6151041666666667 0.2064814814814815 0.6104166666666667 0.19444444444444445 0.6109375 0.1111111111111111 0.6127604166666667 0.10277777777777777 0.6169270833333333 0.09722222222222222 0.6291666666666667 0.09583333333333334
0 0.9635416666666666 0.2388888888888889 0.971875 0.24351851851851852 0.9755208333333333 0.25046296296296294 0.9786458333333333 0.3138888888888889 0.9768229166666667 0.3384259259259259 0.9747395833333333 0.3458333333333333 0.9638020833333333 0.3527777777777778 0.9510416666666667 0.3490740740740741 0.94453125 0.33287037037037037 0.9466145833333334 0.29398148148148145 0.9450520833333333 0.2675925925925926 0.94609375 0.25555555555555554 0.9526041666666667 0.24166666666666667 0.96328125 0.2388888888888889
0 0.8559895833333333 0.5435185185185185 0.8661458333333333 0.5476851851851852 0.86875 0.5546296296296296 0.86640625 0.6453703703703704 0.86328125 0.6606481481481481 0.8572916666666667 0.6666666666666666 0.8484375 0.6662037037037037 0.8416666666666667 0.6620370370370371 0.83828125 0.6546296296296297 0.8377604166666667 0.6472222222222223 0.8419270833333333 0.5597222222222222 0.8473958333333333 0.5453703703703704 0.8557291666666667 0.5435185185185185
0 0.8546875 0.986574074074074 0.8635416666666667 0.9902777777777778 0.8674479166666667 0.999537037037037 0.8403645833333333 0.999537037037037 0.8440104166666667 0.9898148148148148 0.8544270833333333 0.986574074074074
0 0.7809895833333333 0.6722222222222223 0.78671875 0.6754629629629629 0.7903645833333334 0.6875 0.7921875 0.7754629629629629 0.7872395833333333 0.7916666666666666 0.7794270833333333 0.7953703703703704 0.7705729166666667 0.7935185185185185 0.76484375 0.7828703703703703 0.7630208333333334 0.6935185185185185 0.765625 0.674537037037037 0.7807291666666667 0.6722222222222223
0 0.665625 0.2564814814814815 0.66875 0.25833333333333336 0.671875 0.2662037037037037 0.6729166666666667 0.2967592592592593 0.6716145833333333 0.33796296296296297 0.6682291666666667 0.3435185185185185 0.6578125 0.34444444444444444 0.6502604166666667 0.34305555555555556 0.646875 0.3375 0.6473958333333333 0.2708333333333333 0.6513020833333333 0.25787037037037036 0.6653645833333334 0.2564814814814815
0 0.7015625 0.24074074074074073 0.7065104166666667 0.24259259259259258 0.7109375 0.24861111111111112 0.7119791666666667 0.28055555555555556 0.7114583333333333 0.33935185185185185 0.7104166666666667 0.3425925925925926 0.703125 0.34675925925925927 0.6927083333333334 0.3453703703703704 0.6877604166666667 0.3384259259259259 0.6859375 0.2740740740740741 0.6861979166666666 0.2537037037037037 0.6880208333333333 0.2449074074074074 0.6924479166666667 0.2412037037037037 0.7013020833333333 0.24074074074074073
0 0.6567708333333333 0.6842592592592592 0.6716145833333333 0.6898148148148148 0.6734375 0.6976851851851852 0.6723958333333333 0.7791666666666667 0.6692708333333334 0.7921296296296296 0.665625 0.7986111111111112 0.66171875 0.8004629629629629 0.64921875 0.7976851851851852 0.6453125 0.7875 0.64609375 0.6995370370370371 0.6502604166666667 0.6861111111111111 0.6565104166666667 0.6842592592592592
0 0.7046875 0.5467592592592593 0.7106770833333333 0.549074074074074 0.7138020833333333 0.5569444444444445 0.7151041666666667 0.6101851851851852 0.7119791666666667 0.6152777777777778 0.69453125 0.6152777777777778 0.690625 0.6111111111111112 0.6919270833333333 0.5912037037037037 0.690625 0.5532407407407407 0.69296875 0.549074074074074 0.7044270833333334 0.5467592592592593
0 0.6997395833333333 0.1125 0.7075520833333333 0.11527777777777778 0.7104166666666667 0.12037037037037036 0.71171875 0.17175925925925925 0.71015625 0.20277777777777778 0.70546875 0.20972222222222223 0.6994791666666667 0.21157407407407408 0.6890625 0.20972222222222223 0.6856770833333333 0.2 0.6869791666666667 0.12175925925925926 0.6895833333333333 0.11574074074074074 0.6994791666666667 0.1125
0 0.8205729166666667 0.2300925925925926 0.8244791666666667 0.2439814814814815 0.82578125 0.30648148148148147 0.82265625 0.3143518518518518 0.8091145833333333 0.31666666666666665 0.8036458333333333 0.31527777777777777 0.80078125 0.3074074074074074 0.8020833333333334 0.27546296296296297 0.8002604166666667 0.23935185185185184 0.8049479166666667 0.22916666666666666 0.8203125 0.2300925925925926
0 0.7736979166666667 0.10833333333333334 0.77890625 0.10925925925925926 0.7838541666666666 0.11435185185185186 0.7869791666666667 0.15787037037037038 0.784375 0.20462962962962963 0.7807291666666667 0.2101851851851852 0.7731770833333333 0.21388888888888888 0.7658854166666667 0.20972222222222223 0.7588541666666667 0.19583333333333333 0.759375 0.15601851851851853 0.7572916666666667 0.12638888888888888 0.75859375 0.11666666666666667 0.7614583333333333 0.11157407407407408 0.7734375 0.10833333333333334
0 0.5888020833333333 0.4134259259259259 0.640625 0.44537037037037036 0.64296875 0.4513888888888889 0.640625 0.4759259259259259 0.6388020833333333 0.4842592592592593 0.63515625 0.4875 0.6231770833333333 0.48518518518518516 0.5880208333333333 0.4648148148148148 0.5786458333333333 0.4564814814814815 0.5752604166666667 0.4425925925925926 0.5778645833333333 0.425462962962963 0.58125 0.4166666666666667 0.5885416666666666 0.4134259259259259
0 0.7380208333333333 0 0.7846354166666667 0 0.7830729166666667 0.006944444444444444 0.7721354166666666 0.022222222222222223 0.7346354166666667 0.06111111111111111 0.73046875 0.06111111111111111 0.7239583333333334 0.05277777777777778 0.7203125 0.04259259259259259 0.7192708333333333 0.030555555555555555 0.72265625 0.018055555555555554 0.7380208333333333 0.000462962962962963
0 0.8145833333333333 0.6777777777777778 0.8216145833333334 0.6810185185185185 0.825 0.6875 0.8265625 0.7518518518518519 0.825 0.7796296296296297 0.82109375 0.7861111111111111 0.8143229166666667 0.7893518518518519 0.803125 0.7851851851851852 0.7997395833333333 0.774537037037037 0.8010416666666667 0.7412037037037037 0.7984375 0.6976851851851852 0.7994791666666666 0.6861111111111111 0.8018229166666667 0.6810185185185185 0.8143229166666667 0.6777777777777778