0 0.8885416666666667 0.12731481481481483 0.8942708333333333 0.12962962962962962 0.8973958333333333 0.14166666666666666 0.89921875 0.22361111111111112 0.8966145833333333 0.24027777777777778 0.8877604166666667 0.24444444444444444 0.8763020833333334 0.24259259259259258 0.871875 0.23472222222222222 0.8703125 0.2125 0.8721354166666667 0.19490740740740742 0.86875 0.15324074074074073 0.8739583333333333 0.1310185185185185 0.88828125 0.12731481481481483
0 0.8109375 0.10601851851851851 0.8161458333333333 0.10833333333333334 0.82109375 0.11574074074074074 0.8247395833333333 0.14537037037037037 0.821875 0.20046296296296295 0.8143229166666667 0.20787037037037037 0.8015625 0.2064814814814815 0.7963541666666667 0.1962962962962963 0.7986979166666667 0.17592592592592593 0.79609375 0.12314814814814815 0.80234375 0.10833333333333334 0.8106770833333333 0.10601851851851851
0 0.6244791666666667 0.6800925925925926 0.6309895833333333 0.6805555555555556 0.634375 0.6842592592592592 0.6377604166666667 0.7328703703703704 0.6372395833333333 0.7712962962962963 0.634375 0.8060185185185185 0.63046875 0.8152777777777778 0.6255208333333333 0.8175925925925925 0.6111979166666667 0.8148148148148148 0.6059895833333333 0.8037037037037037 0.6080729166666666 0.7805555555555556 0.6065104166666667 0.7509259259259259 0.60859375 0.7055555555555556 0.6145833333333334 0.6819444444444445 0.62421875 0.6800925925925926
0 0.036458333333333336 0.2777777777777778 0.04921875 0.2828703703703704 0.05182291666666667 0.2875 0.05260416666666667 0.2962962962962963 0.03984375 0.38333333333333336 0.03671875 0.3907407407407407 0.0328125 0.3925925925925926 0.023177083333333334 0.3907407407407407 0.015885416666666666 0.38425925925925924 0.013541666666666667 0.3768518518518518 0.013541666666666667 0.3680555555555556 0.018489583333333334 0.3287037037037037 0.027604166666666666 0.2824074074074074 0.030208333333333334 0.27824074074074073 0.03619791666666667 0.2777777777777778
0 0.7036458333333333 0.25462962962962965 0.71171875 0.2625 0.7135416666666666 0.3143518518518518 0.71171875 0.3523148148148148 0.709375 0.35694444444444445 0.7010416666666667 0.36018518518518516 0.6955729166666667 0.36018518518518516 0.6890625 0.3541666666666667 0.6861979166666666 0.2865740740740741 0.6885416666666667 0.2587962962962963 0.6924479166666667 0.25462962962962965 0.7033854166666667 0.25462962962962965
0 0.9638020833333333 0.12731481481481483 0.9716145833333333 0.13194444444444445 0.97578125 0.14027777777777778 0.9770833333333333 0.19583333333333333 0.9755208333333333 0.2310185185185185 0.9697916666666667 0.2375 0.9640625 0.2388888888888889 0.9536458333333333 0.2351851851851852 0.9489583333333333 0.2263888888888889 0.9463541666666667 0.15787037037037038 0.9471354166666667 0.14537037037037037 0.9502604166666667 0.13425925925925927 0.9567708333333333 0.12777777777777777 0.9635416666666666 0.12731481481481483
0 0.8486979166666667 0.13657407407407407 0.8565104166666667 0.13842592592592592 0.8596354166666667 0.1449074074074074 0.8604166666666667 0.2152777777777778 0.859375 0.2273148148148148 0.8567708333333334 0.23287037037037037 0.84765625 0.23657407407407408 0.83515625 0.2324074074074074 0.8333333333333334 0.21481481481481482 0.8348958333333333 0.1412037037037037 0.8393229166666667 0.13703703703703704 0.8484375 0.13657407407407407
0 0.8151041666666666 0.5532407407407407 0.821875 0.5560185185185185 0.8255208333333334 0.5675925925925925 0.8270833333333333 0.6462962962962963 0.8247395833333333 0.6625 0.8140625 0.6657407407407407 0.8036458333333333 0.663425925925926 0.8 0.6550925925925926 0.7986979166666667 0.5675925925925925 0.8015625 0.5555555555555556 0.81484375 0.5532407407407407
0 0.7419270833333333 0.2574074074074074 0.7486979166666666 0.26157407407407407 0.7520833333333333 0.2722222222222222 0.7546875 0.3421296296296296 0.7533854166666667 0.3587962962962963 0.7432291666666667 0.36342592592592593 0.7341145833333333 0.36203703703703705 0.7299479166666667 0.3541666666666667 0.7252604166666666 0.28194444444444444 0.7260416666666667 0.27175925925925926 0.7307291666666667 0.262037037037037 0.7416666666666667 0.2574074074074074
0 0.8614583333333333 0.6949074074074074 0.8700520833333333 0.7018518518518518 0.8729166666666667 0.7152777777777778 0.8744791666666667 0.7412037037037037 0.87421875 0.8055555555555556 0.871875 0.812037037037037 0.8643229166666667 0.8152777777777778 0.8489583333333334 0.8115740740740741 0.8442708333333333 0.7967592592592593 0.8458333333333333 0.7435185185185185 0.8440104166666667 0.7078703703703704 0.8479166666666667 0.6986111111111111 0.8611979166666667 0.6949074074074074
0 0.8984375 0.25972222222222224 0.9044270833333333 0.262037037037037 0.9088541666666666 0.2689814814814815 0.91484375 0.29907407407407405 0.91328125 0.3138888888888889 0.91484375 0.34814814814814815 0.9138020833333333 0.3625 0.9106770833333333 0.3699074074074074 0.9033854166666667 0.3731481481481482 0.8890625 0.37083333333333335 0.8828125 0.3625 0.8817708333333333 0.35694444444444445 0.8846354166666667 0.337037037037037 0.8828125 0.3 0.8791666666666667 0.29212962962962963 0.8794270833333333 0.2861111111111111 0.8864583333333333 0.2638888888888889 0.8981770833333333 0.25972222222222224
0 0.5807291666666666 0.85 0.6221354166666667 0.850925925925926 0.6286458333333333 0.8560185185185185 0.63046875 0.8675925925925926 0.6299479166666667 0.8861111111111111 0.6265625 0.8972222222222223 0.5989583333333334 0.9 0.5708333333333333 0.899074074074074 0.5640625 0.8949074074074074 0.5606770833333333 0.8810185185185185 0.5619791666666667 0.8592592592592593 0.5674479166666667 0.850925925925926 0.58046875 0.85
0 0.5486979166666667 0.5388888888888889 0.5598958333333334 0.5430555555555555 0.5609375 0.5652777777777778 0.559375 0.6435185185185185 0.55703125 0.6537037037037037 0.5494791666666666 0.6574074074074074 0.5369791666666667 0.6546296296296297 0.5328125 0.6444444444444445 0.5356770833333333 0.5430555555555555 0.5395833333333333 0.5393518518518519 0.5484375 0.5388888888888889
0 0.6671875 0.12546296296296297 0.67265625 0.12824074074074074 0.67578125 0.14027777777777778 0.6765625 0.2273148148148148 0.6734375 0.2337962962962963 0.6619791666666667 0.24074074074074073 0.64921875 0.23425925925925925 0.6471354166666666 0.22777777777777777 0.646875 0.20925925925925926 0.6494791666666667 0.18611111111111112 0.6510416666666666 0.1375 0.653125 0.12962962962962962 0.6565104166666667 0.12638888888888888 0.6669270833333333 0.12546296296296297
0 0.78515625 0.5569444444444445 0.7880208333333333 0.5606481481481481 0.790625 0.5763888888888888 0.7921875 0.6421296296296296 0.7893229166666667 0.6569444444444444 0.78046875 0.6615740740740741 0.7716145833333333 0.6611111111111111 0.765625 0.649537037037037 0.7651041666666667 0.6023148148148149 0.7627604166666667 0.5708333333333333 0.7645833333333333 0.5606481481481481 0.7674479166666667 0.5569444444444445 0.7734375 0.5546296296296296 0.7848958333333333 0.5569444444444445
0 0.5916666666666667 0.12407407407407407 0.59921875 0.12777777777777777 0.6013020833333333 0.13518518518518519 0.60078125 0.2074074074074074 0.5981770833333333 0.2273148148148148 0.5921875 0.23564814814814813 0.5861979166666667 0.2375 0.5778645833333333 0.23287037037037037 0.5731770833333333 0.21851851851851853 0.57578125 0.13240740740740742 0.58125 0.125 0.59140625 0.12407407407407407
0 0.6119791666666666 0.41759259259259257 0.6276041666666666 0.4356481481481482 0.6325520833333333 0.44675925925925924 0.6567708333333333 0.4842592592592593 0.65703125 0.49212962962962964 0.6544270833333333 0.5023148148148148 0.64765625 0.5162037037037037 0.6440104166666667 0.5175925925925926 0.6302083333333334 0.5050925925925925 0.62421875 0.49166666666666664 0.6096354166666667 0.4736111111111111 0.5973958333333333 0.4532407407407407 0.5955729166666667 0.4425925925925926 0.5984375 0.43148148148148147 0.6057291666666667 0.41898148148148145 0.61171875 0.41759259259259257
0 0.5955729166666667 0.2462962962962963 0.5994791666666667 0.24814814814814815 0.6010416666666667 0.2550925925925926 0.603125 0.3384259259259259 0.60234375 0.3560185185185185 0.5997395833333333 0.36527777777777776 0.5919270833333333 0.3712962962962963 0.5807291666666666 0.37037037037037035 0.5744791666666667 0.3587962962962963 0.5755208333333334 0.26851851851851855 0.578125 0.24861111111111112 0.58671875 0.24537037037037038 0.5953125 0.2462962962962963
0 0.93671875 0.5541666666666667 0.9432291666666667 0.5597222222222222 0.9466145833333334 0.5712962962962963 0.94921875 0.6476851851851851 0.9489583333333333 0.6648148148148149 0.9463541666666667 0.674537037037037 0.9369791666666667 0.6787037037037037 0.9252604166666667 0.6754629629629629 0.9213541666666667 0.6657407407407407 0.9171875 0.5717592592592593 0.9177083333333333 0.5634259259259259 0.9208333333333333 0.5583333333333333 0.9283854166666666 0.5541666666666667 0.9364583333333333 0.5541666666666667
0 0.5817708333333333 0.6935185185185185 0.5942708333333333 0.6990740740740741 0.5973958333333333 0.7162037037037037 0.5940104166666667 0.7652777777777777 0.5942708333333333 0.8055555555555556 0.5893229166666667 0.8194444444444444 0.5833333333333334 0.8222222222222222 0.575 0.8212962962962963 0.5700520833333333 0.8166666666666667 0.5677083333333334 0.8106481481481481 0.5669270833333333 0.799537037037037 0.5716145833333334 0.7027777777777777 0.57421875 0.6958333333333333 0.5815104166666667 0.6935185185185185
0 0.7036458333333333 0.687037037037037 0.7104166666666667 0.6916666666666667 0.71328125 0.7041666666666667 0.7125 0.7902777777777777 0.7106770833333333 0.8037037037037037 0.7072916666666667 0.8055555555555556 0.6880208333333333 0.8037037037037037 0.6846354166666667 0.8004629629629629 0.6828125 0.7916666666666666 0.6859375 0.6962962962962963 0.6890625 0.6884259259259259 0.6919270833333333 0.6865740740740741 0.7033854166666667 0.687037037037037
0 0.7411458333333333 0.6972222222222222 0.7458333333333333 0.7023148148148148 0.7481770833333333 0.7138888888888889 0.7510416666666667 0.7685185185185185 0.7497395833333333 0.7898148148148149 0.74140625 0.7949074074074074 0.73046875 0.7949074074074074 0.7263020833333333 0.7912037037037037 0.7205729166666667 0.7125 0.7208333333333333 0.7060185185185185 0.7236979166666667 0.700462962962963 0.7408854166666666 0.6972222222222222
0 0.5440104166666667 0.6800925925925926 0.5513020833333333 0.6833333333333333 0.5544270833333333 0.6912037037037037 0.5559895833333334 0.7722222222222223 0.553125 0.7921296296296296 0.54375 0.8 0.53515625 0.7981481481481482 0.5299479166666666 0.7902777777777777 0.52734375 0.7560185185185185 0.5286458333333334 0.6893518518518519 0.5328125 0.6828703703703703 0.54375 0.6800925925925926
0 0.62421875 0.5458333333333333 0.6299479166666667 0.5486111111111112 0.6333333333333333 0.5601851851851852 0.6364583333333333 0.6393518518518518 0.63359375 0.6583333333333333 0.6268229166666667 0.6648148148148149 0.6135416666666667 0.663425925925926 0.6091145833333333 0.6574074074074074 0.6052083333333333 0.575 0.6057291666666667 0.5555555555555556 0.6078125 0.549537037037037 0.6127604166666667 0.5462962962962963 0.6239583333333333 0.5458333333333333
0 0.8192708333333333 0.6921296296296297 0.8252604166666667 0.6962962962962963 0.82734375 0.7018518518518518 0.828125 0.7685185185185185 0.8252604166666667 0.7953703703703704 0.8174479166666667 0.8018518518518518 0.8075520833333333 0.8004629629629629 0.8020833333333334 0.7935185185185185 0.8005208333333333 0.7444444444444445 0.8020833333333334 0.7319444444444444 0.79921875 0.7097222222222223 0.7997395833333333 0.7023148148148148 0.8033854166666666 0.6939814814814815 0.8190104166666666 0.6921296296296297
0 0.6614583333333334 0.2689814814814815 0.66953125 0.2712962962962963 0.6731770833333334 0.2810185185185185 0.67265625 0.34629629629629627 0.671875 0.3537037037037037 0.6690104166666667 0.35648148148148145 0.6518229166666667 0.3560185185185185 0.6473958333333333 0.3472222222222222 0.6494791666666667 0.324537037037037 0.6486979166666667 0.2791666666666667 0.6515625 0.2712962962962963 0.6611979166666667 0.2689814814814815
0 0.7145833333333333 0.3814814814814815 0.7549479166666667 0.3888888888888889 0.7575520833333333 0.39861111111111114 0.75625 0.42453703703703705 0.7549479166666667 0.42916666666666664 0.74921875 0.43194444444444446 0.7015625 0.42824074074074076 0.6963541666666667 0.425 0.69453125 0.4148148148148148 0.69609375 0.3888888888888889 0.70234375 0.3819444444444444 0.7143229166666667 0.3814814814814815
0 0.63125 0.24259259259259258 0.6354166666666666 0.24537037037037038 0.63828125 0.2537037037037037 0.6385416666666667 0.30462962962962964 0.640625 0.32546296296296295 0.6377604166666667 0.3490740740740741 0.628125 0.3541666666666667 0.6161458333333333 0.35185185185185186 0.6127604166666667 0.34120370370370373 0.6119791666666666 0.25833333333333336 0.6127604166666667 0.24953703703703703 0.61640625 0.2439814814814815 0.6309895833333333 0.24259259259259258
0 0.8971354166666666 0.5638888888888889 0.90390625 0.5671296296296297 0.9078125 0.5745370370370371 0.9088541666666666 0.6226851851851852 0.9078125 0.6638888888888889 0.9057291666666667 0.6680555555555555 0.8973958333333333 0.6731481481481482 0.8817708333333333 0.6680555555555555 0.8794270833333333 0.6203703703703703 0.8807291666666667 0.5680555555555555 0.8838541666666667 0.5648148148148148 0.896875 0.5638888888888889
0 0.7098958333333333 0.5606481481481481 0.7143229166666667 0.5652777777777778 0.71640625 0.5828703703703704 0.7161458333333334 0.6231481481481481 0.71484375 0.6273148148148148 0.7106770833333333 0.6287037037037037 0.6955729166666667 0.6287037037037037 0.6916666666666667 0.625 0.6934895833333333 0.6032407407407407 0.6919270833333333 0.5657407407407408 0.6989583333333333 0.5601851851851852 0.7096354166666666 0.5606481481481481
0 0.6611979166666667 0.9773148148148149 0.6658854166666667 0.9800925925925926 0.67109375 0.9884259259259259 0.6734375 0.999537037037037 0.6453125 0.999537037037037 0.6450520833333333 0.9939814814814815 0.6489583333333333 0.9810185185185185 0.6609375 0.9773148148148149
0 0.8533854166666667 0.25092592592592594 0.8591145833333333 0.2550925925925926 0.86328125 0.26481481481481484 0.8674479166666667 0.337037037037037 0.8645833333333334 0.35324074074074074 0.8528645833333334 0.3574074074074074 0.84375 0.35648148148148145 0.8403645833333333 0.34953703703703703 0.8354166666666667 0.26666666666666666 0.8395833333333333 0.25462962962962965 0.853125 0.25092592592592594
0 0.7411458333333333 0.5412037037037037 0.7494791666666667 0.5458333333333333 0.7518229166666667 0.5523148148148148 0.75234375 0.6097222222222223 0.7494791666666667 0.6412037037037037 0.7401041666666667 0.6476851851851851 0.7307291666666667 0.6458333333333334 0.7268229166666667 0.6407407407407407 0.7260416666666667 0.600925925925926 0.72734375 0.5462962962962963 0.7408854166666666 0.5412037037037037
0 0.6302083333333334 0.10925925925925926 0.63515625 0.11527777777777778 0.6377604166666667 0.13240740740740742 0.6375 0.2037037037037037 0.6341145833333334 0.21712962962962962 0.62421875 0.22175925925925927 0.615625 0.21944444444444444 0.6111979166666667 0.20694444444444443 0.6119791666666666 0.12361111111111112 0.6166666666666667 0.1111111111111111 0.621875 0.10833333333333334 0.6299479166666667 0.10925925925925926
0 0.9645833333333333 0.2518518518518518 0.9752604166666666 0.26157407407407407 0.978125 0.29953703703703705 0.9778645833333334 0.3365740740740741 0.97578125 0.3560185185185185 0.9705729166666667 0.36342592592592593 0.96484375 0.36527777777777776 0.9528645833333333 0.3625 0.9453125 0.34629629629629627 0.9479166666666666 0.3050925925925926 0.94609375 0.2708333333333333 0.95234375 0.2550925925925926 0.9643229166666667 0.2518518518518518
0 0.8609375 0.5574074074074075 0.8690104166666667 0.5638888888888889 0.8700520833333333 0.5833333333333334 0.8666666666666667 0.6643518518518519 0.8635416666666667 0.675 0.8591145833333333 0.6796296296296296 0.8486979166666667 0.6791666666666667 0.8427083333333333 0.6754629629629629 0.8393229166666667 0.6680555555555555 0.8385416666666666 0.6578703703703703 0.8411458333333334 0.6361111111111111 0.8421875 0.5828703703703704 0.84453125 0.5652777777777778 0.8502604166666666 0.5569444444444445 0.8606770833333334 0.5574074074074075
0 0.6635416666666667 0.6990740740740741 0.6723958333333333 0.7018518518518518 0.6752604166666667 0.7092592592592593 0.6752604166666667 0.7555555555555555 0.6739583333333333 0.7907407407407407 0.6716145833333333 0.8060185185185185 0.6684895833333333 0.8111111111111111 0.6627604166666666 0.8138888888888889 0.6494791666666667 0.8111111111111111 0.6463541666666667 0.8046296296296296 0.64609375 0.7861111111111111 0.6481770833333333 0.7490740740740741 0.6473958333333333 0.725925925925926 0.6502604166666667 0.7027777777777777 0.65390625 0.6986111111111111 0.66328125 0.6990740740740741
0 0.7833333333333333 0.6861111111111111 0.78984375 0.6925925925925925 0.79296875 0.7162037037037037 0.7934895833333333 0.7814814814814814 0.7934895833333333 0.7893518518518519 0.7901041666666667 0.8027777777777778 0.7833333333333333 0.8083333333333333 0.7723958333333333 0.8074074074074075 0.7666666666666667 0.799537037037037 0.7635416666666667 0.7412037037037037 0.765625 0.6893518518518519 0.7690104166666667 0.6861111111111111 0.7830729166666667 0.6861111111111111
0 0.7036458333333333 0.12638888888888888 0.71015625 0.12962962962962962 0.7114583333333333 0.13472222222222222 0.7122395833333334 0.19722222222222222 0.7104166666666667 0.21944444444444444 0.7005208333333334 0.22453703703703703 0.6916666666666667 0.22361111111111112 0.68671875 0.21574074074074073 0.6872395833333333 0.1375 0.6890625 0.12916666666666668 0.7033854166666667 0.12638888888888888
0 0.7427083333333333 0.09490740740740741 0.7481770833333333 0.09861111111111111 0.75078125 0.10555555555555556 0.7497395833333333 0.18703703703703703 0.7473958333333334 0.2101851851851852 0.7388020833333333 0.21666666666666667 0.7268229166666667 0.2152777777777778 0.7216145833333333 0.2074074074074074 0.7234375 0.12175925925925926 0.7252604166666666 0.10648148148148148 0.7286458333333333 0.09814814814814815 0.7341145833333333 0.09444444444444444 0.7424479166666667 0.09490740740740741
0 0.8171875 0.2412037037037037 0.821875 0.2439814814814815 0.8244791666666667 0.25277777777777777 0.8263020833333333 0.27546296296296297 0.8260416666666667 0.32037037037037036 0.82265625 0.3277777777777778 0.8122395833333333 0.3296296296296296 0.8041666666666667 0.3282407407407407 0.8013020833333333 0.3212962962962963 0.8026041666666667 0.2902777777777778 0.80078125 0.2550925925925926 0.8044270833333333 0.24259259259259258 0.8169270833333333 0.2412037037037037
0 0.77890625 0.2388888888888889 0.7864583333333334 0.24305555555555555 0.790625 0.2523148148148148 0.7921875 0.32037037037037036 0.78984375 0.3458333333333333 0.78671875 0.34953703703703703 0.77890625 0.3509259259259259 0.7716145833333333 0.34953703703703703 0.765625 0.34074074074074073 0.7638020833333333 0.2810185185185185 0.76484375 0.24814814814814815 0.7705729166666667 0.24027777777777778 0.7786458333333334 0.2388888888888889
0 0.7783854166666667 0.12222222222222222 0.7833333333333333 0.125 0.784375 0.1287037037037037 0.7869791666666667 0.20092592592592592 0.7838541666666666 0.22037037037037038 0.7744791666666667 0.2263888888888889 0.7651041666666667 0.22268518518518518 0.7596354166666667 0.20972222222222223 0.7575520833333333 0.15787037037037038 0.75859375 0.13703703703703704 0.7619791666666667 0.125 0.7671875 0.12175925925925926 0.778125 0.12222222222222222