0 0.8903645833333333 0.12685185185185185 0.89375 0.12916666666666668 0.8955729166666667 0.1361111111111111 0.8986979166666667 0.2 0.89609375 0.23657407407407408 0.8877604166666667 0.24259259259259258 0.8765625 0.24212962962962964 0.8708333333333333 0.2337962962962963 0.8692708333333333 0.22453703703703703 0.8684895833333334 0.15092592592592594 0.8697916666666666 0.13657407407407407 0.87265625 0.12916666666666668 0.87890625 0.1259259259259259 0.8901041666666667 0.12685185185185185
0 0.8106770833333333 0.10462962962962963 0.815625 0.10787037037037037 0.8203125 0.11898148148148148 0.8229166666666666 0.16203703703703703 0.8197916666666667 0.19907407407407407 0.8171875 0.2037037037037037 0.8096354166666667 0.2064814814814815 0.79921875 0.2037037037037037 0.7947916666666667 0.19537037037037036 0.7966145833333333 0.16620370370370371 0.7940104166666667 0.12638888888888888 0.8002604166666667 0.10787037037037037 0.8104166666666667 0.10462962962962963
0 0.7770833333333333 0.5523148148148148 0.7828125 0.5541666666666667 0.78671875 0.5597222222222222 0.78984375 0.5902777777777778 0.78984375 0.649537037037037 0.7875 0.6560185185185186 0.7794270833333333 0.6606481481481481 0.76953125 0.6592592592592592 0.7645833333333333 0.65 0.7614583333333333 0.5861111111111111 0.7627604166666667 0.5601851851851852 0.7692708333333333 0.5537037037037037 0.7768229166666667 0.5523148148148148
0 0.7421875 0.2564814814814815 0.74765625 0.26064814814814813 0.7505208333333333 0.2712962962962963 0.753125 0.3486111111111111 0.7513020833333334 0.3592592592592593 0.7388020833333333 0.36157407407407405 0.7307291666666667 0.35833333333333334 0.7270833333333333 0.3509259259259259 0.7263020833333333 0.29305555555555557 0.72421875 0.27824074074074073 0.7255208333333333 0.26851851851851855 0.7302083333333333 0.2587962962962963 0.7419270833333333 0.2564814814814815
0 0.05182291666666667 0.19722222222222222 0.06171875 0.20277777777777778 0.06484375 0.21296296296296297 0.06510416666666667 0.22361111111111112 0.061197916666666664 0.23796296296296296 0.055989583333333336 0.2828703703703704 0.051041666666666666 0.29768518518518516 0.04375 0.30648148148148147 0.03828125 0.30462962962962964 0.029427083333333333 0.29444444444444445 0.029166666666666667 0.26064814814814813 0.03984375 0.20277777777777778 0.043229166666666666 0.19814814814814816 0.0515625 0.19722222222222222
0 0.7033854166666667 0.25324074074074077 0.7078125 0.25601851851851853 0.7109375 0.2652777777777778 0.7111979166666667 0.3476851851851852 0.7080729166666667 0.35555555555555557 0.7013020833333333 0.3578703703703704 0.6921875 0.35648148148148145 0.6872395833333333 0.35185185185185186 0.6848958333333334 0.2898148148148148 0.6869791666666667 0.2569444444444444 0.69140625 0.25324074074074077 0.703125 0.25324074074074077
0 0.9645833333333333 0.12685185185185185 0.97109375 0.13287037037037036 0.9744791666666667 0.14166666666666666 0.97578125 0.19907407407407407 0.97421875 0.22824074074074074 0.9708333333333333 0.2337962962962963 0.9651041666666667 0.23657407407407408 0.9528645833333333 0.2337962962962963 0.9471354166666667 0.22361111111111112 0.946875 0.17083333333333334 0.9447916666666667 0.15833333333333333 0.94609375 0.14074074074074075 0.9505208333333334 0.1300925925925926 0.95625 0.1259259259259259 0.9643229166666667 0.12685185185185185
0 0.8484375 0.13564814814814816 0.8557291666666667 0.1375 0.8583333333333333 0.1439814814814815 0.8591145833333333 0.1824074074074074 0.8572916666666667 0.22407407407407406 0.8536458333333333 0.2324074074074074 0.84765625 0.23472222222222222 0.8346354166666666 0.23194444444444445 0.8322916666666667 0.2273148148148148 0.8315104166666667 0.21851851851851853 0.8328125 0.14074074074074075 0.8380208333333333 0.13564814814814816 0.8481770833333333 0.13564814814814816
0 0.6825520833333333 0.3907407407407407 0.6895833333333333 0.3990740740740741 0.703125 0.47314814814814815 0.703125 0.48657407407407405 0.7010416666666667 0.49444444444444446 0.6856770833333333 0.5027777777777778 0.6783854166666666 0.4949074074074074 0.6640625 0.41712962962962963 0.6658854166666667 0.40046296296296297 0.67265625 0.3939814814814815 0.6822916666666666 0.3907407407407407
0 0.8583333333333333 0.6935185185185185 0.865625 0.6972222222222222 0.86953125 0.7032407407407407 0.8716145833333333 0.7185185185185186 0.8729166666666667 0.8037037037037037 0.8703125 0.8111111111111111 0.8653645833333333 0.8138888888888889 0.8479166666666667 0.8106481481481481 0.8432291666666667 0.7912037037037037 0.8442708333333333 0.7398148148148148 0.8416666666666667 0.725462962962963 0.8419270833333333 0.7078703703703704 0.8481770833333333 0.6958333333333333 0.8580729166666666 0.6935185185185185
0 0.5901041666666667 0.2439814814814815 0.59765625 0.2462962962962963 0.5997395833333333 0.2523148148148148 0.6018229166666667 0.2814814814814815 0.6015625 0.3388888888888889 0.6 0.3597222222222222 0.5966145833333333 0.36527777777777776 0.5893229166666667 0.36944444444444446 0.57890625 0.3675925925925926 0.57421875 0.3625 0.5721354166666667 0.3439814814814815 0.5744791666666667 0.2537037037037037 0.5778645833333333 0.24583333333333332 0.58984375 0.2439814814814815
0 0.6239583333333333 0.5439814814814815 0.6299479166666667 0.549074074074074 0.63203125 0.5615740740740741 0.6346354166666667 0.6444444444444445 0.63046875 0.6592592592592592 0.6205729166666667 0.662962962962963 0.6119791666666666 0.6615740740740741 0.60703125 0.6537037037037037 0.6036458333333333 0.562962962962963 0.6044270833333333 0.5532407407407407 0.6072916666666667 0.5462962962962963 0.6236979166666666 0.5439814814814815
0 0.66171875 0.12361111111111112 0.6721354166666667 0.12824074074074074 0.6752604166666667 0.14953703703703702 0.6744791666666666 0.2263888888888889 0.66171875 0.2388888888888889 0.65 0.2351851851851852 0.6471354166666666 0.23055555555555557 0.6455729166666667 0.22083333333333333 0.6497395833333334 0.13564814814814816 0.6533854166666667 0.1259259259259259 0.6614583333333334 0.12361111111111112
0 0.59140625 0.12268518518518519 0.5981770833333333 0.12638888888888888 0.6002604166666666 0.13796296296296295 0.5989583333333334 0.21805555555555556 0.5934895833333333 0.2310185185185185 0.5859375 0.2351851851851852 0.5768229166666666 0.2310185185185185 0.5716145833333334 0.21944444444444444 0.57421875 0.13194444444444445 0.5791666666666667 0.12314814814814815 0.5911458333333334 0.12268518518518519
0 0.8559895833333333 0.5550925925925926 0.86640625 0.5592592592592592 0.8684895833333334 0.5689814814814815 0.8658854166666666 0.6643518518518519 0.8614583333333333 0.6759259259259259 0.8565104166666667 0.6787037037037037 0.84140625 0.674074074074074 0.83828125 0.6685185185185185 0.8372395833333334 0.6611111111111111 0.8419270833333333 0.5703703703703704 0.8466145833333333 0.5569444444444445 0.8557291666666667 0.5550925925925926
0 0.8947916666666667 0.5625 0.90234375 0.5657407407407408 0.9052083333333333 0.5708333333333333 0.9075520833333334 0.6439814814814815 0.9052083333333333 0.6657407407407407 0.90078125 0.6708333333333333 0.8942708333333333 0.6722222222222223 0.88359375 0.6708333333333333 0.8796875 0.6648148148148149 0.8783854166666667 0.5990740740740741 0.8794270833333333 0.5666666666666667 0.8833333333333333 0.5634259259259259 0.89453125 0.5625
0 0.7026041666666667 0.6851851851851852 0.7096354166666666 0.6930555555555555 0.7119791666666667 0.7064814814814815 0.71171875 0.774537037037037 0.709375 0.8 0.7049479166666667 0.8037037037037037 0.6856770833333333 0.8013888888888889 0.68125 0.7907407407407407 0.6848958333333334 0.6921296296296297 0.690625 0.6847222222222222 0.70234375 0.6851851851851852
0 0.7395833333333334 0.6958333333333333 0.74375 0.6995370370370371 0.74609375 0.7111111111111111 0.74921875 0.7847222222222222 0.7453125 0.7912037037037037 0.734375 0.7935185185185185 0.7265625 0.7925925925925926 0.7236979166666667 0.7861111111111111 0.7190104166666667 0.7282407407407407 0.7192708333333333 0.7069444444444445 0.7234375 0.6976851851851852 0.7393229166666667 0.6958333333333333
0 0.37421875 0.6324074074074074 0.38333333333333336 0.6361111111111111 0.38697916666666665 0.6412037037037037 0.38776041666666666 0.6592592592592592 0.37994791666666666 0.737037037037037 0.3770833333333333 0.7486111111111111 0.3734375 0.7523148148148148 0.3580729166666667 0.7481481481481481 0.35442708333333334 0.7402777777777778 0.3536458333333333 0.725925925925926 0.36302083333333335 0.6439814814814815 0.3658854166666667 0.6356481481481482 0.37395833333333334 0.6324074074074074
0 0.9997395833333333 0.1398148148148148 0.9997395833333333 0.23703703703703705 0.9966145833333333 0.23148148148148148 0.996875 0.19583333333333333 0.9947916666666666 0.18611111111111112 0.9940104166666667 0.15138888888888888 0.9994791666666667 0.1398148148148148
0 0.7020833333333333 0.12546296296296297 0.7078125 0.12777777777777777 0.7098958333333333 0.1337962962962963 0.7111979166666667 0.18194444444444444 0.7088541666666667 0.21712962962962962 0.6986979166666667 0.22314814814814815 0.6893229166666667 0.22175925925925927 0.68515625 0.21435185185185185 0.6856770833333333 0.13333333333333333 0.6893229166666667 0.12731481481481483 0.7018229166666666 0.12546296296296297
0 0.665625 0.26805555555555555 0.6713541666666667 0.2763888888888889 0.67265625 0.29814814814814816 0.6703125 0.34814814814814815 0.6690104166666667 0.3523148148148148 0.6653645833333334 0.3541666666666667 0.6510416666666666 0.3541666666666667 0.6473958333333333 0.3523148148148148 0.64609375 0.3472222222222222 0.6473958333333333 0.27546296296296297 0.6510416666666666 0.26805555555555555 0.6653645833333334 0.26805555555555555
0 0.778125 0.12129629629629629 0.7825520833333334 0.12453703703703704 0.7838541666666666 0.12916666666666668 0.7859375 0.20046296296296295 0.7833333333333333 0.21712962962962962 0.7799479166666666 0.22175925925925927 0.7729166666666667 0.22453703703703703 0.7640625 0.2222222222222222 0.7622395833333333 0.21388888888888888 0.7578125 0.20972222222222223 0.7565104166666666 0.1361111111111111 0.75859375 0.12638888888888888 0.7619791666666667 0.12175925925925926 0.7778645833333333 0.12129629629629629
0 0.5505208333333333 0.5370370370370371 0.5578125 0.5402777777777777 0.559375 0.5462962962962963 0.5591145833333333 0.5898148148148148 0.5575520833333333 0.6013888888888889 0.55859375 0.6351851851851852 0.55546875 0.6504629629629629 0.5479166666666667 0.6550925925925926 0.5393229166666667 0.6541666666666667 0.5328125 0.649074074074074 0.53125 0.6282407407407408 0.534375 0.5407407407407407 0.5393229166666667 0.5365740740740741 0.5502604166666667 0.5370370370370371
0 0.7885416666666667 0.4046296296296296 0.8401041666666667 0.4148148148148148 0.8419270833333333 0.41805555555555557 0.8427083333333333 0.4287037037037037 0.8419270833333333 0.44907407407407407 0.8388020833333333 0.45555555555555555 0.8315104166666667 0.45925925925925926 0.784375 0.4537037037037037 0.7763020833333333 0.449537037037037 0.7723958333333333 0.43796296296296294 0.7729166666666667 0.41898148148148145 0.77734375 0.4078703703703704 0.78828125 0.4046296296296296
0 0.6270833333333333 0.23981481481481481 0.634375 0.24351851851851852 0.6375 0.2513888888888889 0.6390625 0.32314814814814813 0.6372395833333333 0.34444444444444444 0.634375 0.3490740740740741 0.6270833333333333 0.3523148148148148 0.6158854166666666 0.3509259259259259 0.6119791666666666 0.3449074074074074 0.6125 0.2962962962962963 0.6109375 0.2689814814814815 0.61171875 0.2513888888888889 0.6138020833333333 0.2449074074074074 0.6190104166666667 0.24027777777777778 0.6268229166666667 0.23981481481481481
0 0.9361979166666666 0.5527777777777778 0.9408854166666667 0.5564814814814815 0.9453125 0.5675925925925925 0.9479166666666666 0.6537037037037037 0.9453125 0.6717592592592593 0.9361979166666666 0.6768518518518518 0.925 0.674537037037037 0.9203125 0.6662037037037037 0.9182291666666667 0.6472222222222223 0.915625 0.5703703703703704 0.9169270833333333 0.5601851851851852 0.9216145833333333 0.5541666666666667 0.9359375 0.5527777777777778
0 0.6619791666666667 0.6962962962962963 0.66875 0.6981481481481482 0.6729166666666667 0.7041666666666667 0.6734375 0.7555555555555555 0.6721354166666667 0.7907407407407407 0.6697916666666667 0.8037037037037037 0.6653645833333334 0.8106481481481481 0.66171875 0.812037037037037 0.6510416666666666 0.8106481481481481 0.6458333333333334 0.8037037037037037 0.64453125 0.7597222222222222 0.646875 0.7083333333333334 0.6526041666666667 0.6962962962962963 0.66171875 0.6962962962962963
0 0.853125 0.25 0.8572916666666667 0.25324074074074077 0.86171875 0.2652777777777778 0.8661458333333333 0.3388888888888889 0.8630208333333333 0.3527777777777778 0.8510416666666667 0.3560185185185185 0.8421875 0.35509259259259257 0.83828125 0.3458333333333333 0.834375 0.2638888888888889 0.83515625 0.25833333333333336 0.8388020833333333 0.25277777777777777 0.8528645833333334 0.25
0 0.78046875 0.23796296296296296 0.78828125 0.24814814814814815 0.7903645833333334 0.26805555555555555 0.78984375 0.33564814814814814 0.78671875 0.3453703703703704 0.7807291666666667 0.3486111111111111 0.76875 0.34675925925925927 0.7638020833333333 0.3384259259259259 0.7619791666666667 0.2712962962962963 0.7643229166666666 0.2449074074074074 0.7721354166666666 0.23703703703703705 0.7802083333333333 0.23796296296296296
0 0.740625 0.5393518518518519 0.7484375 0.5435185185185185 0.75 0.5486111111111112 0.7502604166666667 0.6097222222222223 0.7484375 0.637962962962963 0.7447916666666666 0.6435185185185185 0.7393229166666667 0.6458333333333334 0.7263020833333333 0.6412037037037037 0.7244791666666667 0.6226851851851852 0.7255208333333333 0.5462962962962963 0.7302083333333333 0.5407407407407407 0.7403645833333333 0.5393518518518519
0 0.6234375 0.10601851851851851 0.6302083333333334 0.10833333333333334 0.6341145833333334 0.11388888888888889 0.6377604166666667 0.14953703703703702 0.63515625 0.20925925925925926 0.6309895833333333 0.21666666666666667 0.6239583333333333 0.2199074074074074 0.6158854166666666 0.21851851851851853 0.6111979166666667 0.21296296296296297 0.6091145833333333 0.18703703703703703 0.6106770833333334 0.11851851851851852 0.6151041666666667 0.10925925925925926 0.6231770833333333 0.10601851851851851
0 0.9658854166666667 0.2513888888888889 0.97109375 0.25555555555555554 0.975 0.2662037037037037 0.9763020833333333 0.3277777777777778 0.97421875 0.35555555555555557 0.96484375 0.3638888888888889 0.9528645833333333 0.36203703703703705 0.9442708333333333 0.3486111111111111 0.9455729166666667 0.29907407407407405 0.9440104166666666 0.2726851851851852 0.95078125 0.2537037037037037 0.9580729166666667 0.25046296296296294 0.965625 0.2513888888888889
0 0.8140625 0.5513888888888889 0.8197916666666667 0.5537037037037037 0.82265625 0.5597222222222222 0.8260416666666667 0.6074074074074074 0.825 0.6550925925925926 0.8213541666666667 0.6611111111111111 0.8145833333333333 0.6638888888888889 0.8033854166666666 0.6625 0.7989583333333333 0.6574074074074074 0.796875 0.5791666666666667 0.79765625 0.5611111111111111 0.8002604166666667 0.5532407407407407 0.8138020833333334 0.5513888888888889
0 0.6247395833333333 0.6861111111111111 0.6302083333333334 0.6893518518518519 0.6325520833333333 0.6958333333333333 0.6356770833333333 0.7685185185185185 0.6330729166666667 0.8037037037037037 0.6296875 0.812962962962963 0.6247395833333333 0.8152777777777778 0.6091145833333333 0.8134259259259259 0.6044270833333333 0.8023148148148148 0.6067708333333334 0.7796296296296297 0.60546875 0.762962962962963 0.6072916666666667 0.7550925925925925 0.6065104166666667 0.7217592592592592 0.6088541666666667 0.6925925925925925 0.6140625 0.687037037037037 0.6244791666666667 0.6861111111111111
0 0.70390625 0.5578703703703703 0.7114583333333333 0.5606481481481481 0.7135416666666666 0.5694444444444444 0.7143229166666667 0.6194444444444445 0.7135416666666666 0.625 0.71015625 0.6268518518518519 0.6934895833333333 0.6263888888888889 0.6895833333333333 0.6203703703703703 0.6911458333333333 0.6 0.6903645833333333 0.5638888888888889 0.6927083333333334 0.5597222222222222 0.7036458333333333 0.5578703703703703
0 0.7838541666666666 0.6851851851851852 0.7877604166666666 0.6902777777777778 0.790625 0.7134259259259259 0.7921875 0.7842592592592592 0.7885416666666667 0.799537037037037 0.7809895833333333 0.8069444444444445 0.7697916666666667 0.8046296296296296 0.7645833333333333 0.7953703703703704 0.76171875 0.7101851851851851 0.7653645833333333 0.6861111111111111 0.78359375 0.6851851851851852
0 0.5434895833333333 0.6791666666666667 0.55078125 0.6828703703703703 0.5536458333333333 0.6907407407407408 0.5544270833333333 0.7435185185185185 0.5533854166666666 0.7856481481481481 0.5502604166666667 0.7930555555555555 0.54375 0.7967592592592593 0.5296875 0.7935185185185185 0.5270833333333333 0.7851851851851852 0.52578125 0.7657407407407407 0.5265625 0.6893518518518519 0.5315104166666667 0.6810185185185185 0.5432291666666667 0.6791666666666667
0 0.8145833333333333 0.23981481481481481 0.81875 0.2412037037037037 0.8221354166666667 0.24722222222222223 0.8252604166666667 0.29305555555555557 0.8244791666666667 0.32175925925925924 0.82109375 0.32685185185185184 0.815625 0.3282407407407407 0.8044270833333333 0.32731481481481484 0.8002604166666667 0.32083333333333336 0.8015625 0.2967592592592593 0.7986979166666667 0.25833333333333336 0.8 0.24768518518518517 0.8033854166666666 0.2412037037037037 0.8143229166666667 0.23981481481481481
0 0.8953125 0.25787037037037036 0.9026041666666667 0.26064814814814813 0.9078125 0.26851851851851855 0.9135416666666667 0.3 0.9111979166666667 0.31296296296296294 0.9127604166666666 0.3384259259259259 0.9119791666666667 0.36203703703703705 0.9078125 0.36898148148148147 0.9018229166666667 0.3712962962962963 0.8885416666666667 0.3699074074074074 0.88359375 0.3648148148148148 0.88046875 0.35555555555555557 0.8830729166666667 0.3398148148148148 0.8825520833333333 0.3050925925925926 0.878125 0.28564814814814815 0.8833333333333333 0.2638888888888889 0.8950520833333333 0.25787037037037036
0 0.5864583333333333 0.6921296296296297 0.5924479166666666 0.6953703703703704 0.5955729166666667 0.7064814814814815 0.5932291666666667 0.725 0.59296875 0.7981481481481482 0.58984375 0.8166666666666667 0.5809895833333333 0.8208333333333333 0.57109375 0.8194444444444444 0.5669270833333333 0.812962962962963 0.5653645833333333 0.7861111111111111 0.5684895833333333 0.7560185185185185 0.56796875 0.7263888888888889 0.5700520833333333 0.6986111111111111 0.5752604166666667 0.6921296296296297 0.5861979166666667 0.6921296296296297
0 0.9778645833333334 0.43472222222222223 0.9854166666666667 0.44074074074074077 0.9997395833333333 0.46620370370370373 0.9997395833333333 0.537962962962963 0.9971354166666667 0.5370370370370371 0.9838541666666667 0.5157407407407407 0.9598958333333333 0.46296296296296297 0.9609375 0.4532407407407407 0.96484375 0.44583333333333336 0.9736979166666667 0.4356481481481482 0.9776041666666667 0.43472222222222223
0 0.8169270833333333 0.6902777777777778 0.8236979166666667 0.6953703703703704 0.8252604166666667 0.700462962962963 0.82578125 0.7833333333333333 0.8239583333333333 0.7944444444444444 0.8145833333333333 0.8009259259259259 0.80703125 0.799537037037037 0.7997395833333333 0.7930555555555555 0.7981770833333334 0.7828703703703703 0.7973958333333333 0.7106481481481481 0.7979166666666667 0.6995370370370371 0.8010416666666667 0.6925925925925925 0.8166666666666667 0.6902777777777778