0 0.8869791666666667 0.11481481481481481 0.8950520833333333 0.1175925925925926 0.8979166666666667 0.12546296296296297 0.9005208333333333 0.17592592592592593 0.8997395833333334 0.21712962962962962 0.8963541666666667 0.22870370370370371 0.8841145833333334 0.2324074074074074 0.8763020833333334 0.2300925925925926 0.871875 0.22037037037037038 0.871875 0.16620370370370371 0.8690104166666667 0.1398148148148148 0.87421875 0.11944444444444445 0.88671875 0.11481481481481481
0 0.6236979166666666 0.675 0.6307291666666667 0.6782407407407407 0.6348958333333333 0.687962962962963 0.6369791666666667 0.7268518518518519 0.63515625 0.7416666666666667 0.6375 0.7550925925925925 0.6338541666666667 0.7967592592592593 0.6299479166666667 0.8037037037037037 0.62421875 0.8050925925925926 0.6122395833333333 0.8027777777777778 0.60625 0.7930555555555555 0.6083333333333333 0.6953703703703704 0.6135416666666667 0.6773148148148148 0.6234375 0.675
0 0.7424479166666667 0.24537037037037038 0.7479166666666667 0.24814814814814815 0.7520833333333333 0.25787037037037036 0.7546875 0.32546296296296295 0.7536458333333333 0.3458333333333333 0.75078125 0.34953703703703703 0.7424479166666667 0.35138888888888886 0.7341145833333333 0.3509259259259259 0.7299479166666667 0.3449074074074074 0.7263020833333333 0.2712962962962963 0.7268229166666667 0.2587962962962963 0.7309895833333333 0.25 0.7421875 0.24537037037037038
0 0.97109375 0.11851851851851852 0.9752604166666666 0.12407407407407407 0.9770833333333333 0.13194444444444445 0.978125 0.20694444444444443 0.975 0.2212962962962963 0.96484375 0.22685185185185186 0.9549479166666667 0.22361111111111112 0.9494791666666667 0.21064814814814814 0.9479166666666666 0.13657407407407407 0.9494791666666667 0.12638888888888888 0.953125 0.11851851851851852 0.959375 0.11527777777777778 0.9708333333333333 0.11851851851851852
0 0.815625 0.09490740740740741 0.82109375 0.10185185185185185 0.8229166666666666 0.1087962962962963 0.8252604166666667 0.15601851851851853 0.8221354166666667 0.18888888888888888 0.8143229166666667 0.19583333333333333 0.8018229166666667 0.1935185185185185 0.7981770833333334 0.1884259259259259 0.7981770833333334 0.14629629629629629 0.79609375 0.11574074074074074 0.8020833333333334 0.09722222222222222 0.8083333333333333 0.09398148148148149 0.8153645833333333 0.09490740740740741
0 0.85625 0.6828703703703703 0.8692708333333333 0.6884259259259259 0.87265625 0.7032407407407407 0.87421875 0.7916666666666666 0.8713541666666667 0.8004629629629629 0.8643229166666667 0.8032407407407407 0.8489583333333334 0.799074074074074 0.84453125 0.7837962962962963 0.84609375 0.7574074074074074 0.84375 0.6972222222222222 0.8486979166666667 0.6856481481481481 0.8559895833333333 0.6828703703703703
0 0.59375 0.23287037037037037 0.5997395833333333 0.2351851851851852 0.6015625 0.2412037037037037 0.603125 0.3263888888888889 0.60234375 0.34629629629629627 0.5984375 0.35555555555555557 0.5924479166666666 0.3587962962962963 0.5815104166666667 0.3578703703703704 0.5768229166666666 0.35185185185185186 0.5744791666666667 0.3453703703703704 0.57421875 0.32546296296296295 0.5768229166666666 0.24074074074074073 0.5783854166666667 0.2361111111111111 0.5846354166666666 0.23287037037037037 0.5934895833333333 0.23287037037037037
0 0.6236979166666666 0.5337962962962963 0.6302083333333334 0.5361111111111111 0.6328125 0.5439814814814815 0.6361979166666667 0.6347222222222222 0.6315104166666666 0.6486111111111111 0.6234375 0.6527777777777778 0.6135416666666667 0.6509259259259259 0.60859375 0.6430555555555556 0.6052083333333333 0.562037037037037 0.6057291666666667 0.5444444444444444 0.60859375 0.5361111111111111 0.6234375 0.5337962962962963
0 0.66484375 0.1125 0.6734375 0.1162037037037037 0.6763020833333333 0.12638888888888888 0.6755208333333333 0.19953703703703704 0.67734375 0.2162037037037037 0.6731770833333334 0.22268518518518518 0.6619791666666667 0.22824074074074074 0.6502604166666667 0.22268518518518518 0.6473958333333333 0.21388888888888888 0.6471354166666666 0.2050925925925926 0.6518229166666667 0.12314814814814815 0.6559895833333333 0.11481481481481481 0.6645833333333333 0.1125
0 0.09296875 0.1550925925925926 0.10755208333333334 0.16203703703703703 0.10963541666666667 0.1648148148148148 0.11041666666666666 0.17222222222222222 0.10833333333333334 0.19490740740740742 0.10104166666666667 0.23703703703703705 0.09765625 0.24537037037037038 0.09244791666666667 0.24814814814814815 0.0796875 0.2412037037037037 0.07786458333333333 0.2375 0.07734375 0.22546296296296298 0.08255208333333333 0.1787037037037037 0.0875 0.15787037037037038 0.09270833333333334 0.1550925925925926
0 0.9361979166666666 0.5421296296296296 0.9442708333333333 0.5504629629629629 0.946875 0.5634259259259259 0.9494791666666667 0.6513888888888889 0.94609375 0.6657407407407407 0.9346354166666667 0.6675925925925926 0.9268229166666667 0.6657407407407407 0.9216145833333333 0.6564814814814814 0.9174479166666667 0.5569444444444445 0.9182291666666667 0.55 0.921875 0.5453703703703704 0.9359375 0.5421296296296296
0 0.584375 0.6814814814814815 0.5942708333333333 0.6856481481481481 0.5966145833333333 0.6939814814814815 0.596875 0.7060185185185185 0.5942708333333333 0.7902777777777777 0.58984375 0.8064814814814815 0.5856770833333333 0.8097222222222222 0.5713541666666667 0.8064814814814815 0.5677083333333334 0.7972222222222223 0.5669270833333333 0.7837962962962963 0.5690104166666666 0.7680555555555556 0.5677083333333334 0.7481481481481481 0.57109375 0.6893518518518519 0.5747395833333333 0.6824074074074075 0.5841145833333333 0.6814814814814815
0 0.70703125 0.5476851851851852 0.7145833333333333 0.5532407407407407 0.7166666666666667 0.5712962962962963 0.7158854166666667 0.6097222222222223 0.7138020833333333 0.6162037037037037 0.6950520833333333 0.6162037037037037 0.6919270833333333 0.6129629629629629 0.6919270833333333 0.5532407407407407 0.6953125 0.549074074074074 0.7067708333333333 0.5476851851851852
0 0.6963541666666667 0.6736111111111112 0.7096354166666666 0.6787037037037037 0.71328125 0.6939814814814815 0.7119791666666667 0.7861111111111111 0.7109375 0.7907407407407407 0.70703125 0.7935185185185185 0.6888020833333334 0.7912037037037037 0.6830729166666667 0.7828703703703703 0.6854166666666667 0.6865740740740741 0.6890625 0.6759259259259259 0.69609375 0.6736111111111112
0 0.7403645833333333 0.6847222222222222 0.7455729166666667 0.6898148148148148 0.7484375 0.7037037037037037 0.75078125 0.7703703703703704 0.7481770833333333 0.7796296296296297 0.7388020833333333 0.7828703703703703 0.7263020833333333 0.7787037037037037 0.7208333333333333 0.6944444444444444 0.7231770833333333 0.6884259259259259 0.7276041666666667 0.6856481481481481 0.7401041666666667 0.6847222222222222
0 0.5408854166666667 0.6675925925925926 0.55 0.6699074074074074 0.5536458333333333 0.674537037037037 0.5544270833333333 0.6796296296296296 0.55546875 0.7694444444444445 0.5518229166666667 0.7819444444444444 0.54453125 0.7865740740740741 0.5364583333333334 0.7856481481481481 0.53046875 0.7791666666666667 0.5276041666666667 0.7481481481481481 0.5283854166666667 0.6787037037037037 0.5322916666666667 0.6712962962962963 0.540625 0.6675925925925926
0 0.603125 0.43148148148148147 0.6473958333333333 0.44583333333333336 0.6565104166666667 0.45231481481481484 0.6580729166666667 0.4597222222222222 0.6565104166666667 0.4847222222222222 0.6546875 0.4912037037037037 0.6510416666666666 0.4930555555555556 0.640625 0.4925925925925926 0.6276041666666666 0.48657407407407405 0.6020833333333333 0.4810185185185185 0.59140625 0.4740740740740741 0.5895833333333333 0.4597222222222222 0.5919270833333333 0.44027777777777777 0.5953125 0.43425925925925923 0.6028645833333334 0.43148148148148147
0 0.853125 0.125 0.8588541666666667 0.1287037037037037 0.8604166666666667 0.13472222222222222 0.8609375 0.19953703703703704 0.859375 0.21666666666666667 0.85703125 0.22175925925925927 0.8505208333333333 0.22453703703703703 0.8401041666666667 0.22361111111111112 0.834375 0.21666666666666667 0.8346354166666666 0.13796296296296295 0.83515625 0.1300925925925926 0.8372395833333334 0.12638888888888888 0.8528645833333334 0.125
0 0.6653645833333334 0.2569444444444444 0.6692708333333334 0.2587962962962963 0.6729166666666667 0.2652777777777778 0.6739583333333333 0.2875 0.6721354166666667 0.34120370370370373 0.6635416666666667 0.3449074074074074 0.65078125 0.3439814814814815 0.6486979166666667 0.34120370370370373 0.6473958333333333 0.33611111111111114 0.64921875 0.3050925925925926 0.6479166666666667 0.28935185185185186 0.6505208333333333 0.2611111111111111 0.6549479166666666 0.2574074074074074 0.6651041666666667 0.2569444444444444
0 0.8541666666666666 0.23935185185185184 0.8611979166666667 0.24444444444444444 0.8640625 0.2513888888888889 0.8677083333333333 0.3148148148148148 0.8661458333333333 0.33935185185185185 0.8630208333333333 0.3435185185185185 0.8541666666666666 0.3458333333333333 0.8450520833333334 0.3453703703703704 0.8408854166666667 0.3398148148148148 0.8361979166666667 0.25972222222222224 0.8372395833333334 0.24814814814814815 0.840625 0.24212962962962964 0.85390625 0.23935185185185184
0 0.54921875 0.5259259259259259 0.5580729166666667 0.5287037037037037 0.5606770833333333 0.5328703703703703 0.5588541666666667 0.5805555555555556 0.5604166666666667 0.6231481481481481 0.5575520833333333 0.6393518518518518 0.55078125 0.6444444444444445 0.5361979166666667 0.6412037037037037 0.5328125 0.6300925925925925 0.5346354166666667 0.6092592592592593 0.5354166666666667 0.5324074074074074 0.5395833333333333 0.5268518518518519 0.5489583333333333 0.5259259259259259
0 0.7486979166666666 0.3731481481481482 0.7786458333333334 0.37546296296296294 0.7924479166666667 0.3824074074074074 0.79453125 0.3921296296296296 0.7932291666666667 0.4185185185185185 0.790625 0.42314814814814816 0.78359375 0.42453703703703705 0.7520833333333333 0.4217592592592593 0.7341145833333333 0.4166666666666667 0.7309895833333333 0.4050925925925926 0.7341145833333333 0.3768518518518518 0.7403645833333333 0.3731481481481482 0.7484375 0.3731481481481482
0 0.6333333333333333 0.23055555555555557 0.6377604166666667 0.2351851851851852 0.63984375 0.2490740740740741 0.6401041666666667 0.324537037037037 0.6377604166666667 0.3375 0.6286458333333333 0.3416666666666667 0.6169270833333333 0.33935185185185185 0.6138020833333333 0.33240740740740743 0.6125 0.24444444444444444 0.6135416666666667 0.2375 0.6182291666666667 0.2310185185185185 0.6330729166666667 0.23055555555555557
0 0.89765625 0.5518518518518518 0.90703125 0.5601851851851852 0.909375 0.611574074074074 0.9075520833333334 0.6504629629629629 0.9020833333333333 0.6601851851851852 0.89765625 0.6620370370370371 0.8828125 0.6578703703703703 0.8794270833333333 0.6083333333333333 0.8809895833333333 0.5569444444444445 0.8864583333333333 0.5523148148148148 0.8973958333333333 0.5518518518518518
0 0.3971354166666667 0.24351851851851852 0.40572916666666664 0.2513888888888889 0.40625 0.2791666666666667 0.39947916666666666 0.3523148148148148 0.39739583333333334 0.3592592592592593 0.390625 0.3638888888888889 0.3765625 0.35833333333333334 0.37447916666666664 0.3490740740740741 0.37473958333333335 0.337037037037037 0.37838541666666664 0.30833333333333335 0.3796875 0.2791666666666667 0.384375 0.2490740740740741 0.38671875 0.24444444444444444 0.396875 0.24351851851851852
0 0.7427083333333333 0.5291666666666667 0.7489583333333333 0.5328703703703703 0.7520833333333333 0.5402777777777777 0.75234375 0.5981481481481481 0.7502604166666667 0.6263888888888889 0.746875 0.6333333333333333 0.7416666666666667 0.6351851851851852 0.7317708333333334 0.6342592592592593 0.7270833333333333 0.6291666666666667 0.72578125 0.5902777777777778 0.7270833333333333 0.5361111111111111 0.73046875 0.5310185185185186 0.7424479166666667 0.5291666666666667
0 0.6614583333333334 0.9643518518518519 0.6653645833333334 0.9666666666666667 0.6716145833333333 0.9782407407407407 0.6736979166666667 0.999537037037037 0.64375 0.999537037037037 0.6440104166666667 0.9842592592592593 0.6466145833333333 0.9703703703703703 0.6513020833333333 0.9652777777777778 0.6611979166666667 0.9643518518518519
0 0.8989583333333333 0.24768518518518517 0.9046875 0.24953703703703703 0.9080729166666667 0.25416666666666665 0.9151041666666667 0.287962962962963 0.9138020833333333 0.2967592592592593 0.9151041666666667 0.3351851851851852 0.9135416666666667 0.35185185185185186 0.9109375 0.3574074074074074 0.9013020833333333 0.3611111111111111 0.890625 0.3597222222222222 0.8825520833333333 0.34814814814814815 0.8830729166666667 0.3351851851851852 0.8856770833333333 0.3263888888888889 0.8833333333333333 0.2861111111111111 0.8794270833333333 0.2759259259259259 0.8875 0.2513888888888889 0.8986979166666667 0.24768518518518517
0 0.7799479166666666 0.22685185185185186 0.78671875 0.23055555555555557 0.78984375 0.2361111111111111 0.7921875 0.25046296296296294 0.7919270833333333 0.32222222222222224 0.7893229166666667 0.3347222222222222 0.7841145833333333 0.3384259259259259 0.7690104166666667 0.3351851851851852 0.765625 0.32685185185185184 0.7651041666666667 0.31805555555555554 0.7651041666666667 0.2388888888888889 0.7697916666666667 0.2300925925925926 0.7796875 0.22685185185185186
0 0.628125 0.09583333333333334 0.6338541666666667 0.09953703703703703 0.6375 0.11157407407407408 0.63828125 0.18935185185185185 0.63515625 0.20416666666666666 0.6247395833333333 0.20925925925925926 0.6151041666666667 0.2064814814814815 0.6114583333333333 0.19583333333333333 0.6119791666666666 0.11296296296296296 0.61328125 0.10555555555555556 0.6177083333333333 0.09861111111111111 0.6278645833333333 0.09583333333333334
0 0.9690104166666667 0.2412037037037037 0.9744791666666667 0.24583333333333332 0.97734375 0.2550925925925926 0.97890625 0.2828703703703704 0.9783854166666667 0.3314814814814815 0.97421875 0.3486111111111111 0.9653645833333333 0.35324074074074074 0.9528645833333333 0.350462962962963 0.94609375 0.33796296296296297 0.9481770833333333 0.2935185185185185 0.94609375 0.2601851851851852 0.9494791666666667 0.24814814814814815 0.953125 0.24259259259259258 0.959375 0.23981481481481481 0.96875 0.2412037037037037
0 0.85625 0.5444444444444444 0.8661458333333333 0.5476851851851852 0.8700520833333333 0.5555555555555556 0.8666666666666667 0.6523148148148148 0.8625 0.6648148148148149 0.8572916666666667 0.6671296296296296 0.84609375 0.6662037037037037 0.8416666666666667 0.6625 0.8390625 0.6458333333333334 0.8421875 0.5675925925925925 0.8447916666666667 0.5532407407407407 0.8481770833333333 0.5462962962962963 0.8559895833333333 0.5444444444444444
0 0.8575520833333333 0.9879629629629629 0.8645833333333334 0.9907407407407407 0.8684895833333334 0.999537037037037 0.8416666666666667 0.999537037037037 0.84609375 0.9898148148148148 0.8572916666666667 0.9879629629629629
0 0.8166666666666667 0.5412037037037037 0.8216145833333334 0.5435185185185185 0.8244791666666667 0.55 0.8278645833333333 0.5972222222222222 0.8263020833333333 0.6472222222222223 0.8177083333333334 0.6532407407407408 0.8033854166666666 0.6513888888888889 0.8002604166666667 0.6458333333333334 0.7984375 0.5606481481481481 0.8015625 0.5435185185185185 0.81640625 0.5412037037037037
0 0.6997395833333333 0.24166666666666667 0.7114583333333333 0.24768518518518517 0.7135416666666666 0.27314814814814814 0.7125 0.3388888888888889 0.7104166666666667 0.3453703703703704 0.7052083333333333 0.3476851851851852 0.6924479166666667 0.34675925925925927 0.6885416666666667 0.3384259259259259 0.6875 0.2537037037037037 0.6901041666666666 0.2449074074074074 0.6994791666666667 0.24166666666666667
0 0.59375 0.11157407407407408 0.5994791666666667 0.11527777777777778 0.6013020833333333 0.12129629629629629 0.6013020833333333 0.19583333333333333 0.5979166666666667 0.21666666666666667 0.5950520833333334 0.2212962962962963 0.5893229166666667 0.22361111111111112 0.5778645833333333 0.2199074074074074 0.5739583333333333 0.20972222222222223 0.57578125 0.125 0.5783854166666667 0.11481481481481481 0.5934895833333333 0.11157407407407408
0 0.6578125 0.6851851851851852 0.6729166666666667 0.6912037037037037 0.6755208333333333 0.7092592592592593 0.6736979166666667 0.7796296296296297 0.6708333333333333 0.7930555555555555 0.6635416666666667 0.8009259259259259 0.6502604166666667 0.7986111111111112 0.6466145833333333 0.7907407407407407 0.6455729166666667 0.7796296296296297 0.64765625 0.7023148148148148 0.6515625 0.687962962962963 0.6575520833333334 0.6851851851851852
0 0.7286458333333333 0 0.7942708333333334 0 0.7828125 0.016203703703703703 0.7390625 0.04259259259259259 0.7341145833333333 0.04027777777777778 0.7278645833333334 0.024537037037037038 0.7270833333333333 0.00787037037037037 0.7286458333333333 0.000462962962962963
0 0.7791666666666667 0.5421296296296296 0.7872395833333333 0.5467592592592593 0.78984375 0.5560185185185185 0.7919270833333333 0.6300925925925925 0.7903645833333334 0.6425925925925926 0.7877604166666666 0.6472222222222223 0.7765625 0.6504629629629629 0.76953125 0.6476851851851851 0.7653645833333333 0.6370370370370371 0.76484375 0.575925925925926 0.7627604166666667 0.5587962962962963 0.7661458333333333 0.5467592592592593 0.77890625 0.5421296296296296
0 0.7783854166666667 0.10972222222222222 0.7841145833333333 0.11342592592592593 0.7861979166666667 0.12407407407407407 0.78828125 0.17314814814814813 0.7846354166666667 0.20694444444444443 0.775 0.21435185185185185 0.7666666666666667 0.20972222222222223 0.7604166666666666 0.19907407407407407 0.7604166666666666 0.15925925925925927 0.7583333333333333 0.12731481481481483 0.75859375 0.12129629629629629 0.7622395833333333 0.1125 0.778125 0.10972222222222222
0 0.7854166666666667 0.674074074074074 0.7908854166666667 0.6847222222222222 0.7934895833333333 0.7726851851851851 0.7901041666666667 0.7907407407407407 0.78359375 0.7962962962962963 0.7716145833333333 0.7939814814814815 0.7658854166666667 0.7851851851851852 0.7635416666666667 0.6935185185185185 0.7653645833333333 0.6782407407407407 0.7671875 0.6754629629629629 0.78515625 0.674074074074074
0 0.7020833333333333 0.11388888888888889 0.7091145833333333 0.1162037037037037 0.7111979166666667 0.12222222222222222 0.7127604166666667 0.18009259259259258 0.7106770833333333 0.20601851851851852 0.7065104166666667 0.2111111111111111 0.6997395833333333 0.21296296296296297 0.6893229166666667 0.2101851851851852 0.6872395833333333 0.20324074074074075 0.6877604166666667 0.1259259259259259 0.6890625 0.11851851851851852 0.69140625 0.1162037037037037 0.7018229166666666 0.11388888888888889
0 0.8190104166666666 0.22962962962962963 0.8231770833333333 0.23472222222222222 0.82578125 0.24953703703703703 0.8265625 0.30694444444444446 0.825 0.3138888888888889 0.8143229166666667 0.31805555555555554 0.8067708333333333 0.3175925925925926 0.8018229166666667 0.30972222222222223 0.8013020833333333 0.24351851851851852 0.8028645833333333 0.2337962962962963 0.80546875 0.2300925925925926 0.81875 0.22962962962962963
0 0.9997395833333333 0.3861111111111111 0.9997395833333333 0.43333333333333335 0.9932291666666667 0.4263888888888889 0.98984375 0.41203703703703703 0.9911458333333333 0.4046296296296296 0.9994791666666667 0.3861111111111111
0 0.8151041666666666 0.6787037037037037 0.82109375 0.6805555555555556 0.8263020833333333 0.6884259259259259 0.8276041666666667 0.7407407407407407 0.8265625 0.7791666666666667 0.8236979166666667 0.7861111111111111 0.8151041666666666 0.7907407407407407 0.8044270833333333 0.7865740740740741 0.7994791666666666 0.7722222222222223 0.8018229166666667 0.7236111111111111 0.8 0.6888888888888889 0.8036458333333333 0.6805555555555556 0.81484375 0.6787037037037037