0 0.8901041666666667 0.1259259259259259 0.89453125 0.12962962962962962 0.8958333333333334 0.13657407407407407 0.8986979166666667 0.19166666666666668 0.8981770833333333 0.2222222222222222 0.8947916666666667 0.2388888888888889 0.884375 0.24212962962962964 0.875 0.24074074074074073 0.8721354166666667 0.23657407407407408 0.86953125 0.22453703703703703 0.86875 0.15046296296296297 0.8729166666666667 0.1287037037037037 0.8802083333333334 0.125 0.88984375 0.1259259259259259
0 0.8140625 0.1050925925925926 0.8190104166666666 0.1125 0.8208333333333333 0.11990740740740741 0.8229166666666666 0.17083333333333334 0.8197916666666667 0.19907407407407407 0.8140625 0.2050925925925926 0.8072916666666666 0.20601851851851852 0.8 0.20324074074074075 0.7955729166666666 0.19444444444444445 0.7973958333333333 0.17453703703703705 0.79375 0.12638888888888888 0.796875 0.11435185185185186 0.8018229166666667 0.10555555555555556 0.8138020833333334 0.1050925925925926
0 0.6276041666666666 0.6856481481481481 0.63125 0.6893518518518519 0.6330729166666667 0.6958333333333333 0.6361979166666667 0.7662037037037037 0.63359375 0.8027777777777778 0.6299479166666667 0.812037037037037 0.6252604166666667 0.8143518518518519 0.61328125 0.8138888888888889 0.60625 0.8064814814814815 0.6052083333333333 0.7930555555555555 0.6067708333333334 0.7777777777777778 0.60234375 0.7476851851851852 0.6065104166666667 0.7342592592592593 0.6091145833333333 0.6925925925925925 0.615625 0.6856481481481481 0.62734375 0.6856481481481481
0 0.7427083333333333 0.25601851851851853 0.7489583333333333 0.2625 0.7510416666666667 0.2722222222222222 0.7536458333333333 0.3453703703703704 0.7515625 0.35694444444444445 0.7419270833333333 0.36018518518518516 0.73359375 0.3592592592592593 0.728125 0.35138888888888886 0.7244791666666667 0.2722222222222222 0.7302083333333333 0.25833333333333336 0.7424479166666667 0.25601851851851853
0 0.6997395833333333 0.2513888888888889 0.7065104166666667 0.2537037037037037 0.71015625 0.2587962962962963 0.7114583333333333 0.2791666666666667 0.7114583333333333 0.3486111111111111 0.7065104166666667 0.35648148148148145 0.7010416666666667 0.35694444444444445 0.6924479166666667 0.3560185185185185 0.6872395833333333 0.34953703703703703 0.6854166666666667 0.27685185185185185 0.6877604166666667 0.2550925925925926 0.6994791666666667 0.2513888888888889
0 0.9625 0.125 0.9703125 0.1300925925925926 0.9739583333333334 0.13703703703703704 0.9752604166666666 0.1574074074074074 0.9752604166666666 0.22407407407407406 0.9700520833333334 0.23425925925925925 0.96484375 0.2361111111111111 0.95546875 0.23472222222222222 0.9481770833333333 0.22407407407407406 0.9463541666666667 0.18981481481481483 0.9471354166666667 0.16435185185185186 0.9453125 0.15694444444444444 0.94609375 0.14212962962962963 0.9486979166666667 0.13287037037037036 0.9552083333333333 0.12546296296296297 0.9622395833333334 0.125
0 0.8479166666666667 0.13472222222222222 0.8559895833333333 0.13703703703703704 0.8591145833333333 0.14351851851851852 0.859375 0.19953703703703704 0.85859375 0.22037037037037038 0.8565104166666667 0.2273148148148148 0.8528645833333334 0.2324074074074074 0.84609375 0.23425925925925925 0.83515625 0.23148148148148148 0.8325520833333333 0.22592592592592592 0.8325520833333333 0.15046296296296297 0.8348958333333333 0.13657407407407407 0.84765625 0.13472222222222222
0 0.8596354166666667 0.6925925925925925 0.8658854166666666 0.6953703703703704 0.8697916666666666 0.7027777777777777 0.8731770833333333 0.7537037037037037 0.8731770833333333 0.8032407407407407 0.8703125 0.8101851851851852 0.8643229166666667 0.812962962962963 0.8484375 0.8097222222222222 0.84375 0.7912037037037037 0.84453125 0.7407407407407407 0.8416666666666667 0.7226851851851852 0.8419270833333333 0.7078703703703704 0.8489583333333334 0.6944444444444444 0.859375 0.6925925925925925
0 0.9200520833333333 0.40694444444444444 0.94765625 0.42407407407407405 0.9684895833333333 0.44212962962962965 0.9692708333333333 0.4546296296296296 0.9671875 0.4671296296296296 0.9609375 0.4810185185185185 0.95703125 0.4824074074074074 0.93125 0.4671296296296296 0.9044270833333333 0.44583333333333336 0.90390625 0.42824074074074076 0.9078125 0.4148148148148148 0.9122395833333333 0.4078703703703704 0.9197916666666667 0.40694444444444444
0 0.54765625 0.5356481481481481 0.5588541666666667 0.5398148148148149 0.5596354166666667 0.5680555555555555 0.5578125 0.5995370370370371 0.559375 0.6166666666666667 0.5572916666666666 0.6458333333333334 0.5536458333333333 0.6527777777777778 0.5471354166666667 0.6541666666666667 0.53359375 0.6486111111111111 0.5317708333333333 0.6319444444444444 0.534375 0.6 0.5348958333333333 0.5398148148148149 0.5388020833333333 0.5361111111111111 0.5473958333333333 0.5356481481481481
0 0.625 0.5430555555555555 0.6296875 0.5467592592592593 0.6317708333333333 0.5550925925925926 0.63515625 0.6421296296296296 0.6330729166666667 0.6537037037037037 0.6247395833333333 0.6615740740740741 0.6127604166666667 0.6606481481481481 0.6078125 0.6537037037037037 0.6041666666666666 0.575 0.6044270833333333 0.5546296296296296 0.60703125 0.5462962962962963 0.6127604166666667 0.5430555555555555 0.6247395833333333 0.5430555555555555
0 0.8940104166666667 0.5611111111111111 0.9013020833333333 0.5638888888888889 0.9052083333333333 0.5694444444444444 0.9078125 0.6277777777777778 0.9059895833333333 0.6611111111111111 0.9010416666666666 0.6689814814814815 0.8950520833333333 0.6708333333333333 0.8841145833333334 0.6694444444444444 0.8799479166666667 0.663425925925926 0.878125 0.6092592592592593 0.8796875 0.5652777777777778 0.89375 0.5611111111111111
0 0.66640625 0.12361111111111112 0.6731770833333334 0.12916666666666668 0.6747395833333333 0.1388888888888889 0.6744791666666666 0.22453703703703703 0.671875 0.23055555555555557 0.6627604166666666 0.23796296296296296 0.65078125 0.2351851851851852 0.6466145833333333 0.22777777777777777 0.6466145833333333 0.17824074074074073 0.6513020833333333 0.1300925925925926 0.6559895833333333 0.12407407407407407 0.6661458333333333 0.12361111111111112
0 0.7765625 0.5513888888888889 0.7830729166666667 0.5532407407407407 0.7869791666666667 0.5578703703703703 0.78984375 0.5856481481481481 0.7901041666666667 0.649074074074074 0.7880208333333333 0.6550925925925926 0.7796875 0.6592592592592592 0.7692708333333333 0.6578703703703703 0.7651041666666667 0.65 0.7619791666666667 0.586574074074074 0.7630208333333334 0.5597222222222222 0.76796875 0.5537037037037037 0.7763020833333333 0.5513888888888889
0 0.8559895833333333 0.5541666666666667 0.86640625 0.5583333333333333 0.86875 0.5671296296296297 0.86640625 0.6578703703703703 0.8635416666666667 0.6708333333333333 0.8578125 0.6768518518518518 0.84140625 0.6726851851851852 0.8375 0.6583333333333333 0.8419270833333333 0.5699074074074074 0.846875 0.5560185185185185 0.8557291666666667 0.5541666666666667
0 0.5903645833333333 0.12175925925925926 0.59609375 0.12361111111111112 0.5997395833333333 0.1300925925925926 0.6 0.2013888888888889 0.5986979166666667 0.22175925925925927 0.5934895833333333 0.2310185185185185 0.5869791666666667 0.23425925925925925 0.5809895833333333 0.23333333333333334 0.575 0.2273148148148148 0.5723958333333333 0.2199074074074074 0.5721354166666667 0.21157407407407408 0.5747395833333333 0.1300925925925926 0.5786458333333333 0.12314814814814815 0.5901041666666667 0.12175925925925926
0 0.58515625 0.6907407407407408 0.59375 0.6958333333333333 0.5963541666666666 0.7064814814814815 0.5963541666666666 0.7175925925925926 0.5934895833333333 0.7620370370370371 0.5947916666666667 0.7828703703703703 0.5932291666666667 0.8009259259259259 0.5901041666666667 0.8143518518518519 0.5846354166666666 0.8189814814814815 0.5721354166666667 0.8175925925925925 0.5674479166666667 0.8125 0.5653645833333333 0.7958333333333333 0.5674479166666667 0.7800925925925926 0.5666666666666667 0.7648148148148148 0.5690104166666666 0.7453703703703703 0.5703125 0.6995370370370371 0.5734375 0.6921296296296297 0.5848958333333333 0.6907407407407408
0 0.7057291666666666 0.5574074074074075 0.71171875 0.5601851851851852 0.7138020833333333 0.5689814814814815 0.7151041666666667 0.6162037037037037 0.7143229166666667 0.6231481481481481 0.7106770833333333 0.625462962962963 0.6932291666666667 0.625462962962963 0.6908854166666667 0.6231481481481481 0.6903645833333333 0.6180555555555556 0.6916666666666667 0.6027777777777777 0.690625 0.5634259259259259 0.6966145833333334 0.5574074074074075 0.70546875 0.5574074074074075
0 0.70078125 0.6837962962962963 0.7083333333333334 0.6884259259259259 0.7122395833333334 0.7027777777777777 0.7104166666666667 0.7944444444444444 0.7059895833333333 0.8023148148148148 0.6861979166666666 0.8004629629629629 0.6815104166666667 0.7912037037037037 0.6848958333333334 0.6925925925925925 0.6888020833333334 0.6847222222222222 0.7005208333333334 0.6837962962962963
0 0.7416666666666667 0.6958333333333333 0.74609375 0.7064814814814815 0.7497395833333333 0.7759259259259259 0.7481770833333333 0.7875 0.7401041666666667 0.7916666666666666 0.7278645833333334 0.7916666666666666 0.72421875 0.7865740740740741 0.7223958333333333 0.750462962962963 0.7190104166666667 0.7273148148148149 0.7192708333333333 0.7078703703703704 0.7208333333333333 0.6995370370370371 0.7244791666666667 0.6962962962962963 0.7328125 0.6939814814814815 0.74140625 0.6958333333333333
0 0.54375 0.6773148148148148 0.5502604166666667 0.6805555555555556 0.55390625 0.6888888888888889 0.55546875 0.7671296296296296 0.5536458333333333 0.7856481481481481 0.54921875 0.7930555555555555 0.5434895833333333 0.7962962962962963 0.5346354166666667 0.7949074074074074 0.52890625 0.787962962962963 0.5260416666666666 0.7277777777777777 0.5276041666666667 0.7217592592592592 0.5265625 0.6925925925925925 0.5278645833333333 0.6847222222222222 0.5328125 0.6787037037037037 0.5434895833333333 0.6773148148148148
0 0.6307291666666667 0.23981481481481481 0.63515625 0.24305555555555555 0.63828125 0.25277777777777777 0.6369791666666667 0.30185185185185187 0.6390625 0.32546296296296295 0.6372395833333333 0.3453703703703704 0.628125 0.35138888888888886 0.61640625 0.35 0.6122395833333333 0.34444444444444444 0.6111979166666667 0.26157407407407407 0.6130208333333333 0.24444444444444444 0.6192708333333333 0.23935185185185184 0.63046875 0.23981481481481481
0 0.98828125 0.07083333333333333 0.9924479166666667 0.060648148148148145 0.9997395833333333 0.056018518518518516 0.9997395833333333 0.1638888888888889 0.9947916666666666 0.15925925925925927 0.9924479166666667 0.15 0.99296875 0.1300925925925926 0.9893229166666667 0.10277777777777777 0.98828125 0.0712962962962963
0 0.7046875 0.125 0.7088541666666667 0.12777777777777777 0.7106770833333333 0.1361111111111111 0.7106770833333333 0.20694444444444443 0.7080729166666667 0.21805555555555556 0.7 0.2222222222222222 0.6893229166666667 0.22083333333333333 0.6854166666666667 0.2125 0.6861979166666666 0.13240740740740742 0.6880208333333333 0.12777777777777777 0.69296875 0.125 0.7044270833333334 0.125
0 0.5979166666666667 0.24583333333333332 0.6 0.25046296296296294 0.60078125 0.2722222222222222 0.60234375 0.275 0.6067708333333334 0.2722222222222222 0.6091145833333333 0.2796296296296296 0.6018229166666667 0.30277777777777776 0.6013020833333333 0.35555555555555557 0.5989583333333334 0.36203703703703705 0.5921875 0.3685185185185185 0.5815104166666667 0.3685185185185185 0.5739583333333333 0.3592592592592593 0.57265625 0.324537037037037 0.5640625 0.300462962962963 0.5635416666666667 0.28935185185185186 0.5677083333333334 0.28194444444444444 0.57109375 0.2884259259259259 0.57265625 0.2851851851851852 0.5744791666666667 0.25555555555555554 0.5778645833333333 0.24537037037037038 0.5893229166666667 0.24305555555555555 0.59765625 0.24583333333333332
0 0.66640625 0.2675925925925926 0.6716145833333333 0.27546296296296297 0.6731770833333334 0.2962962962962963 0.67109375 0.3453703703703704 0.66796875 0.3527777777777778 0.6596354166666667 0.3541666666666667 0.65 0.35324074074074074 0.6466145833333333 0.34814814814814815 0.6473958333333333 0.27685185185185185 0.6513020833333333 0.2675925925925926 0.6661458333333333 0.2675925925925926
0 0.778125 0.12083333333333333 0.7838541666666666 0.12731481481481483 0.7859375 0.20046296296296295 0.7833333333333333 0.2162037037037037 0.7794270833333333 0.22175925925925927 0.7731770833333333 0.22407407407407406 0.7635416666666667 0.2212962962962963 0.7625 0.21342592592592594 0.7578125 0.20972222222222223 0.7583333333333333 0.16620370370370371 0.7567708333333333 0.13935185185185187 0.7583333333333333 0.12824074074074074 0.76171875 0.12175925925925926 0.7778645833333333 0.12083333333333333
0 0.8002604166666667 0.40370370370370373 0.8403645833333333 0.41435185185185186 0.8421875 0.41805555555555557 0.8427083333333333 0.42824074074074076 0.8419270833333333 0.45 0.8333333333333334 0.4583333333333333 0.7856770833333333 0.4527777777777778 0.7760416666666666 0.44722222222222224 0.7723958333333333 0.4351851851851852 0.7723958333333333 0.42314814814814816 0.7752604166666667 0.4111111111111111 0.7825520833333334 0.4046296296296296 0.8 0.40370370370370373
0 0.9325520833333333 0.5509259259259259 0.9395833333333333 0.5537037037037037 0.94375 0.5611111111111111 0.9473958333333333 0.5935185185185186 0.9479166666666666 0.6620370370370371 0.9447916666666667 0.6722222222222223 0.9377604166666667 0.6759259259259259 0.9260416666666667 0.674074074074074 0.9216145833333333 0.6689814814814815 0.9182291666666667 0.6472222222222223 0.9171875 0.625 0.9182291666666667 0.6041666666666666 0.91640625 0.5615740740740741 0.9216145833333333 0.5532407407407407 0.9322916666666666 0.5509259259259259
0 0.6619791666666667 0.987037037037037 0.66796875 0.9907407407407407 0.6716145833333333 0.999537037037037 0.64609375 0.999537037037037 0.6515625 0.9893518518518518 0.66171875 0.987037037037037
0 0.8541666666666666 0.24953703703703703 0.859375 0.2550925925925926 0.8622395833333333 0.26481481481481484 0.8661458333333333 0.33796296296296297 0.8627604166666667 0.3527777777777778 0.85 0.35555555555555557 0.8419270833333333 0.3537037037037037 0.8385416666666666 0.3416666666666667 0.8346354166666666 0.262037037037037 0.8408854166666667 0.25092592592592594 0.85390625 0.24953703703703703
0 0.7783854166666667 0.23657407407407408 0.7846354166666667 0.24027777777777778 0.7885416666666667 0.24814814814814815 0.790625 0.28194444444444444 0.78984375 0.3365740740740741 0.7861979166666667 0.3453703703703704 0.7802083333333333 0.3476851851851852 0.7692708333333333 0.34629629629629627 0.7651041666666667 0.3416666666666667 0.7627604166666667 0.3106481481481482 0.7635416666666667 0.24814814814814815 0.76875 0.2388888888888889 0.778125 0.23657407407407408
0 0.73984375 0.538425925925926 0.7481770833333333 0.5421296296296296 0.7502604166666667 0.5476851851851852 0.75 0.5921296296296297 0.7515625 0.6023148148148149 0.7489583333333333 0.6370370370370371 0.7403645833333333 0.6444444444444445 0.7317708333333334 0.6439814814814815 0.72578125 0.638425925925926 0.7244791666666667 0.600462962962963 0.72578125 0.5453703703703704 0.7299479166666667 0.5398148148148149 0.7395833333333334 0.538425925925926
0 0.68203125 0.38055555555555554 0.6856770833333333 0.38333333333333336 0.6890625 0.39351851851851855 0.70546875 0.46296296296296297 0.7052083333333333 0.4740740740740741 0.7028645833333333 0.4810185185185185 0.6890625 0.49027777777777776 0.68359375 0.4875 0.67890625 0.47685185185185186 0.6682291666666667 0.43657407407407406 0.6619791666666667 0.40185185185185185 0.6640625 0.3902777777777778 0.6669270833333333 0.3861111111111111 0.6817708333333333 0.38055555555555554
0 0.6276041666666666 0.10601851851851851 0.6348958333333333 0.11388888888888889 0.6380208333333334 0.15787037037037038 0.6354166666666666 0.20972222222222223 0.6328125 0.21481481481481482 0.6252604166666667 0.21898148148148147 0.615625 0.2175925925925926 0.6106770833333334 0.20925925925925926 0.6109375 0.11944444444444445 0.6122395833333333 0.11342592592592593 0.61640625 0.10787037037037037 0.62734375 0.10601851851851851
0 0.9635416666666666 0.25 0.97109375 0.25416666666666665 0.97421875 0.2601851851851852 0.9765625 0.28888888888888886 0.9747395833333333 0.35185185185185186 0.9716145833333333 0.3592592592592593 0.9640625 0.36342592592592593 0.9510416666666667 0.3592592592592593 0.9440104166666666 0.3453703703703704 0.9458333333333333 0.29814814814814816 0.94453125 0.27037037037037037 0.9502604166666667 0.2537037037037037 0.96328125 0.25
0 0.81484375 0.5504629629629629 0.8208333333333333 0.5537037037037037 0.8244791666666667 0.5675925925925925 0.8260416666666667 0.6157407407407407 0.8252604166666667 0.6541666666666667 0.821875 0.6597222222222222 0.81484375 0.6625 0.8041666666666667 0.6615740740740741 0.7989583333333333 0.6550925925925926 0.7994791666666666 0.6162037037037037 0.796875 0.575462962962963 0.8 0.5527777777777778 0.8145833333333333 0.5504629629629629
0 0.665625 0.6962962962962963 0.6716145833333333 0.6990740740740741 0.6734375 0.7037037037037037 0.6739583333333333 0.7550925925925925 0.671875 0.7930555555555555 0.6669270833333333 0.8078703703703703 0.6622395833333333 0.8111111111111111 0.65078125 0.8087962962962963 0.64609375 0.8027777777777778 0.6463541666666667 0.712037037037037 0.6481770833333333 0.6990740740740741 0.6505208333333333 0.6958333333333333 0.6653645833333334 0.6962962962962963
0 0.4510416666666667 0.025925925925925925 0.45338541666666665 0.028703703703703703 0.45390625 0.05694444444444444 0.45260416666666664 0.06805555555555555 0.44973958333333336 0.07222222222222222 0.4427083333333333 0.0699074074074074 0.4390625 0.06342592592592593 0.43776041666666665 0.04490740740740741 0.4390625 0.03611111111111111 0.44166666666666665 0.03194444444444444 0.45078125 0.025925925925925925
0 0.7828125 0.6833333333333333 0.7877604166666666 0.6884259259259259 0.7901041666666667 0.6995370370370371 0.7921875 0.7833333333333333 0.7901041666666667 0.7962962962962963 0.7861979166666667 0.8027777777777778 0.7794270833333333 0.8060185185185185 0.76875 0.8018518518518518 0.76484375 0.7930555555555555 0.7622395833333333 0.7055555555555556 0.765625 0.6851851851851852 0.7825520833333334 0.6833333333333333
0 0.8153645833333333 0.2388888888888889 0.8200520833333333 0.2412037037037037 0.82265625 0.24861111111111112 0.82578125 0.2972222222222222 0.8247395833333333 0.3212962962962963 0.821875 0.32546296296296295 0.8143229166666667 0.3277777777777778 0.8041666666666667 0.3263888888888889 0.80078125 0.32037037037037036 0.8020833333333334 0.29444444444444445 0.7989583333333333 0.25462962962962965 0.8002604166666667 0.24537037037037038 0.8028645833333333 0.2412037037037037 0.8151041666666666 0.2388888888888889
0 0.9013020833333333 0.2587962962962963 0.9078125 0.2675925925925926 0.9109375 0.28935185185185186 0.9138020833333333 0.2972222222222222 0.91171875 0.31342592592592594 0.91328125 0.34675925925925927 0.9122395833333333 0.36018518518518516 0.909375 0.36666666666666664 0.9013020833333333 0.37037037037037035 0.8895833333333333 0.36898148148148147 0.88125 0.35833333333333334 0.8807291666666667 0.3486111111111111 0.8830729166666667 0.34074074074074073 0.8822916666666667 0.30462962962962964 0.878125 0.28703703703703703 0.8799479166666667 0.275 0.8848958333333333 0.26157407407407407 0.8908854166666667 0.25787037037037036 0.9010416666666666 0.2587962962962963
0 0.8171875 0.6888888888888889 0.8213541666666667 0.6912037037037037 0.8255208333333334 0.6986111111111111 0.8263020833333333 0.7638888888888888 0.8252604166666667 0.7898148148148149 0.82109375 0.7972222222222223 0.81640625 0.799537037037037 0.8041666666666667 0.7967592592592593 0.7994791666666666 0.7851851851851852 0.7973958333333333 0.7 0.7997395833333333 0.6935185185185185 0.8057291666666667 0.6888888888888889 0.8169270833333333 0.6888888888888889