0 0.88828125 0.12129629629629629 0.8942708333333333 0.12407407407407407 0.89609375 0.12916666666666668 0.8986979166666667 0.21296296296296297 0.89765625 0.22870370370370371 0.8940104166666667 0.23657407407407408 0.8895833333333333 0.2388888888888889 0.8755208333333333 0.2375 0.87109375 0.2273148148148148 0.8713541666666667 0.19305555555555556 0.8690104166666667 0.15416666666666667 0.8705729166666667 0.13333333333333333 0.8736979166666666 0.125 0.8880208333333334 0.12129629629629629
0 0.8114583333333333 0.10046296296296296 0.81875 0.10648148148148148 0.821875 0.11666666666666667 0.8229166666666666 0.1300925925925926 0.821875 0.19305555555555556 0.8140625 0.2013888888888889 0.8028645833333333 0.20046296296296295 0.79609375 0.1925925925925926 0.7981770833333334 0.17314814814814813 0.7958333333333333 0.1300925925925926 0.7966145833333333 0.11435185185185186 0.8020833333333334 0.10231481481481482 0.8111979166666666 0.10046296296296296
0 0.62578125 0.6810185185185185 0.6309895833333333 0.6842592592592592 0.634375 0.6925925925925925 0.6338541666666667 0.7027777777777777 0.63671875 0.7273148148148149 0.63515625 0.7430555555555556 0.63671875 0.7666666666666667 0.6338541666666667 0.8 0.6315104166666666 0.8074074074074075 0.6265625 0.8106481481481481 0.6111979166666667 0.8083333333333333 0.6052083333333333 0.8 0.6044270833333333 0.7888888888888889 0.60625 0.7717592592592593 0.6036458333333333 0.7481481481481481 0.609375 0.6902777777777778 0.6151041666666667 0.6819444444444445 0.6255208333333333 0.6810185185185185
0 0.7799479166666666 0.23287037037037037 0.7875 0.23935185185185184 0.7908854166666667 0.25092592592592594 0.79140625 0.29444444444444445 0.78984375 0.33611111111111114 0.7872395833333333 0.3416666666666667 0.78046875 0.34444444444444444 0.76875 0.3425925925925926 0.76484375 0.33564814814814814 0.76328125 0.27361111111111114 0.7635416666666667 0.25092592592592594 0.7653645833333333 0.2412037037037037 0.7729166666666667 0.23287037037037037 0.7796875 0.23287037037037037
0 0.38645833333333335 0.31157407407407406 0.39609375 0.31712962962962965 0.39817708333333335 0.3314814814814815 0.3924479166666667 0.3962962962962963 0.3885416666666667 0.40694444444444444 0.3841145833333333 0.4111111111111111 0.37265625 0.4078703703703704 0.36953125 0.4023148148148148 0.36822916666666666 0.3888888888888889 0.37473958333333335 0.31851851851851853 0.3776041666666667 0.31203703703703706 0.38619791666666664 0.31157407407407406
0 0.7 0.24722222222222223 0.7078125 0.25092592592592594 0.7122395833333334 0.26157407407407407 0.7119791666666667 0.3425925925925926 0.7098958333333333 0.34953703703703703 0.703125 0.3523148148148148 0.6890625 0.34953703703703703 0.6872395833333333 0.3384259259259259 0.68671875 0.25925925925925924 0.6885416666666667 0.2513888888888889 0.6997395833333333 0.24722222222222223
0 0.9234375 0 0.9731770833333333 0 0.9888020833333333 0.022685185185185187 0.99140625 0.03287037037037037 0.9880208333333333 0.04722222222222222 0.9815104166666667 0.058333333333333334 0.97734375 0.06111111111111111 0.971875 0.058333333333333334 0.9669270833333333 0.059722222222222225 0.9627604166666667 0.05694444444444444 0.9580729166666667 0.04675925925925926 0.9364583333333333 0.020370370370370372 0.9276041666666667 0.013888888888888888 0.9234375 0.000462962962962963
0 0.8510416666666667 0.1310185185185185 0.85703125 0.1337962962962963 0.859375 0.14166666666666666 0.8604166666666667 0.2 0.8588541666666667 0.22037037037037038 0.8559895833333333 0.2263888888888889 0.8489583333333334 0.23055555555555557 0.83828125 0.22962962962962963 0.83359375 0.22314814814814815 0.8333333333333334 0.14027777777777778 0.834375 0.13472222222222222 0.8372395833333334 0.13194444444444445 0.85078125 0.1310185185185185
0 0.8205729166666667 0.549074074074074 0.8244791666666667 0.5601851851851852 0.8263020833333333 0.6351851851851852 0.8247395833333333 0.6541666666666667 0.8184895833333333 0.6583333333333333 0.80390625 0.6574074074074074 0.7989583333333333 0.6504629629629629 0.7994791666666666 0.5986111111111111 0.7979166666666667 0.5652777777777778 0.7997395833333333 0.55 0.8036458333333333 0.5467592592592593 0.8203125 0.549074074074074
0 0.7067708333333333 0.5541666666666667 0.71328125 0.5578703703703703 0.7151041666666667 0.5745370370370371 0.7151041666666667 0.6166666666666667 0.7135416666666666 0.6212962962962963 0.7098958333333333 0.6217592592592592 0.6927083333333334 0.6217592592592592 0.6903645833333333 0.6157407407407407 0.6919270833333333 0.6 0.6911458333333333 0.5587962962962963 0.6963541666666667 0.5546296296296296 0.7065104166666667 0.5541666666666667
0 0.8619791666666666 0.6888888888888889 0.86875 0.6953703703703704 0.8716145833333333 0.7074074074074074 0.8734375 0.7726851851851851 0.8716145833333333 0.8037037037037037 0.8630208333333333 0.8097222222222222 0.8481770833333333 0.8050925925925926 0.84453125 0.7930555555555555 0.8450520833333334 0.7652777777777777 0.8421875 0.712037037037037 0.8427083333333333 0.7027777777777777 0.8471354166666667 0.6921296296296297 0.8515625 0.6888888888888889 0.86171875 0.6888888888888889
0 0.9052083333333333 0.4009259259259259 0.93984375 0.41805555555555557 0.9486979166666667 0.42592592592592593 0.9502604166666667 0.4351851851851852 0.9494791666666667 0.4486111111111111 0.94453125 0.4634259259259259 0.9393229166666667 0.4666666666666667 0.9104166666666667 0.4564814814814815 0.8859375 0.4412037037037037 0.8841145833333334 0.4310185185185185 0.8872395833333333 0.4078703703703704 0.8924479166666667 0.40046296296296297 0.9049479166666666 0.4009259259259259
0 0.6578125 0.9402777777777778 0.66484375 0.9435185185185185 0.6703125 0.9564814814814815 0.6723958333333333 0.9944444444444445 0.67109375 0.999537037037037 0.6432291666666666 0.999537037037037 0.6440104166666667 0.9513888888888888 0.64765625 0.9435185185185185 0.6575520833333334 0.9402777777777778
0 0.5520833333333334 0.5324074074074074 0.55703125 0.5337962962962963 0.5596354166666667 0.5388888888888889 0.56015625 0.624537037037037 0.55703125 0.6439814814814815 0.55390625 0.6486111111111111 0.5481770833333334 0.65 0.53984375 0.649074074074074 0.5338541666666666 0.6439814814814815 0.5322916666666667 0.6375 0.5322916666666667 0.6162037037037037 0.5346354166666667 0.5967592592592592 0.5354166666666667 0.5361111111111111 0.5432291666666667 0.5314814814814814 0.5518229166666667 0.5324074074074074
0 0.625 0.5393518518518519 0.6302083333333334 0.5430555555555555 0.6325520833333333 0.5541666666666667 0.6354166666666666 0.6398148148148148 0.6309895833333333 0.6546296296296297 0.6205729166666667 0.6578703703703703 0.6106770833333334 0.6546296296296297 0.6075520833333333 0.6444444444444445 0.6044270833333333 0.5564814814814815 0.6057291666666667 0.5458333333333333 0.6091145833333333 0.5407407407407407 0.6247395833333333 0.5393518518518519
0 0.7421875 0.2513888888888889 0.7486979166666666 0.2587962962962963 0.7515625 0.2722222222222222 0.7536458333333333 0.34675925925925927 0.7510416666666667 0.3537037037037037 0.7416666666666667 0.35694444444444445 0.7330729166666666 0.35555555555555557 0.72890625 0.3490740740740741 0.7252604166666666 0.27175925925925926 0.7268229166666667 0.262037037037037 0.7302083333333333 0.2550925925925926 0.7419270833333333 0.2513888888888889
0 0.66640625 0.11944444444444445 0.6729166666666667 0.12314814814814815 0.67578125 0.13703703703703704 0.6752604166666667 0.21342592592592594 0.6721354166666667 0.225 0.66171875 0.23425925925925925 0.6528645833333333 0.23148148148148148 0.646875 0.2212962962962963 0.6479166666666667 0.17083333333333334 0.6520833333333333 0.12638888888888888 0.6572916666666667 0.11990740740740741 0.6661458333333333 0.11944444444444445
0 0.7760416666666666 0.5476851851851852 0.78515625 0.5509259259259259 0.7888020833333333 0.5606481481481481 0.79140625 0.6087962962962963 0.79140625 0.6319444444444444 0.7888020833333333 0.6509259259259259 0.7828125 0.6550925925925926 0.77109375 0.6550925925925926 0.7658854166666667 0.6472222222222223 0.7643229166666666 0.6370370370370371 0.7619791666666667 0.5606481481481481 0.7653645833333333 0.5523148148148148 0.77578125 0.5481481481481482
0 0.5953125 0.11944444444444445 0.6002604166666666 0.12685185185185185 0.5994791666666667 0.21388888888888888 0.5958333333333333 0.22453703703703703 0.5885416666666666 0.2310185185185185 0.578125 0.2273148148148148 0.5731770833333333 0.2162037037037037 0.5752604166666667 0.12777777777777777 0.5776041666666667 0.12083333333333333 0.5809895833333333 0.11851851851851852 0.5950520833333334 0.11944444444444445
0 0.9364583333333333 0.5486111111111112 0.94375 0.5569444444444445 0.94609375 0.5671296296296297 0.9481770833333333 0.6472222222222223 0.94609375 0.6680555555555555 0.9369791666666667 0.6731481481481482 0.9255208333333333 0.6703703703703704 0.92109375 0.6620370370370371 0.9174479166666667 0.6134259259259259 0.9184895833333333 0.6041666666666666 0.9166666666666666 0.5726851851851852 0.9169270833333333 0.5601851851851852 0.9205729166666666 0.5513888888888889 0.928125 0.5476851851851852 0.9361979166666666 0.5486111111111112
0 0.70390625 0.6805555555555556 0.70859375 0.6842592592592592 0.71171875 0.6935185185185185 0.7125 0.7351851851851852 0.7109375 0.7925925925925926 0.7098958333333333 0.7967592592592593 0.70390625 0.799537037037037 0.68515625 0.7967592592592593 0.6822916666666666 0.7930555555555555 0.6817708333333333 0.7833333333333333 0.6854166666666667 0.6888888888888889 0.68984375 0.6805555555555556 0.7036458333333333 0.6805555555555556
0 0.7356770833333334 0.6898148148148148 0.7416666666666667 0.6916666666666667 0.74609375 0.6990740740740741 0.7497395833333333 0.7643518518518518 0.7489583333333333 0.7828703703703703 0.7395833333333334 0.787962962962963 0.7270833333333333 0.7870370370370371 0.7247395833333333 0.7828703703703703 0.7200520833333334 0.7092592592592593 0.7203125 0.6995370370370371 0.7231770833333333 0.6935185185185185 0.7354166666666667 0.6898148148148148
0 0.5440104166666667 0.6736111111111112 0.55 0.6759259259259259 0.5536458333333333 0.6814814814814815 0.5549479166666667 0.7217592592592592 0.5541666666666667 0.7796296296296297 0.55078125 0.788425925925926 0.5453125 0.7921296296296296 0.5356770833333333 0.7912037037037037 0.5291666666666667 0.7833333333333333 0.52734375 0.7425925925925926 0.5278645833333333 0.6819444444444445 0.53203125 0.6754629629629629 0.54375 0.6736111111111112
0 0.5950520833333334 0.24027777777777778 0.6002604166666666 0.2449074074074074 0.6020833333333333 0.2722222222222222 0.6072916666666667 0.2726851851851852 0.6013020833333333 0.29814814814814816 0.6018229166666667 0.35185185185185186 0.5979166666666667 0.3625 0.58828125 0.36527777777777776 0.5815104166666667 0.36527777777777776 0.5752604166666667 0.35555555555555557 0.5736979166666667 0.324537037037037 0.5640625 0.3074074074074074 0.5635416666666667 0.29953703703703705 0.5640625 0.29583333333333334 0.5677083333333334 0.29583333333333334 0.57109375 0.3013888888888889 0.57421875 0.2967592592592593 0.5744791666666667 0.2569444444444444 0.5768229166666666 0.2439814814814815 0.5846354166666666 0.23935185185185184 0.5947916666666667 0.24027777777777778
0 0.6658854166666667 0.2638888888888889 0.6716145833333333 0.2689814814814815 0.6734375 0.28194444444444444 0.6716145833333333 0.34305555555555556 0.6684895833333333 0.35 0.6583333333333333 0.3509259259259259 0.65078125 0.35 0.6471354166666666 0.3453703703703704 0.64765625 0.27685185185185185 0.6515625 0.26481481481481484 0.665625 0.2638888888888889
0 0.8494791666666667 0.24444444444444444 0.8557291666666667 0.24675925925925926 0.8630208333333333 0.262037037037037 0.8661458333333333 0.30787037037037035 0.8661458333333333 0.33796296296296297 0.8638020833333333 0.34814814814814815 0.853125 0.35138888888888886 0.8447916666666667 0.3509259259259259 0.8401041666666667 0.3449074074074074 0.8348958333333333 0.27037037037037037 0.8348958333333333 0.25833333333333336 0.8375 0.2518518518518518 0.8419270833333333 0.2462962962962963 0.84921875 0.24444444444444444
0 0.790625 0.40046296296296297 0.83203125 0.40694444444444444 0.8403645833333333 0.4111111111111111 0.84296875 0.4217592592592593 0.8421875 0.44537037037037036 0.8390625 0.4513888888888889 0.8328125 0.45416666666666666 0.7861979166666667 0.449537037037037 0.7760416666666666 0.44351851851851853 0.7723958333333333 0.4305555555555556 0.7739583333333333 0.4115740740740741 0.7794270833333333 0.40185185185185185 0.7903645833333334 0.40046296296296297
0 0.7770833333333333 0.11574074074074074 0.7825520833333334 0.11851851851851852 0.7838541666666666 0.12268518518518519 0.7864583333333334 0.1865740740740741 0.7841145833333333 0.21157407407407408 0.7817708333333333 0.21666666666666667 0.77578125 0.2199074074074074 0.7669270833333334 0.21712962962962962 0.7596354166666667 0.2064814814814815 0.7572916666666667 0.13333333333333333 0.7614583333333333 0.11898148148148148 0.7768229166666667 0.11574074074074074
0 0.7692708333333333 0.46296296296296297 0.8080729166666667 0.4726851851851852 0.8140625 0.4773148148148148 0.8171875 0.4912037037037037 0.8158854166666667 0.5083333333333333 0.8135416666666667 0.5152777777777777 0.8080729166666667 0.5189814814814815 0.7731770833333333 0.512962962962963 0.7552083333333334 0.5055555555555555 0.75234375 0.49537037037037035 0.7546875 0.46944444444444444 0.759375 0.4634259259259259 0.7690104166666667 0.46296296296296297
0 0.6276041666666666 0.2351851851851852 0.634375 0.23796296296296296 0.6385416666666667 0.24814814814814815 0.63828125 0.3037037037037037 0.63984375 0.32083333333333336 0.6369791666666667 0.3416666666666667 0.6278645833333333 0.3472222222222222 0.61640625 0.3458333333333333 0.6135416666666667 0.34074074074074073 0.6114583333333333 0.2814814814814815 0.6125 0.24351851851851852 0.61796875 0.23657407407407408 0.62734375 0.2351851851851852
0 0.8953125 0.5574074074074075 0.9052083333333333 0.5648148148148148 0.9078125 0.6222222222222222 0.90625 0.6537037037037037 0.90234375 0.6643518518518519 0.896875 0.6666666666666666 0.8875 0.6662037037037037 0.8809895833333333 0.6611111111111111 0.878125 0.6125 0.8799479166666667 0.5615740740740741 0.8869791666666667 0.5574074074074075 0.8950520833333333 0.5574074074074075
0 0.9609375 0.12129629629629629 0.9705729166666667 0.12546296296296297 0.9755208333333333 0.13842592592592592 0.9763020833333333 0.2162037037037037 0.9739583333333334 0.22546296296296298 0.9653645833333333 0.23333333333333334 0.95546875 0.23055555555555557 0.9484375 0.2175925925925926 0.9466145833333334 0.1388888888888889 0.9510416666666667 0.12638888888888888 0.9606770833333333 0.12129629629629629
0 0.73984375 0.5351851851851852 0.75 0.5416666666666666 0.7513020833333334 0.5726851851851852 0.7494791666666667 0.6328703703703704 0.7463541666666667 0.637962962962963 0.7390625 0.6407407407407407 0.7307291666666667 0.6393518518518518 0.7260416666666667 0.6337962962962963 0.7252604166666666 0.5958333333333333 0.7265625 0.5402777777777777 0.73046875 0.5361111111111111 0.7395833333333334 0.5351851851851852
0 0.6263020833333334 0.10185185185185185 0.63359375 0.10740740740740741 0.6369791666666667 0.11851851851851852 0.63828125 0.1439814814814815 0.6372395833333333 0.19953703703703704 0.6341145833333334 0.21064814814814814 0.6231770833333333 0.21574074074074073 0.615625 0.21342592592592594 0.6109375 0.20277777777777778 0.6114583333333333 0.11898148148148148 0.6125 0.11157407407407408 0.615625 0.10648148148148148 0.6260416666666667 0.10185185185185185
0 0.9638020833333333 0.2462962962962963 0.9708333333333333 0.25 0.9744791666666667 0.2569444444444444 0.9776041666666667 0.2861111111111111 0.9760416666666667 0.30972222222222223 0.97734375 0.32546296296296295 0.9752604166666666 0.3486111111111111 0.971875 0.35648148148148145 0.9658854166666667 0.3597222222222222 0.9518229166666666 0.3560185185185185 0.94609375 0.3486111111111111 0.94453125 0.3421296296296296 0.9463541666666667 0.2967592592592593 0.94453125 0.2722222222222222 0.94609375 0.2611111111111111 0.953125 0.24814814814814815 0.9635416666666666 0.2462962962962963
0 0.8596354166666667 0.5513888888888889 0.86796875 0.5574074074074075 0.86953125 0.575 0.865625 0.6615740740740741 0.8572916666666667 0.6731481481481482 0.8411458333333334 0.6685185185185185 0.8385416666666666 0.6611111111111111 0.83828125 0.6444444444444445 0.8416666666666667 0.5736111111111111 0.84375 0.5606481481481481 0.8486979166666667 0.5509259259259259 0.859375 0.5513888888888889
0 0.65703125 0.6916666666666667 0.6716145833333333 0.6939814814814815 0.6744791666666666 0.7037037037037037 0.675 0.7449074074074075 0.6736979166666667 0.7476851851851852 0.6731770833333334 0.7856481481481481 0.6666666666666666 0.8037037037037037 0.6625 0.8064814814814815 0.6505208333333333 0.8046296296296296 0.646875 0.8004629629629629 0.6450520833333333 0.7935185185185185 0.6471354166666666 0.7046296296296296 0.6497395833333334 0.6939814814814815 0.6567708333333333 0.6916666666666667
0 0.77421875 0.6782407407407407 0.78671875 0.6814814814814815 0.7911458333333333 0.6981481481481482 0.7924479166666667 0.7828703703703703 0.7872395833333333 0.7981481481481482 0.7802083333333333 0.8018518518518518 0.7682291666666666 0.7976851851851852 0.7645833333333333 0.7847222222222222 0.7627604166666667 0.7273148148148149 0.7638020833333333 0.687037037037037 0.7658854166666667 0.6810185185185185 0.7739583333333333 0.6782407407407407
0 0.7033854166666667 0.12083333333333333 0.7091145833333333 0.12407407407407407 0.7111979166666667 0.13148148148148148 0.7109375 0.20601851851851852 0.7072916666666667 0.21574074074074073 0.70078125 0.21851851851851853 0.6893229166666667 0.21666666666666667 0.6861979166666666 0.20879629629629629 0.6864583333333333 0.13287037037037036 0.6901041666666666 0.12268518518518519 0.703125 0.12083333333333333
0 0.5848958333333333 0.6865740740740741 0.59453125 0.6925925925925925 0.596875 0.7138888888888889 0.5955729166666667 0.7694444444444445 0.59296875 0.8013888888888889 0.5885416666666666 0.8125 0.5838541666666667 0.8148148148148148 0.5760416666666667 0.8148148148148148 0.5703125 0.8111111111111111 0.5669270833333333 0.8046296296296296 0.56640625 0.7925925925925926 0.5684895833333333 0.7791666666666667 0.5674479166666667 0.7615740740740741 0.5703125 0.6944444444444444 0.5739583333333333 0.687962962962963 0.5846354166666666 0.6865740740740741
0 0.81796875 0.2361111111111111 0.8221354166666667 0.24074074074074073 0.8247395833333333 0.2550925925925926 0.8255208333333334 0.3148148148148148 0.82265625 0.3212962962962963 0.8143229166666667 0.32407407407407407 0.80703125 0.32314814814814813 0.8015625 0.31712962962962965 0.7997395833333333 0.24953703703703703 0.8036458333333333 0.2375 0.8177083333333334 0.2361111111111111
0 0.9036458333333334 0.25601851851851853 0.9088541666666666 0.2652777777777778 0.9135416666666667 0.29305555555555557 0.9122395833333333 0.30277777777777776 0.9135416666666667 0.3416666666666667 0.9119791666666667 0.36018518518518516 0.9083333333333333 0.3648148148148148 0.90078125 0.36712962962962964 0.8869791666666667 0.3648148148148148 0.8817708333333333 0.35555555555555557 0.8830729166666667 0.30324074074074076 0.8822916666666667 0.29259259259259257 0.8791666666666667 0.2865740740740741 0.87890625 0.2810185185185185 0.8833333333333333 0.26157407407407407 0.8864583333333333 0.2564814814814815 0.8901041666666667 0.25416666666666665 0.9033854166666667 0.25601851851851853
0 0.8114583333333333 0.6842592592592592 0.82109375 0.6861111111111111 0.8260416666666667 0.6962962962962963 0.8260416666666667 0.7824074074074074 0.82421875 0.7907407407407407 0.8161458333333333 0.7953703703703704 0.80703125 0.7944444444444444 0.8020833333333334 0.7907407407407407 0.8 0.7861111111111111 0.7986979166666667 0.7689814814814815 0.8002604166666667 0.7398148148148148 0.7981770833333334 0.6953703703703704 0.8041666666666667 0.6856481481481481 0.8111979166666666 0.6842592592592592