0 0.8903645833333333 0.12175925925925926 0.89453125 0.12453703703703704 0.89609375 0.1300925925925926 0.8979166666666667 0.15324074074074073 0.8986979166666667 0.22083333333333333 0.8950520833333333 0.23472222222222222 0.8890625 0.2388888888888889 0.8755208333333333 0.2375 0.8713541666666667 0.22824074074074074 0.8690104166666667 0.15 0.8703125 0.13425925925925927 0.8734375 0.125 0.8802083333333334 0.12129629629629629 0.8901041666666667 0.12175925925925926
0 0.8119791666666667 0.10046296296296296 0.8177083333333334 0.10416666666666667 0.8213541666666667 0.11388888888888889 0.8231770833333333 0.14537037037037037 0.821875 0.1925925925925926 0.8140625 0.2013888888888889 0.8026041666666667 0.20046296296296295 0.79609375 0.1925925925925926 0.79765625 0.1726851851851852 0.7966145833333333 0.11296296296296296 0.8028645833333333 0.10138888888888889 0.81171875 0.10046296296296296
0 0.6239583333333333 0.6805555555555556 0.6302083333333334 0.6833333333333333 0.6341145833333334 0.6921296296296297 0.6361979166666667 0.7268518518518519 0.63515625 0.7458333333333333 0.63671875 0.7666666666666667 0.634375 0.7949074074074074 0.6317708333333333 0.8064814814814815 0.6268229166666667 0.8106481481481481 0.6104166666666667 0.8078703703703703 0.6067708333333334 0.8037037037037037 0.6044270833333333 0.7958333333333333 0.60625 0.7717592592592593 0.60390625 0.7462962962962963 0.60625 0.7342592592592593 0.6088541666666667 0.6921296296296297 0.6127604166666667 0.6833333333333333 0.6236979166666666 0.6805555555555556
0 0.78203125 0.2337962962962963 0.7880208333333333 0.24074074074074073 0.790625 0.25092592592592594 0.7908854166666667 0.3287037037037037 0.7875 0.34120370370370373 0.7799479166666666 0.34444444444444444 0.76875 0.3425925925925926 0.7640625 0.33240740740740743 0.76328125 0.2513888888888889 0.7651041666666667 0.24166666666666667 0.7682291666666666 0.23657407407407408 0.7752604166666667 0.23194444444444445 0.7817708333333333 0.2337962962962963
0 0.38359375 0.3384259259259259 0.39401041666666664 0.34444444444444444 0.39557291666666666 0.3527777777777778 0.3893229166666667 0.425 0.38776041666666666 0.43194444444444446 0.38177083333333334 0.43842592592592594 0.3697916666666667 0.43425925925925923 0.36640625 0.4263888888888889 0.365625 0.412962962962963 0.37213541666666666 0.34444444444444444 0.37604166666666666 0.3384259259259259 0.38333333333333336 0.3384259259259259
0 0.7005208333333334 0.24722222222222223 0.7083333333333334 0.2513888888888889 0.7122395833333334 0.26157407407407407 0.71171875 0.34305555555555556 0.7098958333333333 0.34953703703703703 0.7033854166666667 0.3523148148148148 0.6921875 0.35138888888888886 0.6890625 0.34953703703703703 0.6872395833333333 0.3439814814814815 0.68671875 0.25787037037037036 0.6893229166666667 0.25046296296296294 0.7002604166666667 0.24722222222222223
0 0.70703125 0.12222222222222222 0.7106770833333333 0.13055555555555556 0.7106770833333333 0.20833333333333334 0.7067708333333333 0.2162037037037037 0.6994791666666667 0.21851851851851853 0.6895833333333333 0.21666666666666667 0.6861979166666666 0.20925925925925926 0.6864583333333333 0.13287037037037036 0.6875 0.12638888888888888 0.69140625 0.12175925925925926 0.7067708333333333 0.12222222222222222
0 0.9192708333333334 0 0.9731770833333333 0 0.9877604166666667 0.024537037037037038 0.9841145833333333 0.04259259259259259 0.9783854166666667 0.053703703703703705 0.9736979166666667 0.05694444444444444 0.9630208333333333 0.05555555555555555 0.9317708333333333 0.01712962962962963 0.921875 0.0125 0.9192708333333334 0.000462962962962963
0 0.8494791666666667 0.13055555555555556 0.8567708333333334 0.13333333333333333 0.859375 0.14166666666666666 0.8604166666666667 0.19953703703703704 0.8588541666666667 0.22037037037037038 0.85625 0.22592592592592592 0.8489583333333334 0.23055555555555557 0.83515625 0.22777777777777777 0.8325520833333333 0.20787037037037037 0.83359375 0.13657407407407407 0.8380208333333333 0.13148148148148148 0.84921875 0.13055555555555556
0 0.86171875 0.6888888888888889 0.8666666666666667 0.6916666666666667 0.8708333333333333 0.7027777777777777 0.8731770833333333 0.7541666666666667 0.87265625 0.799074074074074 0.8700520833333333 0.8064814814814815 0.8627604166666667 0.8097222222222222 0.8481770833333333 0.8050925925925926 0.8442708333333333 0.7930555555555555 0.8447916666666667 0.7597222222222222 0.8419270833333333 0.7166666666666667 0.8424479166666666 0.7037037037037037 0.846875 0.6925925925925925 0.8518229166666667 0.6888888888888889 0.8614583333333333 0.6888888888888889
0 0.9020833333333333 0.4 0.946875 0.42314814814814816 0.9494791666666667 0.4287037037037037 0.9494791666666667 0.44351851851851853 0.9463541666666667 0.45740740740740743 0.940625 0.46574074074074073 0.9104166666666667 0.4564814814814815 0.8864583333333333 0.4425925925925926 0.88359375 0.4361111111111111 0.88359375 0.4287037037037037 0.8869791666666667 0.40694444444444444 0.890625 0.4009259259259259 0.9018229166666667 0.4
0 0.6604166666666667 0.9430555555555555 0.6645833333333333 0.9453703703703704 0.6705729166666666 0.9592592592592593 0.67265625 0.999537037037037 0.6434895833333333 0.999537037037037 0.6440104166666667 0.9527777777777777 0.6497395833333334 0.9439814814814815 0.66015625 0.9430555555555555
0 0.55703125 0.5337962962962963 0.5596354166666667 0.5393518518518519 0.5598958333333334 0.625462962962963 0.5572916666666666 0.6435185185185185 0.55078125 0.649537037037037 0.5372395833333333 0.6476851851851851 0.5325520833333334 0.6398148148148148 0.5354166666666667 0.5361111111111111 0.5427083333333333 0.5314814814814814 0.5567708333333333 0.5337962962962963
0 0.62734375 0.5402777777777777 0.6302083333333334 0.5430555555555555 0.6322916666666667 0.5523148148148148 0.6356770833333333 0.6337962962962963 0.6338541666666667 0.649074074074074 0.6296875 0.6555555555555556 0.6236979166666666 0.6574074074074074 0.6127604166666667 0.6564814814814814 0.6083333333333333 0.649074074074074 0.60625 0.6314814814814815 0.6044270833333333 0.5560185185185185 0.6057291666666667 0.5458333333333333 0.6091145833333333 0.5407407407407407 0.6270833333333333 0.5402777777777777
0 0.74140625 0.25092592592592594 0.7484375 0.25833333333333336 0.7515625 0.2722222222222222 0.7536458333333333 0.3458333333333333 0.7513020833333334 0.35324074074074074 0.7395833333333334 0.35694444444444445 0.73125 0.3537037037037037 0.7286458333333333 0.3476851851851852 0.7252604166666666 0.2722222222222222 0.7268229166666667 0.26157407407407407 0.73046875 0.25462962962962965 0.7411458333333333 0.25092592592592594
0 0.6682291666666667 0.11990740740740741 0.6729166666666667 0.12314814814814815 0.6755208333333333 0.13518518518518519 0.6755208333333333 0.21388888888888888 0.671875 0.22592592592592592 0.6614583333333334 0.23425925925925925 0.6502604166666667 0.22916666666666666 0.6466145833333333 0.22037037037037038 0.6479166666666667 0.17083333333333334 0.6515625 0.12685185185185185 0.6575520833333334 0.11944444444444445 0.66796875 0.11990740740740741
0 0.7799479166666666 0.5481481481481482 0.78671875 0.5527777777777778 0.78828125 0.5574074074074075 0.79140625 0.6092592592592593 0.7901041666666667 0.6472222222222223 0.7869791666666667 0.6532407407407408 0.7809895833333333 0.6555555555555556 0.7703125 0.6546296296296297 0.7653645833333333 0.6453703703703704 0.7619791666666667 0.5675925925925925 0.7619791666666667 0.5606481481481481 0.7653645833333333 0.5518518518518518 0.7796875 0.5481481481481482
0 0.5919270833333333 0.11805555555555555 0.59765625 0.12129629629629629 0.6002604166666666 0.12685185185185185 0.6002604166666666 0.20046296296296295 0.5986979166666667 0.21944444444444444 0.5934895833333333 0.22777777777777777 0.58828125 0.2310185185185185 0.58125 0.22962962962962963 0.5755208333333334 0.22407407407407406 0.5729166666666666 0.2162037037037037 0.5723958333333333 0.20277777777777778 0.57578125 0.12407407407407407 0.5815104166666667 0.11805555555555555 0.5916666666666667 0.11805555555555555
0 0.9333333333333333 0.5476851851851852 0.9393229166666667 0.55 0.94375 0.5569444444444445 0.94765625 0.5879629629629629 0.9479166666666666 0.6587962962962963 0.9450520833333333 0.6699074074074074 0.9390625 0.6726851851851852 0.9278645833333333 0.6717592592592593 0.921875 0.6648148148148149 0.9174479166666667 0.6162037037037037 0.9174479166666667 0.5569444444444445 0.9223958333333333 0.549537037037037 0.9330729166666667 0.5476851851851852
0 0.89453125 0.5569444444444445 0.9049479166666666 0.5643518518518519 0.90703125 0.5842592592592593 0.90703125 0.6509259259259259 0.9020833333333333 0.6638888888888889 0.8966145833333333 0.6666666666666666 0.8875 0.6662037037037037 0.8807291666666667 0.6611111111111111 0.8783854166666667 0.6134259259259259 0.8794270833333333 0.5634259259259259 0.8833333333333333 0.5583333333333333 0.8942708333333333 0.5569444444444445
0 0.70390625 0.6805555555555556 0.71015625 0.687037037037037 0.7122395833333334 0.6986111111111111 0.7109375 0.7912037037037037 0.70859375 0.7967592592592593 0.7041666666666667 0.7986111111111112 0.6846354166666667 0.7967592592592593 0.68203125 0.7930555555555555 0.6817708333333333 0.7837962962962963 0.6854166666666667 0.6884259259259259 0.690625 0.6800925925925926 0.7036458333333333 0.6805555555555556
0 0.7369791666666666 0.6898148148148148 0.74296875 0.6925925925925925 0.7463541666666667 0.700462962962963 0.7497395833333333 0.7726851851851851 0.7481770833333333 0.7842592592592592 0.7390625 0.787962962962963 0.72734375 0.7870370370370371 0.7247395833333333 0.7828703703703703 0.7200520833333334 0.7106481481481481 0.7203125 0.6990740740740741 0.72265625 0.6939814814814815 0.73671875 0.6898148148148148
0 0.5442708333333334 0.6736111111111112 0.5502604166666667 0.6759259259259259 0.5536458333333333 0.6814814814814815 0.5549479166666667 0.7208333333333333 0.5541666666666667 0.7796296296296297 0.5502604166666667 0.7888888888888889 0.5450520833333333 0.7921296296296296 0.5348958333333333 0.7907407407407407 0.52890625 0.7828703703703703 0.5265625 0.7134259259259259 0.52890625 0.6782407407407407 0.5325520833333334 0.675 0.5440104166666667 0.6736111111111112
0 0.5895833333333333 0.2388888888888889 0.59921875 0.2412037037037037 0.6010416666666667 0.2662037037037037 0.6044270833333333 0.2722222222222222 0.6044270833333333 0.2777777777777778 0.6013020833333333 0.29814814814814816 0.6026041666666667 0.3106481481481482 0.6013020833333333 0.35138888888888886 0.59765625 0.3625 0.5861979166666667 0.36527777777777776 0.58046875 0.36435185185185187 0.5744791666666667 0.3537037037037037 0.5731770833333333 0.32407407407407407 0.5640625 0.30787037037037035 0.56328125 0.3 0.5640625 0.2953703703703704 0.5677083333333334 0.29583333333333334 0.57109375 0.30092592592592593 0.5734375 0.2967592592592593 0.5744791666666667 0.25462962962962965 0.5768229166666666 0.24351851851851852 0.5893229166666667 0.2388888888888889
0 0.8208333333333333 0.6861111111111111 0.825 0.6916666666666667 0.8260416666666667 0.6986111111111111 0.8260416666666667 0.7819444444444444 0.8247395833333333 0.7898148148148149 0.8153645833333333 0.7953703703703704 0.80546875 0.7935185185185185 0.8 0.7861111111111111 0.7981770833333334 0.6958333333333333 0.80390625 0.6856481481481481 0.8205729166666667 0.6861111111111111
0 0.6619791666666667 0.26296296296296295 0.6708333333333333 0.2675925925925926 0.6734375 0.28194444444444444 0.671875 0.3416666666666667 0.6692708333333334 0.3490740740740741 0.665625 0.350462962962963 0.6510416666666666 0.35 0.646875 0.3449074074074074 0.6479166666666667 0.2726851851851852 0.6520833333333333 0.26435185185185184 0.66171875 0.26296296296296295
0 0.8997395833333334 0.25416666666666665 0.9049479166666666 0.2569444444444444 0.9083333333333333 0.26342592592592595 0.9143229166666667 0.2962962962962963 0.9122395833333333 0.30277777777777776 0.9135416666666667 0.32407407407407407 0.9125 0.3587962962962963 0.9080729166666667 0.3648148148148148 0.90078125 0.36712962962962964 0.8869791666666667 0.3648148148148148 0.8817708333333333 0.35462962962962963 0.88359375 0.32175925925925924 0.8828125 0.29768518518518516 0.87890625 0.28379629629629627 0.88203125 0.2652777777777778 0.8854166666666666 0.25787037037037036 0.8903645833333333 0.25416666666666665 0.8994791666666667 0.25416666666666665
0 0.7869791666666667 0.4 0.8302083333333333 0.4064814814814815 0.8403645833333333 0.4111111111111111 0.8427083333333333 0.41944444444444445 0.8419270833333333 0.4462962962962963 0.83828125 0.45185185185185184 0.8325520833333333 0.45416666666666666 0.7880208333333333 0.449537037037037 0.77578125 0.44351851851851853 0.7723958333333333 0.4310185185185185 0.7736979166666667 0.4115740740740741 0.7791666666666667 0.40185185185185185 0.78671875 0.4
0 0.7791666666666667 0.1162037037037037 0.7833333333333333 0.11990740740740741 0.7841145833333333 0.12546296296296297 0.7861979166666667 0.19398148148148148 0.78359375 0.21296296296296297 0.7768229166666667 0.21944444444444444 0.7669270833333334 0.21712962962962962 0.7596354166666667 0.20601851851851852 0.75703125 0.13564814814814816 0.75859375 0.12407407407407407 0.76171875 0.11851851851851852 0.77890625 0.1162037037037037
0 0.8515625 0.2449074074074074 0.8588541666666667 0.25092592592592594 0.8627604166666667 0.2611111111111111 0.86640625 0.32037037037037036 0.8661458333333333 0.337037037037037 0.8640625 0.3476851851851852 0.853125 0.35138888888888886 0.84375 0.350462962962963 0.8401041666666667 0.3449074074074074 0.8346354166666666 0.26990740740740743 0.8348958333333333 0.25787037037037036 0.8385416666666666 0.25 0.84375 0.24537037037037038 0.8513020833333333 0.2449074074074074
0 0.78203125 0.46574074074074073 0.8182291666666667 0.47314814814814815 0.8239583333333333 0.47685185185185186 0.82734375 0.48703703703703705 0.8268229166666666 0.5074074074074074 0.8247395833333333 0.5157407407407407 0.81796875 0.5194444444444445 0.7869791666666667 0.5157407407407407 0.7658854166666667 0.5074074074074074 0.7627604166666667 0.4925925925925926 0.7653645833333333 0.46944444444444444 0.7703125 0.4648148148148148 0.7817708333333333 0.46574074074074073
0 0.6317708333333333 0.2361111111111111 0.63671875 0.2412037037037037 0.6388020833333333 0.2518518518518518 0.6380208333333334 0.3 0.6395833333333333 0.325 0.6372395833333333 0.34074074074074073 0.63359375 0.3453703703703704 0.62734375 0.3472222222222222 0.6161458333333333 0.3453703703703704 0.6127604166666667 0.3384259259259259 0.6114583333333333 0.2513888888888889 0.6125 0.24305555555555555 0.6169270833333333 0.23703703703703705 0.6315104166666666 0.2361111111111111
0 0.9609375 0.12129629629629629 0.97109375 0.12638888888888888 0.9755208333333333 0.1398148148148148 0.9760416666666667 0.21805555555555556 0.9705729166666667 0.2300925925925926 0.9645833333333333 0.23333333333333334 0.95546875 0.23055555555555557 0.9484375 0.2175925925925926 0.94609375 0.1412037037037037 0.9502604166666667 0.12731481481481483 0.9606770833333333 0.12129629629629629
0 0.7450520833333333 0.5365740740740741 0.7494791666666667 0.5402777777777777 0.7505208333333333 0.5472222222222223 0.75 0.6296296296296297 0.7473958333333334 0.6370370370370371 0.7377604166666667 0.6407407407407407 0.72734375 0.6370370370370371 0.7252604166666666 0.6300925925925925 0.7260416666666667 0.5430555555555555 0.7302083333333333 0.5361111111111111 0.7447916666666666 0.5365740740740741
0 0.6278645833333333 0.10231481481481482 0.6348958333333333 0.10972222222222222 0.6369791666666667 0.11944444444444445 0.6372395833333333 0.2 0.6338541666666667 0.2111111111111111 0.6231770833333333 0.21574074074074073 0.6151041666666667 0.21296296296296297 0.6109375 0.2023148148148148 0.61015625 0.1787037037037037 0.6125 0.13842592592592592 0.6114583333333333 0.11805555555555555 0.6122395833333333 0.11203703703703703 0.6161458333333333 0.10555555555555556 0.621875 0.10185185185185185 0.6276041666666666 0.10231481481481482
0 0.9674479166666666 0.24722222222222223 0.9716145833333333 0.25046296296296294 0.9752604166666666 0.25972222222222224 0.975 0.26990740740740743 0.9776041666666667 0.2861111111111111 0.9763020833333333 0.3 0.97734375 0.32546296296296295 0.97421875 0.35185185185185186 0.971875 0.35648148148148145 0.9658854166666667 0.3597222222222222 0.9518229166666666 0.3560185185185185 0.9447916666666667 0.3449074074074074 0.94609375 0.2861111111111111 0.94453125 0.26944444444444443 0.94609375 0.2601851851851852 0.95234375 0.24861111111111112 0.9671875 0.24722222222222223
0 0.8546875 0.55 0.8661458333333333 0.5541666666666667 0.8692708333333333 0.5662037037037037 0.865625 0.6620370370370371 0.86328125 0.6675925925925926 0.8567708333333334 0.6731481481481482 0.8411458333333334 0.6685185185185185 0.8380208333333333 0.6555555555555556 0.8419270833333333 0.5722222222222222 0.8458333333333333 0.5546296296296296 0.8484375 0.5509259259259259 0.8544270833333333 0.55
0 0.8192708333333333 0.5481481481481482 0.821875 0.5504629629629629 0.8244791666666667 0.5606481481481481 0.8263020833333333 0.6370370370370371 0.825 0.6537037037037037 0.8182291666666667 0.6583333333333333 0.8044270833333333 0.6574074074074074 0.79921875 0.6513888888888889 0.7979166666666667 0.5634259259259259 0.7997395833333333 0.55 0.8036458333333333 0.5467592592592593 0.8190104166666666 0.5481481481481482
0 0.6697916666666667 0.6930555555555555 0.6734375 0.6962962962962963 0.6744791666666666 0.7041666666666667 0.6736979166666667 0.7810185185185186 0.6690104166666667 0.7986111111111112 0.6622395833333333 0.8064814814814815 0.65 0.8041666666666667 0.6450520833333333 0.7935185185185185 0.646875 0.7060185185185185 0.6484375 0.6962962962962963 0.6510416666666666 0.6921296296296297 0.66953125 0.6930555555555555
0 0.7072916666666667 0.5541666666666667 0.71328125 0.5583333333333333 0.7151041666666667 0.5787037037037037 0.71484375 0.6175925925925926 0.7135416666666666 0.6208333333333333 0.709375 0.6217592592592592 0.6927083333333334 0.6217592592592592 0.6903645833333333 0.6152777777777778 0.6919270833333333 0.5986111111111111 0.69140625 0.5574074074074075 0.70703125 0.5541666666666667
0 0.7822916666666667 0.6791666666666667 0.78671875 0.6814814814814815 0.790625 0.6930555555555555 0.7924479166666667 0.7824074074074074 0.7875 0.7976851851851852 0.7802083333333333 0.8018518518518518 0.7690104166666667 0.7986111111111112 0.76484375 0.7898148148148149 0.7630208333333334 0.6976851851851852 0.7653645833333333 0.6814814814814815 0.7708333333333334 0.6782407407407407 0.78203125 0.6791666666666667
0 0.5848958333333333 0.6865740740740741 0.5916666666666667 0.6893518518518519 0.5958333333333333 0.6962962962962963 0.596875 0.7425925925925926 0.59609375 0.7726851851851851 0.5927083333333333 0.8032407407407407 0.5888020833333333 0.812037037037037 0.5833333333333334 0.8148148148148148 0.5703125 0.8111111111111111 0.5669270833333333 0.8046296296296296 0.56640625 0.7939814814814815 0.5684895833333333 0.7791666666666667 0.5674479166666667 0.7546296296296297 0.5703125 0.6935185185185185 0.5744791666666667 0.6875 0.5846354166666666 0.6865740740740741
0 0.81640625 0.23564814814814813 0.821875 0.24027777777777778 0.8244791666666667 0.25416666666666665 0.8252604166666667 0.31574074074074077 0.82265625 0.3212962962962963 0.81484375 0.32407407407407407 0.8065104166666667 0.32314814814814813 0.8015625 0.3175925925925926 0.79921875 0.2513888888888889 0.8 0.24444444444444444 0.8036458333333333 0.2375 0.8161458333333333 0.23564814814814813