0 0.8880208333333334 0.12361111111111112 0.8940104166666667 0.12685185185185185 0.8955729166666667 0.13240740740740742 0.8986979166666667 0.2 0.8958333333333334 0.23425925925925925 0.8921875 0.2388888888888889 0.8846354166666667 0.24074074074074073 0.8747395833333333 0.2388888888888889 0.8697916666666666 0.22361111111111112 0.8705729166666667 0.19398148148148148 0.8682291666666667 0.15092592592592594 0.8705729166666667 0.1337962962962963 0.8731770833333333 0.12731481481481483 0.8877604166666667 0.12361111111111112
0 0.7109375 0.5574074074074075 0.7138020833333333 0.5657407407407408 0.71484375 0.6194444444444445 0.71328125 0.6226851851851852 0.6989583333333333 0.6236111111111111 0.6927083333333334 0.6236111111111111 0.6903645833333333 0.6185185185185185 0.6916666666666667 0.6018518518518519 0.6903645833333333 0.5634259259259259 0.6921875 0.5578703703703703 0.6950520833333333 0.5564814814814815 0.7106770833333333 0.5574074074074075
0 0.8114583333333333 0.10277777777777777 0.815625 0.1050925925925926 0.8205729166666667 0.11666666666666667 0.8236979166666667 0.16574074074074074 0.82109375 0.19583333333333333 0.8174479166666667 0.2013888888888889 0.8111979166666666 0.20416666666666666 0.8013020833333333 0.2023148148148148 0.7963541666666667 0.19490740740740742 0.7973958333333333 0.16944444444444445 0.7953125 0.1310185185185185 0.7963541666666667 0.1162037037037037 0.8002604166666667 0.10601851851851851 0.8111979166666666 0.10277777777777777
0 0.6268229166666667 0.6833333333333333 0.63046875 0.6851851851851852 0.6338541666666667 0.6958333333333333 0.6364583333333333 0.7550925925925925 0.63359375 0.8018518518518518 0.6299479166666667 0.8101851851851852 0.62265625 0.8125 0.6111979166666667 0.8106481481481481 0.6059895833333333 0.8023148148148148 0.6044270833333333 0.7481481481481481 0.6088541666666667 0.6921296296296297 0.6125 0.6851851851851852 0.6265625 0.6833333333333333
0 0.7104166666666667 0.43842592592592594 0.7552083333333334 0.4791666666666667 0.75859375 0.487962962962963 0.75859375 0.49583333333333335 0.7549479166666667 0.5097222222222222 0.74765625 0.5194444444444445 0.74140625 0.5185185185185185 0.7239583333333334 0.5050925925925925 0.69609375 0.475 0.69609375 0.45555555555555555 0.7028645833333333 0.44166666666666665 0.71015625 0.43842592592592594
0 0.7432291666666667 0.25462962962962965 0.74921875 0.26157407407407407 0.7515625 0.27361111111111114 0.75390625 0.3458333333333333 0.7513020833333334 0.35555555555555557 0.7416666666666667 0.35833333333333334 0.7325520833333333 0.35648148148148145 0.7283854166666667 0.3486111111111111 0.725 0.27175925925925926 0.7302083333333333 0.2569444444444444 0.74296875 0.25462962962962965
0 0.4005208333333333 0.17592592592592593 0.41119791666666666 0.18194444444444444 0.41380208333333335 0.18564814814814815 0.41458333333333336 0.1925925925925926 0.40572916666666664 0.24351851851851852 0.4041666666666667 0.26481481481481484 0.4010416666666667 0.27314814814814814 0.39869791666666665 0.2740740740740741 0.39036458333333335 0.27314814814814814 0.384375 0.26851851851851855 0.3809895833333333 0.25972222222222224 0.3807291666666667 0.24861111111111112 0.39036458333333335 0.18611111111111112 0.39401041666666664 0.1763888888888889 0.4002604166666667 0.17592592592592593
0 0.9541666666666667 0 0.9796875 0 0.9997395833333333 0.0375 0.9997395833333333 0.09351851851851851 0.9911458333333333 0.09537037037037037 0.98125 0.08796296296296297 0.9770833333333333 0.08148148148148149 0.97421875 0.06527777777777778 0.959375 0.03564814814814815 0.9528645833333333 0.027314814814814816 0.9505208333333334 0.010185185185185186 0.9541666666666667 0.000462962962962963
0 0.8479166666666667 0.13287037037037036 0.85625 0.1361111111111111 0.859375 0.14305555555555555 0.86015625 0.2 0.8591145833333333 0.21944444444444444 0.85703125 0.22592592592592592 0.85234375 0.23148148148148148 0.8455729166666667 0.23287037037037037 0.8359375 0.23055555555555557 0.8328125 0.22361111111111112 0.8328125 0.1439814814814815 0.8356770833333333 0.13472222222222222 0.84765625 0.13287037037037036
0 0.81796875 0.549537037037037 0.821875 0.5532407407407407 0.8244791666666667 0.5657407407407408 0.8263020833333333 0.6268518518518519 0.8247395833333333 0.6550925925925926 0.8153645833333333 0.6606481481481481 0.8041666666666667 0.6597222222222222 0.79921875 0.6537037037037037 0.7994791666666666 0.6050925925925926 0.7973958333333333 0.5671296296296297 0.80078125 0.55 0.8177083333333334 0.549537037037037
0 0.86484375 0.6921296296296297 0.86953125 0.700462962962963 0.8713541666666667 0.712037037037037 0.8731770833333333 0.7939814814814815 0.87109375 0.8069444444444445 0.8640625 0.8111111111111111 0.8486979166666667 0.8083333333333333 0.8442708333333333 0.7967592592592593 0.8442708333333333 0.7435185185185185 0.84140625 0.7134259259259259 0.8427083333333333 0.7027777777777777 0.8489583333333334 0.6925925925925925 0.8645833333333334 0.6921296296296297
0 0.9015625 0.40185185185185185 0.9510416666666667 0.4273148148148148 0.9533854166666667 0.43472222222222223 0.9528645833333333 0.45185185185185184 0.9494791666666667 0.4634259259259259 0.9440104166666666 0.4703703703703704 0.9161458333333333 0.4601851851851852 0.88984375 0.4449074074074074 0.8875 0.43472222222222223 0.8903645833333333 0.4115740740740741 0.8942708333333333 0.4041666666666667 0.9013020833333333 0.40185185185185185
0 0.6611979166666667 0.9402777777777778 0.6661458333333333 0.9458333333333333 0.6703125 0.9569444444444445 0.6708333333333333 0.999537037037037 0.6434895833333333 0.999537037037037 0.6442708333333333 0.950462962962963 0.64765625 0.9425925925925925 0.6609375 0.9402777777777778
0 0.5515625 0.5342592592592592 0.5578125 0.5370370370370371 0.5596354166666667 0.5425925925925926 0.559375 0.625 0.5567708333333333 0.6472222222222223 0.5505208333333333 0.6518518518518519 0.53515625 0.6481481481481481 0.5325520833333334 0.6425925925925926 0.53203125 0.6300925925925925 0.534375 0.5986111111111111 0.53515625 0.5393518518518519 0.5395833333333333 0.5342592592592592 0.5513020833333333 0.5342592592592592
0 0.6252604166666667 0.5416666666666666 0.6294270833333333 0.5449074074074074 0.63203125 0.5532407407407407 0.6354166666666666 0.6407407407407407 0.6317708333333333 0.6555555555555556 0.6229166666666667 0.6597222222222222 0.6127604166666667 0.6587962962962963 0.6078125 0.65 0.6059895833333333 0.6314814814814815 0.6044270833333333 0.5564814814814815 0.6059895833333333 0.5467592592592593 0.6088541666666667 0.5430555555555555 0.625 0.5416666666666666
0 0.8979166666666667 0.5601851851851852 0.9033854166666667 0.5638888888888889 0.9059895833333333 0.5708333333333333 0.9078125 0.6481481481481481 0.90390625 0.6648148148148149 0.89609375 0.6694444444444444 0.8833333333333333 0.6675925925925926 0.8799479166666667 0.6615740740740741 0.878125 0.5995370370370371 0.8796875 0.5638888888888889 0.8864583333333333 0.5597222222222222 0.89765625 0.5601851851851852
0 0.6622395833333333 0.12129629629629629 0.6731770833333334 0.12685185185185185 0.6760416666666667 0.1527777777777778 0.6752604166666667 0.2199074074074074 0.6721354166666667 0.22870370370370371 0.6619791666666667 0.23657407407407408 0.6520833333333333 0.23425925925925925 0.6463541666666667 0.22268518518518518 0.6473958333333333 0.17546296296296296 0.65078125 0.13148148148148148 0.6536458333333334 0.12453703703703704 0.6619791666666667 0.12129629629629629
0 0.77734375 0.549537037037037 0.7856770833333333 0.5537037037037037 0.78828125 0.5601851851851852 0.7911458333333333 0.6342592592592593 0.7901041666666667 0.6481481481481481 0.7875 0.6541666666666667 0.7768229166666667 0.6583333333333333 0.76875 0.6555555555555556 0.7651041666666667 0.6472222222222223 0.76171875 0.5689814814814815 0.7619791666666667 0.5611111111111111 0.765625 0.5532407407407407 0.7770833333333333 0.549537037037037
0 0.8541666666666666 0.5523148148148148 0.86640625 0.5569444444444445 0.8684895833333334 0.5615740740740741 0.8692708333333333 0.575462962962963 0.8661458333333333 0.6587962962962963 0.8635416666666667 0.6685185185185185 0.85703125 0.6754629629629629 0.8427083333333333 0.6722222222222223 0.8393229166666667 0.6680555555555555 0.8377604166666667 0.6592592592592592 0.8416666666666667 0.5699074074074074 0.84609375 0.5560185185185185 0.85390625 0.5523148148148148
0 0.5848958333333333 0.6888888888888889 0.5950520833333334 0.6962962962962963 0.59765625 0.7138888888888889 0.5950520833333334 0.7615740740740741 0.5963541666666666 0.7731481481481481 0.5927083333333333 0.8046296296296296 0.5885416666666666 0.8148148148148148 0.5825520833333333 0.8175925925925925 0.5723958333333333 0.8152777777777778 0.5669270833333333 0.8074074074074075 0.5674479166666667 0.7777777777777778 0.5658854166666667 0.7648148148148148 0.5703125 0.6967592592592593 0.5744791666666667 0.6898148148148148 0.5846354166666666 0.6888888888888889
0 0.7010416666666667 0.6819444444444445 0.7075520833333333 0.6851851851851852 0.7125 0.6990740740740741 0.7106770833333333 0.7925925925925926 0.709375 0.7976851851851852 0.7052083333333333 0.8004629629629629 0.6890625 0.799537037037037 0.684375 0.7967592592592593 0.6815104166666667 0.7898148148148149 0.6848958333333334 0.6921296296296297 0.6888020833333334 0.6833333333333333 0.70078125 0.6819444444444445
0 0.7361979166666667 0.6921296296296297 0.7419270833333333 0.6939814814814815 0.7455729166666667 0.700462962962963 0.74921875 0.7513888888888889 0.74921875 0.7833333333333333 0.746875 0.7875 0.7403645833333333 0.7898148148148149 0.7286458333333333 0.7898148148148149 0.7244791666666667 0.7851851851851852 0.71953125 0.7069444444444445 0.7223958333333333 0.6958333333333333 0.7359375 0.6921296296296297
0 0.5424479166666667 0.6759259259259259 0.5494791666666666 0.6782407407407407 0.5536458333333333 0.6847222222222222 0.5549479166666667 0.7296296296296296 0.5544270833333333 0.7796296296296297 0.5502604166666667 0.7907407407407407 0.5432291666666667 0.7949074074074074 0.5348958333333333 0.7930555555555555 0.52890625 0.7856481481481481 0.5268229166666667 0.7273148148148149 0.528125 0.6847222222222222 0.5328125 0.6777777777777778 0.5421875 0.6759259259259259
0 0.703125 0.12314814814814815 0.7083333333333334 0.12546296296296297 0.7104166666666667 0.13148148148148148 0.7114583333333333 0.1837962962962963 0.7104166666666667 0.21157407407407408 0.7072916666666667 0.21805555555555556 0.7015625 0.22083333333333333 0.6890625 0.21851851851851853 0.6856770833333333 0.20972222222222223 0.6861979166666666 0.13287037037037036 0.6895833333333333 0.125 0.7028645833333333 0.12314814814814815
0 0.6278645833333333 0.23703703703703705 0.63671875 0.2439814814814815 0.6388020833333333 0.262037037037037 0.6375 0.3 0.6385416666666667 0.33564814814814814 0.63671875 0.3449074074074074 0.6294270833333333 0.34953703703703703 0.61484375 0.34675925925925927 0.6125 0.3421296296296296 0.61171875 0.3314814814814815 0.6122395833333333 0.2462962962962963 0.6190104166666667 0.23796296296296296 0.6276041666666666 0.23703703703703705
0 0.896875 0.25601851851851853 0.90234375 0.2574074074074074 0.9078125 0.2652777777777778 0.9140625 0.2962962962962963 0.9119791666666667 0.31296296296296294 0.9125 0.3587962962962963 0.9080729166666667 0.3662037037037037 0.9 0.36898148148148147 0.8875 0.36712962962962964 0.88125 0.3560185185185185 0.8807291666666667 0.3486111111111111 0.8833333333333333 0.33935185185185185 0.8825520833333333 0.3050925925925926 0.8817708333333333 0.29305555555555557 0.8786458333333333 0.28703703703703703 0.88359375 0.262037037037037 0.8872395833333333 0.25787037037037036 0.8966145833333333 0.25601851851851853
0 0.7786458333333334 0.11851851851851852 0.7825520833333334 0.12129629629629629 0.7838541666666666 0.12638888888888888 0.7861979166666667 0.2 0.7830729166666667 0.21574074074074073 0.7763020833333333 0.2222222222222222 0.7666666666666667 0.22037037037037038 0.7630208333333334 0.21203703703703702 0.7583333333333333 0.20972222222222223 0.7567708333333333 0.13703703703703704 0.75859375 0.12638888888888888 0.7619791666666667 0.11990740740740741 0.7783854166666667 0.11851851851851852
0 0.9356770833333333 0.55 0.9403645833333333 0.5527777777777778 0.9450520833333333 0.5643518518518519 0.94765625 0.6050925925925926 0.94765625 0.6620370370370371 0.9442708333333333 0.6717592592592593 0.9390625 0.674074074074074 0.9286458333333333 0.6736111111111112 0.9221354166666667 0.6680555555555555 0.9192708333333334 0.6523148148148148 0.9169270833333333 0.6162037037037037 0.9166666666666666 0.5606481481481481 0.9216145833333333 0.5513888888888889 0.9354166666666667 0.55
0 0.96484375 0.12453703703703704 0.9716145833333333 0.12916666666666668 0.975 0.13842592592592592 0.9763020833333333 0.2064814814814815 0.97421875 0.22777777777777777 0.9653645833333333 0.2351851851851852 0.953125 0.23148148148148148 0.9479166666666666 0.2222222222222222 0.9458333333333333 0.1574074074074074 0.9466145833333334 0.14027777777777778 0.95 0.12962962962962962 0.95703125 0.12361111111111112 0.9645833333333333 0.12453703703703704
0 0.8533854166666667 0.24768518518518517 0.8591145833333333 0.25324074074074077 0.8625 0.262037037037037 0.8661458333333333 0.3375 0.8635416666666667 0.3509259259259259 0.8520833333333333 0.3537037037037037 0.8432291666666667 0.3527777777777778 0.8401041666666667 0.34814814814814815 0.8346354166666666 0.2611111111111111 0.8411458333333334 0.24953703703703703 0.853125 0.24768518518518517
0 0.7817708333333333 0.23657407407407408 0.7861979166666667 0.24027777777777778 0.7903645833333334 0.2518518518518518 0.7908854166666667 0.32592592592592595 0.7885416666666667 0.3416666666666667 0.78046875 0.34675925925925927 0.76953125 0.3453703703703704 0.76484375 0.3384259259259259 0.7625 0.2689814814814815 0.76328125 0.2513888888888889 0.76640625 0.24074074074074073 0.7723958333333333 0.23564814814814813 0.7815104166666667 0.23657407407407408
0 0.7403645833333333 0.5370370370370371 0.75 0.5430555555555555 0.7513020833333334 0.6027777777777777 0.7489583333333333 0.6370370370370371 0.73828125 0.6435185185185185 0.7302083333333333 0.6416666666666667 0.7260416666666667 0.6370370370370371 0.7244791666666667 0.5986111111111111 0.7260416666666667 0.5430555555555555 0.7296875 0.538425925925926 0.7401041666666667 0.5370370370370371
0 0.6270833333333333 0.10416666666666667 0.6354166666666666 0.11296296296296296 0.6380208333333334 0.15787037037037038 0.6369791666666667 0.2037037037037037 0.6341145833333334 0.21203703703703702 0.6263020833333334 0.2175925925925926 0.6177083333333333 0.21712962962962962 0.6125 0.21296296296296297 0.6104166666666667 0.20462962962962963 0.6104166666666667 0.1837962962962963 0.6122395833333333 0.11342592592592593 0.6184895833333334 0.10555555555555556 0.6268229166666667 0.10416666666666667
0 0.96640625 0.24953703703703703 0.9716145833333333 0.25324074074074077 0.9752604166666666 0.262037037037037 0.9770833333333333 0.2861111111111111 0.9765625 0.32546296296296295 0.9739583333333334 0.3541666666666667 0.9703125 0.36018518518518516 0.9640625 0.3625 0.9528645833333333 0.3592592592592593 0.9442708333333333 0.3453703703703704 0.9455729166666667 0.2861111111111111 0.9440104166666666 0.2740740740740741 0.94609375 0.262037037037037 0.9513020833333333 0.2513888888888889 0.9598958333333333 0.24814814814814815 0.9661458333333334 0.24953703703703703
0 0.6640625 0.26481481481481484 0.6692708333333334 0.2675925925925926 0.671875 0.2740740740740741 0.6729166666666667 0.2972222222222222 0.6713541666666667 0.3453703703703704 0.6684895833333333 0.35138888888888886 0.6627604166666666 0.3527777777777778 0.65078125 0.3523148148148148 0.646875 0.34675925925925927 0.6466145833333333 0.2898148148148148 0.6473958333333333 0.2759259259259259 0.6497395833333334 0.26805555555555555 0.6638020833333333 0.26481481481481484
0 0.7046875 0.2513888888888889 0.709375 0.2550925925925926 0.7114583333333333 0.26157407407407407 0.7114583333333333 0.3458333333333333 0.7080729166666667 0.3523148148148148 0.6994791666666667 0.35509259259259257 0.690625 0.3527777777777778 0.6872395833333333 0.3458333333333333 0.6861979166666666 0.2638888888888889 0.6877604166666667 0.25462962962962965 0.690625 0.2513888888888889 0.7044270833333334 0.2513888888888889
0 0.5942708333333333 0.12129629629629629 0.59921875 0.125 0.6005208333333333 0.13240740740740742 0.5997395833333333 0.21666666666666667 0.5981770833333333 0.22314814814814815 0.5932291666666667 0.2300925925925926 0.5859375 0.23287037037037037 0.57734375 0.22824074074074074 0.57421875 0.22361111111111112 0.57265625 0.21574074074074073 0.5747395833333333 0.13240740740740742 0.578125 0.12222222222222222 0.5940104166666667 0.12129629629629629
0 0.6622395833333333 0.6935185185185185 0.6716145833333333 0.6967592592592593 0.67421875 0.7050925925925926 0.67265625 0.787962962962963 0.6690104166666667 0.8013888888888889 0.6627604166666666 0.8083333333333333 0.64921875 0.8060185185185185 0.6455729166666667 0.7967592592592593 0.6447916666666667 0.7861111111111111 0.6473958333333333 0.7041666666666667 0.6510416666666666 0.6939814814814815 0.6619791666666667 0.6935185185185185
0 0.7828125 0.6810185185185185 0.7880208333333333 0.6856481481481481 0.7903645833333334 0.6986111111111111 0.7921875 0.7837962962962963 0.790625 0.7930555555555555 0.78671875 0.8004629629629629 0.7807291666666667 0.8037037037037037 0.76953125 0.8009259259259259 0.7645833333333333 0.7907407407407407 0.7627604166666667 0.6990740740740741 0.7653645833333333 0.6842592592592592 0.7713541666666667 0.6810185185185185 0.7825520833333334 0.6810185185185185
0 0.8158854166666667 0.2375 0.8216145833333334 0.24166666666666667 0.82421875 0.2550925925925926 0.82578125 0.29583333333333334 0.8247395833333333 0.32083333333333336 0.8177083333333334 0.32546296296296295 0.8065104166666667 0.32546296296296295 0.8018229166666667 0.32083333333333336 0.79921875 0.25601851851851853 0.8 0.24537037037037038 0.8036458333333333 0.23935185185185184 0.815625 0.2375
0 0.7901041666666667 0.4027777777777778 0.8276041666666667 0.4078703703703704 0.8408854166666667 0.41388888888888886 0.8427083333333333 0.43148148148148147 0.8416666666666667 0.44722222222222224 0.8385416666666666 0.4532407407407407 0.82890625 0.45601851851851855 0.7848958333333333 0.45092592592592595 0.7763020833333333 0.44583333333333336 0.7723958333333333 0.4324074074074074 0.7744791666666667 0.4115740740740741 0.7794270833333333 0.4041666666666667 0.78984375 0.4027777777777778
0 0.5927083333333333 0.24166666666666667 0.5973958333333333 0.24305555555555555 0.6002604166666666 0.24814814814814815 0.6020833333333333 0.27546296296296297 0.6091145833333333 0.2759259259259259 0.6005208333333333 0.29953703703703705 0.6018229166666667 0.35509259259259257 0.5963541666666666 0.36435185185185187 0.5890625 0.3675925925925926 0.58046875 0.36666666666666664 0.575 0.3587962962962963 0.57265625 0.32407407407407407 0.5640625 0.30925925925925923 0.5635416666666667 0.30324074074074076 0.5643229166666667 0.29814814814814816 0.5677083333333334 0.29768518518518516 0.5713541666666667 0.3023148148148148 0.5736979166666667 0.2972222222222222 0.5747395833333333 0.2569444444444444 0.5770833333333333 0.2449074074074074 0.5924479166666666 0.24166666666666667
0 0.8143229166666667 0.6865740740740741 0.8213541666666667 0.6888888888888889 0.8255208333333334 0.6958333333333333 0.8263020833333333 0.7578703703703704 0.825 0.7902777777777777 0.8140625 0.7981481481481482 0.8018229166666667 0.7930555555555555 0.7981770833333334 0.7777777777777778 0.8018229166666667 0.737037037037037 0.7984375 0.6962962962962963 0.8036458333333333 0.687962962962963 0.8140625 0.6865740740740741