0 0.22291666666666668 0.8592592592592593 0.22708333333333333 0.8648148148148148 0.228125 0.8833333333333333 0.221875 0.8925925925925926 0.215625 0.8925925925925926 0.21145833333333333 0.8962962962962963 0.184375 0.8962962962962963 0.18229166666666666 0.8925925925925926 0.18229166666666666 0.8703703703703703 0.18541666666666667 0.8648148148148148 0.19166666666666668 0.8629629629629629 0.221875 0.8592592592592593
0 0.9489583333333333 0.2740740740740741 0.9625 0.2777777777777778 0.965625 0.2833333333333333 0.9666666666666667 0.29074074074074074 0.965625 0.3037037037037037 0.953125 0.3148148148148148 0.9208333333333333 0.31296296296296294 0.9125 0.29259259259259257 0.9135416666666667 0.2851851851851852 0.9229166666666667 0.2777777777777778 0.9479166666666666 0.2759259259259259
0 0.45625 0.6185185185185185 0.46041666666666664 0.6240740740740741 0.46041666666666664 0.6425925925925926 0.459375 0.6481481481481481 0.45416666666666666 0.6518518518518519 0.43854166666666666 0.6518518518518519 0.41458333333333336 0.6444444444444445 0.409375 0.6351851851851852 0.409375 0.6185185185185185 0.415625 0.6092592592592593 0.434375 0.6111111111111112 0.4552083333333333 0.6185185185185185
0 0.5666666666666667 0.6111111111111112 0.5708333333333333 0.6222222222222222 0.56875 0.6407407407407407 0.5666666666666667 0.6444444444444445 0.5479166666666667 0.6481481481481481 0.525 0.6462962962962963 0.5239583333333333 0.6185185185185185 0.5375 0.6129629629629629 0.565625 0.6111111111111112
0 0.21822916666666667 0.5305555555555556 0.04479166666666667 0.03518518518518519
0 0.234375 0.32037037037037036 0.23854166666666668 0.32592592592592595 0.23958333333333334 0.34444444444444444 0.23645833333333333 0.35555555555555557 0.23125 0.3574074074074074 0.2 0.35555555555555557 0.19583333333333333 0.34814814814814815 0.19583333333333333 0.337037037037037 0.19895833333333332 0.32407407407407407 0.20208333333333334 0.32037037037037036 0.23333333333333334 0.32037037037037036
0 0.07395833333333333 0.5314814814814814 0.10625 0.524074074074074 0.128125 0.524074074074074 0.13125 0.5314814814814814 0.13125 0.55 0.12708333333333333 0.5574074074074075 0.08854166666666667 0.562962962962963 0.07708333333333334 0.562962962962963 0.07395833333333333 0.5592592592592592 0.071875 0.5425925925925926 0.07395833333333333 0.5333333333333333
0 0.7333333333333333 0.24074074074074073 0.7416666666666667 0.22962962962962963 0.7520833333333333 0.22592592592592592 0.778125 0.22592592592592592 0.78125 0.23703703703703705 0.7802083333333333 0.25555555555555554 0.7666666666666667 0.2611111111111111 0.7395833333333334 0.2611111111111111 0.7354166666666667 0.2574074074074074 0.7333333333333333 0.24259259259259258
0 0.453125 0.7 0.45729166666666665 0.7074074074074074 0.45729166666666665 0.7222222222222222 0.45416666666666666 0.7314814814814815 0.43854166666666666 0.737037037037037 0.4125 0.7388888888888889 0.403125 0.737037037037037 0.4010416666666667 0.7185185185185186 0.4041666666666667 0.7074074074074074 0.41875 0.7018518518518518 0.4354166666666667 0.7018518518518518 0.4479166666666667 0.6981481481481482 0.45208333333333334 0.7
0 0.9 0.4111111111111111 0.9041666666666667 0.4148148148148148 0.9041666666666667 0.42962962962962964 0.9020833333333333 0.44074074074074077 0.8989583333333333 0.4462962962962963 0.859375 0.45185185185185184 0.8552083333333333 0.45 0.8520833333333333 0.4351851851851852 0.8510416666666667 0.4203703703703704 0.8552083333333333 0.412962962962963 0.8989583333333333 0.4111111111111111
0 0.43020833333333336 0.2916666666666667 0.04791666666666667 0.03888888888888889
0 0.7895833333333333 0.6185185185185185 0.7916666666666666 0.6222222222222222 0.7927083333333333 0.6333333333333333 0.7916666666666666 0.6462962962962963 0.7885416666666667 0.65 0.7708333333333334 0.6537037037037037 0.7395833333333334 0.65 0.734375 0.6388888888888888 0.7354166666666667 0.6222222222222222 0.7395833333333334 0.6166666666666667 0.7458333333333333 0.6148148148148148 0.7697916666666667 0.6148148148148148 0.7885416666666667 0.6185185185185185
0 0.6572916666666667 0.13518518518518519 0.6614583333333334 0.14074074074074075 0.6625 0.1537037037037037 0.665625 0.1574074074074074 0.6666666666666666 0.1814814814814815 0.6645833333333333 0.20925925925925926 0.659375 0.21666666666666667 0.6479166666666667 0.21666666666666667 0.6416666666666667 0.20555555555555555 0.6427083333333333 0.19814814814814816 0.6375 0.16296296296296298 0.6385416666666667 0.14814814814814814 0.64375 0.1388888888888889 0.65 0.13333333333333333 0.65625 0.13518518518518519
0 0.7666666666666667 0.47962962962962963 0.7708333333333334 0.48333333333333334 0.7708333333333334 0.5018518518518519 0.7697916666666667 0.5055555555555555 0.7635416666666667 0.5092592592592593 0.7333333333333333 0.5092592592592593 0.728125 0.5055555555555555 0.7260416666666667 0.4962962962962963 0.728125 0.48333333333333334 0.7364583333333333 0.4777777777777778 0.765625 0.47962962962962963
0 0.9270833333333334 0.08888888888888889 0.940625 0.0962962962962963 0.95 0.10555555555555556 0.9520833333333333 0.1111111111111111 0.9479166666666666 0.12962962962962962 0.9395833333333333 0.1388888888888889 0.9302083333333333 0.1388888888888889 0.9208333333333333 0.13148148148148148 0.9135416666666667 0.12962962962962962 0.9072916666666667 0.12222222222222222 0.9041666666666667 0.10925925925925926 0.9052083333333333 0.10185185185185185 0.9135416666666667 0.09074074074074075 0.9260416666666667 0.08888888888888889
0 0.89375 0.08333333333333333 0.8979166666666667 0.09074074074074075 0.8979166666666667 0.10740740740740741 0.890625 0.11666666666666667 0.878125 0.12222222222222222 0.8583333333333333 0.12222222222222222 0.85 0.11666666666666667 0.8479166666666667 0.10925925925925926 0.8479166666666667 0.09259259259259259 0.853125 0.08703703703703704 0.8645833333333334 0.08333333333333333 0.8927083333333333 0.08333333333333333
0 0.140625 0.22962962962962963 0.14166666666666666 0.24814814814814815 0.13854166666666667 0.2611111111111111 0.13020833333333334 0.26481481481481484 0.10625 0.26666666666666666 0.09375 0.26481481481481484 0.09166666666666666 0.2611111111111111 0.090625 0.2388888888888889 0.09375 0.23148148148148148 0.11979166666666667 0.22592592592592592 0.13541666666666666 0.22592592592592592 0.13958333333333334 0.22962962962962963
0 0.7822916666666667 0.6611111111111111 0.7927083333333333 0.6666666666666666 0.7947916666666667 0.674074074074074 0.79375 0.6888888888888889 0.7864583333333334 0.6944444444444444 0.7645833333333333 0.6981481481481482 0.74375 0.6962962962962963 0.7395833333333334 0.687037037037037 0.740625 0.6703703703703704 0.7479166666666667 0.662962962962963 0.78125 0.6611111111111111
0 0.946875 0.37037037037037035 0.9677083333333333 0.37222222222222223 0.9697916666666667 0.37592592592592594 0.9697916666666667 0.39444444444444443 0.9625 0.40185185185185185 0.95 0.4074074074074074 0.9260416666666667 0.40925925925925927 0.9145833333333333 0.4074074074074074 0.9114583333333334 0.40370370370370373 0.909375 0.3925925925925926 0.9104166666666667 0.3814814814814815 0.9260416666666667 0.37037037037037035 0.9458333333333333 0.37037037037037035
0 0.5979166666666667 0.5277777777777778 0.05625 0.040740740740740744
0 0.19270833333333334 0.5907407407407408 0.19166666666666668 0.5685185185185185 0.196875 0.5592592592592592 0.23854166666666668 0.5611111111111111 0.23958333333333334 0.5851851851851851 0.234375 0.5925925925925926 0.20208333333333334 0.5944444444444444 0.19375 0.5907407407407408
0 0.23020833333333332 0.08518518518518518 0.25104166666666666 0.09074074074074075 0.253125 0.1 0.2520833333333333 0.12407407407407407 0.25 0.12962962962962962 0.24479166666666666 0.13148148148148148 0.2125 0.12962962962962962 0.20416666666666666 0.1259259259259259 0.20208333333333334 0.10555555555555556 0.20520833333333333 0.09074074074074075 0.21979166666666666 0.08518518518518518 0.22916666666666666 0.08518518518518518
0 0.7625 0.37222222222222223 0.7864583333333334 0.37777777777777777 0.7916666666666666 0.38333333333333336 0.7927083333333333 0.3925925925925926 0.790625 0.40370370370370373 0.7854166666666667 0.40925925925925927 0.7760416666666666 0.412962962962963 0.746875 0.4111111111111111 0.7395833333333334 0.4074074074074074 0.7333333333333333 0.4 0.7364583333333333 0.37962962962962965 0.740625 0.37407407407407406 0.7614583333333333 0.37222222222222223
0 0.6604166666666667 0.8314814814814815 0.6697916666666667 0.8425925925925926 0.6697916666666667 0.8555555555555555 0.6666666666666666 0.8703703703703703 0.653125 0.9092592592592592 0.6447916666666667 0.9092592592592592 0.6375 0.9037037037037037 0.634375 0.8962962962962963 0.634375 0.8833333333333333 0.646875 0.8388888888888889 0.6520833333333333 0.8314814814814815 0.659375 0.8314814814814815
0 0.284375 0.4203703703703704 0.2864583333333333 0.42777777777777776 0.28541666666666665 0.4462962962962963 0.2833333333333333 0.45185185185185184 0.2791666666666667 0.4537037037037037 0.24895833333333334 0.45185185185185184 0.24375 0.4444444444444444 0.24375 0.43148148148148147 0.24479166666666666 0.42407407407407405 0.25104166666666666 0.4166666666666667 0.2833333333333333 0.4203703703703704
0 0.2677083333333333 0.19444444444444445 0.04791666666666667 0.040740740740740744
0 0.365625 0.8037037037037037 0.39166666666666666 0.8074074074074075 0.39375 0.812962962962963 0.39375 0.8296296296296296 0.3885416666666667 0.8388888888888889 0.3645833333333333 0.8388888888888889 0.3489583333333333 0.8333333333333334 0.3489583333333333 0.8092592592592592 0.353125 0.8037037037037037 0.3645833333333333 0.8037037037037037
0 0.5541666666666667 0.8648148148148148 0.559375 0.8722222222222222 0.5614583333333333 0.8796296296296297 0.5604166666666667 0.8944444444444445 0.5572916666666666 0.9 0.54375 0.9055555555555556 0.5135416666666667 0.9037037037037037 0.509375 0.8962962962962963 0.5104166666666666 0.8851851851851852 0.5083333333333333 0.8740740740740741 0.5135416666666667 0.8685185185185185 0.5197916666666667 0.8666666666666667 0.553125 0.8648148148148148
0 0.73125 0.36666666666666664 0.734375 0.37222222222222223 0.734375 0.37962962962962965 0.73125 0.3907407407407407 0.71875 0.40185185185185185 0.7 0.40555555555555556 0.678125 0.40370370370370373 0.6739583333333333 0.39444444444444443 0.6739583333333333 0.38333333333333336 0.6760416666666667 0.37592592592592594 0.6895833333333333 0.3685185185185185 0.7302083333333333 0.36666666666666664
0 0.04791666666666667 0.5092592592592593 0.075 0.512962962962963 0.07604166666666666 0.524074074074074 0.07083333333333333 0.5407407407407407 0.06770833333333333 0.5444444444444444 0.023958333333333335 0.5425925925925926 0.021875 0.5388888888888889 0.022916666666666665 0.512962962962963 0.046875 0.5092592592592593
0 0.2833333333333333 0.5574074074074075 0.29583333333333334 0.5611111111111111 0.29583333333333334 0.5851851851851851 0.2916666666666667 0.5925925925925926 0.275 0.5944444444444444 0.2520833333333333 0.5925925925925926 0.24895833333333334 0.5851851851851851 0.24791666666666667 0.5722222222222222 0.25 0.5648148148148148 0.2552083333333333 0.5592592592592592 0.28229166666666666 0.5574074074074075
0 0.06666666666666667 0.5648148148148148 0.07083333333333333 0.5685185185185185 0.07083333333333333 0.5907407407407408 0.06979166666666667 0.5944444444444444 0.06354166666666666 0.5981481481481481 0.025 0.5981481481481481 0.021875 0.5907407407407408 0.020833333333333332 0.5777777777777777 0.022916666666666665 0.5685185185185185 0.028125 0.562962962962963 0.065625 0.5648148148148148
0 0.07604166666666666 0.4203703703703704 0.078125 0.42407407407407405 0.078125 0.4444444444444444 0.07604166666666666 0.45 0.06979166666666667 0.4537037037037037 0.04895833333333333 0.45555555555555555 0.03854166666666667 0.45555555555555555 0.03229166666666667 0.45 0.030208333333333334 0.44074074074074077 0.03229166666666667 0.42407407407407405 0.036458333333333336 0.4203703703703704 0.04791666666666667 0.4185185185185185 0.075 0.4203703703703704
0 0.140625 0.4185185185185185 0.14375 0.43703703703703706 0.140625 0.44814814814814813 0.13645833333333332 0.45185185185185184 0.09270833333333334 0.45 0.08958333333333333 0.4444444444444444 0.08958333333333333 0.4222222222222222 0.09166666666666666 0.4166666666666667 0.13958333333333334 0.4185185185185185
0 0.5635416666666667 0.5185185185185185 0.5666666666666667 0.5314814814814814 0.565625 0.5425925925925926 0.5604166666666667 0.55 0.5458333333333333 0.5537037037037037 0.5270833333333333 0.5518518518518518 0.525 0.55 0.5270833333333333 0.5462962962962963 0.525 0.5425925925925926 0.5229166666666667 0.5425925925925926 0.51875 0.5518518518518518 0.51875 0.5444444444444444 0.5239583333333333 0.5370370370370371 0.5229166666666667 0.5314814814814814 0.5260416666666666 0.5259259259259259 0.5291666666666667 0.5277777777777778 0.540625 0.5203703703703704 0.55625 0.5166666666666667 0.5625 0.5185185185185185
0 0.8729166666666667 0.7574074074074074 0.90625 0.7574074074074074 0.9114583333333334 0.7666666666666667 0.9104166666666667 0.7851851851851852 0.9 0.7907407407407407 0.8677083333333333 0.7907407407407407 0.865625 0.7888888888888889 0.8645833333333334 0.7611111111111111 0.871875 0.7592592592592593
0 0.07083333333333333 0.4666666666666667 0.075 0.4685185185185185 0.078125 0.4740740740740741 0.078125 0.49074074074074076 0.07395833333333333 0.4981481481481482 0.058333333333333334 0.5018518518518519 0.03125 0.4981481481481482 0.029166666666666667 0.48703703703703705 0.03125 0.4703703703703704 0.03958333333333333 0.4666666666666667 0.06979166666666667 0.4666666666666667
0 0.8958333333333334 0.18703703703703703 0.9010416666666666 0.1962962962962963 0.9 0.21481481481481482 0.896875 0.22037037037037038 0.884375 0.22407407407407406 0.8541666666666666 0.22407407407407406 0.8520833333333333 0.21666666666666667 0.8520833333333333 0.20185185185185187 0.8552083333333333 0.19444444444444445 0.8635416666666667 0.19074074074074074 0.8947916666666667 0.18703703703703703
0 0.9020833333333333 0.7074074074074074 0.9052083333333333 0.7148148148148148 0.90625 0.7296296296296296 0.903125 0.737037037037037 0.896875 0.7407407407407407 0.865625 0.7407407407407407 0.8614583333333333 0.725925925925926 0.8614583333333333 0.7129629629629629 0.865625 0.7092592592592593 0.8760416666666667 0.7092592592592593 0.884375 0.7055555555555556 0.9010416666666666 0.7074074074074074
0 0.45416666666666666 0.3685185185185185 0.45729166666666665 0.37777777777777777 0.45729166666666665 0.387037037037037 0.4552083333333333 0.3962962962962963 0.4510416666666667 0.40185185185185185 0.4114583333333333 0.4 0.40625 0.39444444444444443 0.40520833333333334 0.37962962962962965 0.40729166666666666 0.37037037037037035 0.4125 0.3648148148148148 0.43854166666666666 0.3648148148148148 0.453125 0.3685185185185185
0 0.07083333333333333 0.7018518518518518 0.07291666666666667 0.7148148148148148 0.071875 0.7277777777777777 0.06770833333333333 0.7314814814814815 0.057291666666666664 0.7333333333333333 0.025 0.7333333333333333 0.025 0.7074074074074074 0.03125 0.7018518518518518 0.06979166666666667 0.7018518518518518
0 0.39479166666666665 0.37222222222222223 0.396875 0.37592592592592594 0.396875 0.39444444444444443 0.39375 0.4 0.3875 0.40370370370370373 0.3625 0.4074074074074074 0.35833333333333334 0.4074074074074074 0.353125 0.40185185185185185 0.35208333333333336 0.387037037037037 0.35625 0.37592592592592594 0.37604166666666666 0.3685185185185185 0.38958333333333334 0.3685185185185185 0.39375 0.37222222222222223
0 0.2875 0.32037037037037036 0.28958333333333336 0.337037037037037 0.28854166666666664 0.34444444444444444 0.2864583333333333 0.35 0.278125 0.3537037037037037 0.24583333333333332 0.3537037037037037 0.24270833333333333 0.34814814814814815 0.24270833333333333 0.3314814814814815 0.24583333333333332 0.32222222222222224 0.253125 0.31851851851851853 0.28229166666666666 0.31666666666666665 0.2864583333333333 0.32037037037037036
0 0.4125 0.5907407407407408 0.409375 0.5796296296296296 0.41041666666666665 0.5666666666666667 0.415625 0.5592592592592592 0.4270833333333333 0.5574074074074075 0.45729166666666665 0.5574074074074075 0.459375 0.5611111111111111 0.459375 0.5814814814814815 0.45416666666666666 0.5888888888888889 0.4479166666666667 0.5907407407407408 0.41354166666666664 0.5907407407407408
0 0.071875 0.23148148148148148 0.08229166666666667 0.23333333333333334 0.08645833333333333 0.24074074074074073 0.08645833333333333 0.2611111111111111 0.08125 0.26666666666666666 0.04895833333333333 0.26666666666666666 0.042708333333333334 0.2611111111111111 0.041666666666666664 0.24444444444444444 0.04583333333333333 0.23333333333333334 0.07083333333333333 0.23148148148148148
0 0.9572916666666667 0.7018518518518518 0.9677083333333333 0.7055555555555556 0.971875 0.7148148148148148 0.971875 0.7333333333333333 0.9666666666666667 0.7407407407407407 0.9229166666666667 0.7407407407407407 0.9197916666666667 0.737037037037037 0.9177083333333333 0.725925925925926 0.9177083333333333 0.7111111111111111 0.9197916666666667 0.7074074074074074 0.95625 0.7018518518518518
0 0.275 0.6574074074074074 0.29375 0.6592592592592592 0.296875 0.6666666666666666 0.296875 0.6851851851851852 0.29375 0.6925925925925925 0.27708333333333335 0.6962962962962963 0.25 0.6944444444444444 0.24583333333333332 0.6888888888888889 0.24583333333333332 0.6703703703703704 0.24895833333333334 0.6611111111111111 0.25416666666666665 0.6574074074074074 0.27395833333333336 0.6574074074074074
0 0.7708333333333334 0.31666666666666665 0.778125 0.32037037037037036 0.7822916666666667 0.3314814814814815 0.7822916666666667 0.337037037037037 0.7791666666666667 0.34814814814814815 0.76875 0.35555555555555557 0.7416666666666667 0.35555555555555557 0.7333333333333333 0.35185185185185186 0.7302083333333333 0.34074074074074073 0.7302083333333333 0.3296296296296296 0.7333333333333333 0.32407407407407407 0.7427083333333333 0.31851851851851853 0.7697916666666667 0.31666666666666665
0 0.8625 0.5907407407407408 0.8625 0.5648148148148148 0.865625 0.5611111111111111 0.8760416666666667 0.5592592592592592 0.903125 0.5611111111111111 0.90625 0.5703703703703704 0.9052083333333333 0.5796296296296296 0.896875 0.5888888888888889 0.8885416666666667 0.5925925925925926 0.8635416666666667 0.5907407407407408
0 0.5973958333333333 0.5824074074074074 0.051041666666666666 0.03518518518518519
0 0.93125 0.6074074074074074 0.9625 0.6129629629629629 0.965625 0.6222222222222222 0.965625 0.6351851851851852 0.9604166666666667 0.6425925925925926 0.9291666666666667 0.6425925925925926 0.9197916666666667 0.6388888888888888 0.9166666666666666 0.6333333333333333 0.915625 0.6259259259259259 0.9166666666666666 0.6129629629629629 0.9208333333333333 0.6074074074074074 0.9302083333333333 0.6074074074074074
0 0.259375 0.46111111111111114 0.28958333333333336 0.4666666666666667 0.29270833333333335 0.4740740740740741 0.29270833333333335 0.48518518518518516 0.290625 0.4962962962962963 0.2875 0.5 0.24479166666666666 0.4962962962962963 0.240625 0.48333333333333334 0.24375 0.4685185185185185 0.24895833333333334 0.46111111111111114 0.25833333333333336 0.46111111111111114
0 0.9645833333333333 0.7555555555555555 0.9697916666666667 0.762962962962963 0.9697916666666667 0.7851851851851852 0.9583333333333334 0.7907407407407407 0.925 0.7888888888888889 0.921875 0.7833333333333333 0.9177083333333333 0.7611111111111111 0.9239583333333333 0.7555555555555555 0.9635416666666666 0.7555555555555555
0 0.73125 0.7092592592592593 0.7354166666666667 0.7166666666666667 0.7354166666666667 0.7296296296296296 0.7302083333333333 0.7388888888888889 0.7166666666666667 0.7407407407407407 0.6864583333333333 0.7388888888888889 0.6833333333333333 0.7314814814814815 0.684375 0.7148148148148148 0.690625 0.7092592592592593 0.6989583333333333 0.7074074074074074 0.7302083333333333 0.7092592592592593
0 0.03958333333333333 0.7481481481481481 0.07395833333333333 0.75 0.07604166666666666 0.7537037037037037 0.075 0.7796296296296297 0.06458333333333334 0.7888888888888889 0.0375 0.7888888888888889 0.03229166666666667 0.7925925925925926 0.029166666666666667 0.7925925925925926 0.021875 0.7833333333333333 0.021875 0.7592592592592593 0.028125 0.75 0.03854166666666667 0.7481481481481481
0 0.39895833333333336 0.22962962962962963 0.40625 0.23703703703703705 0.40729166666666666 0.2574074074074074 0.4041666666666667 0.26481481481481484 0.39791666666666664 0.26666666666666666 0.36770833333333336 0.26666666666666666 0.3614583333333333 0.26481481481481484 0.35833333333333334 0.25555555555555554 0.36041666666666666 0.24074074074074073 0.365625 0.23148148148148148 0.39791666666666664 0.22962962962962963
0 0.259375 0.2740740740740741 0.2916666666666667 0.2759259259259259 0.2947916666666667 0.2833333333333333 0.2947916666666667 0.3 0.29270833333333335 0.3074074074074074 0.2875 0.3111111111111111 0.24791666666666667 0.3111111111111111 0.24583333333333332 0.3074074074074074 0.24479166666666666 0.2962962962962963 0.246875 0.2814814814814815 0.25104166666666666 0.2759259259259259 0.25833333333333336 0.2740740740740741
0 0.23020833333333332 0.7518518518518519 0.23541666666666666 0.7574074074074074 0.23541666666666666 0.7777777777777778 0.234375 0.7814814814814814 0.22708333333333333 0.7851851851851852 0.190625 0.7870370370370371 0.18854166666666666 0.7833333333333333 0.18854166666666666 0.7611111111111111 0.19375 0.7555555555555555 0.22916666666666666 0.7537037037037037
0 0.4625 0.17037037037037037 0.465625 0.17592592592592593 0.46458333333333335 0.20555555555555555 0.46041666666666664 0.20925925925925926 0.434375 0.21296296296296297 0.41875 0.21296296296296297 0.4125 0.20925925925925926 0.41041666666666665 0.20185185185185187 0.41041666666666665 0.18703703703703703 0.41458333333333336 0.17777777777777778 0.4197916666666667 0.17407407407407408 0.46145833333333336 0.17037037037037037
0 0.128125 0.6555555555555556 0.13020833333333334 0.6574074074074074 0.13125 0.6666666666666666 0.13020833333333334 0.6814814814814815 0.12291666666666666 0.6888888888888889 0.109375 0.6925925925925925 0.08333333333333333 0.6925925925925925 0.08125 0.6888888888888889 0.08229166666666667 0.6666666666666666 0.0875 0.6611111111111111 0.12708333333333333 0.6555555555555556
0 0.09375 0.2777777777777778 0.1125 0.27037037037037037 0.13229166666666667 0.27037037037037037 0.13958333333333334 0.2796296296296296 0.13958333333333334 0.30185185185185187 0.1375 0.3055555555555556 0.109375 0.3111111111111111 0.09895833333333333 0.3111111111111111 0.09166666666666666 0.3055555555555556 0.090625 0.29074074074074074 0.09375 0.2796296296296296
0 0.1125 0.5 0.08958333333333333 0.4962962962962963 0.0875 0.49074074074074076 0.08854166666666667 0.4685185185185185 0.09479166666666666 0.46296296296296297 0.11875 0.46296296296296297 0.13333333333333333 0.4666666666666667 0.13333333333333333 0.4888888888888889 0.13020833333333334 0.4962962962962963 0.11354166666666667 0.4981481481481482
0 0.9020833333333333 0.3277777777777778 0.9041666666666667 0.3314814814814815 0.9041666666666667 0.34814814814814815 0.9020833333333333 0.35185185185185186 0.8875 0.3611111111111111 0.865625 0.362962962962963 0.8552083333333333 0.3611111111111111 0.8510416666666667 0.35555555555555557 0.85 0.3388888888888889 0.853125 0.3314814814814815 0.871875 0.32592592592592595 0.9010416666666666 0.3277777777777778
0 0.9489583333333333 0.18703703703703703 0.9541666666666667 0.19074074074074074 0.953125 0.21666666666666667 0.9489583333333333 0.2222222222222222 0.9385416666666667 0.22592592592592592 0.9083333333333333 0.2222222222222222 0.9041666666666667 0.21481481481481482 0.9041666666666667 0.19814814814814816 0.9072916666666667 0.19074074074074074 0.9135416666666667 0.18703703703703703 0.9479166666666666 0.18703703703703703
0 0.5177083333333333 0.12222222222222222 0.5166666666666667 0.10925925925925926 0.5229166666666667 0.09444444444444444 0.53125 0.08703703703703704 0.5416666666666666 0.08518518518518518 0.5645833333333333 0.08703703703703704 0.5666666666666667 0.09259259259259259 0.5666666666666667 0.10925925925925926 0.5645833333333333 0.12037037037037036 0.5583333333333333 0.1259259259259259 0.5322916666666667 0.12777777777777777 0.5208333333333334 0.1259259259259259 0.51875 0.12222222222222222
0 0.23333333333333334 0.6074074074074074 0.23854166666666668 0.6092592592592593 0.240625 0.6166666666666667 0.23958333333333334 0.6333333333333333 0.23541666666666666 0.6407407407407407 0.19375 0.6407407407407407 0.190625 0.6351851851851852 0.190625 0.6166666666666667 0.19583333333333333 0.6074074074074074 0.23229166666666667 0.6074074074074074
0 0.909375 0.8592592592592593 0.9135416666666667 0.8685185185185185 0.9145833333333333 0.8833333333333333 0.9104166666666667 0.8925925925925926 0.9072916666666667 0.8944444444444445 0.865625 0.8925925925925926 0.8625 0.8777777777777778 0.8625 0.8648148148148148 0.8635416666666667 0.8611111111111112 0.86875 0.8574074074074074 0.9020833333333333 0.8555555555555555 0.9083333333333333 0.8592592592592593
0 0.12291666666666666 0.7574074074074074 0.128125 0.7685185185185185 0.12291666666666666 0.7833333333333333 0.10520833333333333 0.7870370370370371 0.08125 0.7870370370370371 0.07916666666666666 0.7796296296296297 0.08020833333333334 0.762962962962963 0.08541666666666667 0.7574074074074074 0.121875 0.7574074074074074
0 0.44895833333333335 0.4148148148148148 0.453125 0.4222222222222222 0.453125 0.4425925925925926 0.44166666666666665 0.45 0.41041666666666665 0.44814814814814813 0.40729166666666666 0.4462962962962963 0.40520833333333334 0.42962962962962964 0.40625 0.42407407407407405 0.41354166666666664 0.4148148148148148 0.4479166666666667 0.4148148148148148
0 0.9072916666666667 0.512962962962963 0.9104166666666667 0.5166666666666667 0.9125 0.5259259259259259 0.9114583333333334 0.5425925925925926 0.909375 0.5462962962962963 0.8854166666666666 0.5518518518518518 0.865625 0.55 0.8625 0.5407407407407407 0.8625 0.5222222222222223 0.865625 0.5185185185185185 0.878125 0.5148148148148148 0.90625 0.512962962962963
0 0.7135416666666666 0.17592592592592593 0.7166666666666667 0.17777777777777778 0.7177083333333333 0.18333333333333332 0.7166666666666667 0.19814814814814816 0.7114583333333333 0.20925925925925926 0.7083333333333334 0.2111111111111111 0.6791666666666667 0.2111111111111111 0.6739583333333333 0.20185185185185187 0.6739583333333333 0.18518518518518517 0.678125 0.17962962962962964 0.6885416666666667 0.17592592592592593 0.7125 0.17592592592592593
0 0.128125 0.36666666666666664 0.13333333333333333 0.37037037037037035 0.13645833333333332 0.37962962962962965 0.13645833333333332 0.3925925925925926 0.13333333333333333 0.4 0.125 0.40370370370370373 0.090625 0.40370370370370373 0.0875 0.4 0.08645833333333333 0.37777777777777777 0.08854166666666667 0.37037037037037035 0.096875 0.36666666666666664 0.12708333333333333 0.36666666666666664
0 0.5177083333333333 0.20925925925925926 0.515625 0.1925925925925926 0.5197916666666667 0.1814814814814815 0.525 0.17777777777777778 0.5625 0.17962962962962964 0.5635416666666667 0.2074074074074074 0.559375 0.21296296296296297 0.5541666666666667 0.21481481481481482 0.5229166666666667 0.21296296296296297 0.51875 0.20925925925925926
0 0.7229166666666667 0.22407407407407406 0.728125 0.23148148148148148 0.7291666666666666 0.24444444444444444 0.728125 0.25 0.7197916666666667 0.2611111111111111 0.6885416666666667 0.2611111111111111 0.6833333333333333 0.2574074074074074 0.6802083333333333 0.24444444444444444 0.6822916666666666 0.23148148148148148 0.6885416666666667 0.22407407407407406 0.721875 0.22407407407407406
0 0.7802083333333333 0.8037037037037037 0.7833333333333333 0.8055555555555556 0.784375 0.812962962962963 0.784375 0.8296296296296296 0.7822916666666667 0.8351851851851851 0.7552083333333334 0.8388888888888889 0.74375 0.837037037037037 0.7385416666666667 0.8277777777777777 0.7385416666666667 0.8092592592592592 0.74375 0.8055555555555556 0.7791666666666667 0.8037037037037037
0 0.7072916666666667 0.45740740740740743 0.7208333333333333 0.45925925925925926 0.7239583333333334 0.4666666666666667 0.7239583333333334 0.48518518518518516 0.721875 0.49074074074074076 0.709375 0.4962962962962963 0.6770833333333334 0.4925925925925926 0.6677083333333333 0.47962962962962963 0.671875 0.46296296296296297 0.70625 0.45740740740740743
0 0.075 0.2759259259259259 0.08020833333333334 0.2814814814814815 0.08229166666666667 0.29444444444444445 0.08125 0.3055555555555556 0.078125 0.3111111111111111 0.042708333333333334 0.31851851851851853 0.035416666666666666 0.31666666666666665 0.03333333333333333 0.3111111111111111 0.03229166666666667 0.28703703703703703 0.034375 0.2814814814814815 0.05 0.2759259259259259 0.07395833333333333 0.2759259259259259
0 0.3927083333333333 0.31851851851851853 0.39791666666666664 0.32592592592592595 0.39791666666666664 0.34444444444444444 0.3927083333333333 0.3537037037037037 0.359375 0.3537037037037037 0.35520833333333335 0.35185185185185186 0.353125 0.34629629629629627 0.353125 0.3314814814814815 0.36041666666666666 0.32037037037037036 0.39166666666666666 0.31851851851851853
0 0.45 0.7574074074074074 0.453125 0.7703703703703704 0.45 0.7888888888888889 0.42916666666666664 0.7925925925925926 0.4041666666666667 0.7925925925925926 0.40208333333333335 0.7888888888888889 0.403125 0.762962962962963 0.43125 0.7574074074074074 0.44895833333333335 0.7574074074074074
0 0.10104166666666667 0.8731481481481481 0.05625 0.03888888888888889
0 0.07083333333333333 0.17407407407407408 0.090625 0.17962962962962964 0.09166666666666666 0.2074074074074074 0.0875 0.21296296296296297 0.058333333333333334 0.21481481481481482 0.041666666666666664 0.21296296296296297 0.03958333333333333 0.2 0.040625 0.1814814814814815 0.04583333333333333 0.17592592592592593 0.06979166666666667 0.17407407407407408
0 0.953125 0.2351851851851852 0.9583333333333334 0.2388888888888889 0.959375 0.2574074074074074 0.9583333333333334 0.2611111111111111 0.9479166666666666 0.26851851851851855 0.9135416666666667 0.26851851851851855 0.9072916666666667 0.26296296296296295 0.9072916666666667 0.24444444444444444 0.9104166666666667 0.23703703703703705 0.9208333333333333 0.23333333333333334 0.9520833333333333 0.2351851851851852
0 0.9677083333333333 0.8074074074074075 0.9729166666666667 0.8111111111111111 0.975 0.8166666666666667 0.975 0.8351851851851851 0.96875 0.8407407407407408 0.93125 0.8407407407407408 0.9239583333333333 0.837037037037037 0.9177083333333333 0.8222222222222222 0.91875 0.8111111111111111 0.9229166666666667 0.8055555555555556 0.9666666666666667 0.8074074074074075
0 0.6572916666666667 0.5333333333333333 0.684375 0.5333333333333333 0.69375 0.5370370370370371 0.6947916666666667 0.5574074074074075 0.6927083333333334 0.562962962962963 0.6875 0.5666666666666667 0.671875 0.5685185185185185 0.646875 0.5666666666666667 0.6427083333333333 0.5611111111111111 0.6395833333333333 0.55 0.6395833333333333 0.5425925925925926 0.6458333333333334 0.5351851851851852 0.65625 0.5333333333333333
0 0.5072916666666667 0.812962962962963 0.5166666666666667 0.8074074074074075 0.5552083333333333 0.8055555555555556 0.5614583333333333 0.812962962962963 0.5625 0.8203703703703704 0.5614583333333333 0.8351851851851851 0.5572916666666666 0.8407407407407408 0.51875 0.8425925925925926 0.5125 0.8407407407407408 0.5083333333333333 0.8351851851851851 0.5052083333333334 0.8240740740740741 0.5072916666666667 0.8148148148148148
0 0.9104166666666667 0.4666666666666667 0.9145833333333333 0.4740740740740741 0.9135416666666667 0.49444444444444446 0.9 0.5018518518518519 0.884375 0.5037037037037037 0.8635416666666667 0.5018518518518519 0.859375 0.4981481481481482 0.85625 0.49074074074074076 0.85625 0.47962962962962963 0.859375 0.4722222222222222 0.8677083333333333 0.4666666666666667 0.8802083333333334 0.4648148148148148 0.909375 0.4666666666666667
0 0.6229166666666667 0.6129629629629629 0.6270833333333333 0.6222222222222222 0.6260416666666667 0.6425925925925926 0.621875 0.6481481481481481 0.6020833333333333 0.6518518518518519 0.5760416666666667 0.6481481481481481 0.5729166666666666 0.6222222222222222 0.58125 0.6148148148148148 0.621875 0.6129629629629629
0 0.3260416666666667 0.019444444444444445 0.052083333333333336 0.03888888888888889
0 0.12291666666666666 0.8018518518518518 0.128125 0.8074074074074075 0.12916666666666668 0.8166666666666667 0.12708333333333333 0.8314814814814815 0.12291666666666666 0.8351851851851851 0.08229166666666667 0.8351851851851851 0.078125 0.8314814814814815 0.078125 0.8092592592592592 0.08333333333333333 0.8037037037037037 0.121875 0.8037037037037037
0 0.3958333333333333 0.13333333333333333 0.40208333333333335 0.13518518518518519 0.40520833333333334 0.1425925925925926 0.40625 0.15925925925925927 0.403125 0.1685185185185185 0.39791666666666664 0.17222222222222222 0.378125 0.17407407407407408 0.3625 0.17962962962962964 0.35520833333333335 0.17592592592592593 0.35520833333333335 0.1574074074074074 0.359375 0.1425925925925926 0.39479166666666665 0.13333333333333333
0 0.9677083333333333 0.4203703703703704 0.9708333333333333 0.42592592592592593 0.9697916666666667 0.4462962962962963 0.95625 0.4537037037037037 0.928125 0.45740740740740743 0.9208333333333333 0.45555555555555555 0.915625 0.44814814814814813 0.915625 0.43333333333333335 0.9177083333333333 0.42777777777777776 0.9364583333333333 0.4203703703703704 0.9666666666666667 0.4203703703703704
0 0.68125 0.6185185185185185 0.6885416666666667 0.6148148148148148 0.725 0.6148148148148148 0.728125 0.6166666666666667 0.73125 0.6259259259259259 0.7302083333333333 0.6425925925925926 0.728125 0.6462962962962963 0.7072916666666667 0.65 0.684375 0.6481481481481481 0.68125 0.6462962962962963 0.6802083333333333 0.6388888888888888 0.68125 0.6203703703703703
0 0.9677083333333333 0.8537037037037037 0.975 0.8611111111111112 0.9770833333333333 0.8703703703703703 0.9770833333333333 0.8833333333333333 0.9739583333333334 0.8888888888888888 0.965625 0.8907407407407407 0.925 0.8888888888888888 0.921875 0.8833333333333333 0.921875 0.8703703703703703 0.9229166666666667 0.8592592592592593 0.9260416666666667 0.8555555555555555 0.9666666666666667 0.8537037037037037
0 0.7854166666666667 0.85 0.7895833333333333 0.8592592592592593 0.7885416666666667 0.8833333333333333 0.7864583333333334 0.8870370370370371 0.771875 0.8888888888888888 0.7395833333333334 0.8870370370370371 0.7375 0.8833333333333333 0.7364583333333333 0.8537037037037037 0.74375 0.85 0.784375 0.85
0 0.228125 0.8055555555555556 0.23125 0.8148148148148148 0.23125 0.8333333333333334 0.22916666666666666 0.837037037037037 0.215625 0.8388888888888889 0.18854166666666666 0.837037037037037 0.18854166666666666 0.8074074074074075 0.22708333333333333 0.8055555555555556
0 0.5552083333333333 0.3648148148148148 0.5635416666666667 0.37222222222222223 0.5645833333333333 0.38333333333333336 0.5625 0.3962962962962963 0.553125 0.40370370370370373 0.5354166666666667 0.40555555555555556 0.525 0.40555555555555556 0.5177083333333333 0.40185185185185185 0.5145833333333333 0.3925925925925926 0.515625 0.37592592592592594 0.51875 0.37037037037037035 0.5260416666666666 0.36666666666666664 0.5541666666666667 0.3648148148148148
0 0.234375 0.27037037037037037 0.240625 0.2777777777777778 0.24166666666666667 0.3 0.2375 0.30925925925925923 0.23229166666666667 0.3111111111111111 0.20208333333333334 0.3111111111111111 0.196875 0.3055555555555556 0.19583333333333333 0.29444444444444445 0.19895833333333332 0.2796296296296296 0.20416666666666666 0.2740740740740741 0.23333333333333334 0.27037037037037037
0 0.746875 0.7537037037037037 0.7541666666666667 0.7574074074074074 0.7791666666666667 0.7555555555555555 0.7864583333333334 0.7592592592592593 0.7895833333333333 0.7648148148148148 0.7895833333333333 0.7833333333333333 0.7864583333333334 0.7907407407407407 0.7833333333333333 0.7925925925925926 0.7333333333333333 0.7907407407407407 0.7322916666666667 0.762962962962963 0.7364583333333333 0.7574074074074074 0.7458333333333333 0.7537037037037037
0 0.45729166666666665 0.4648148148148148 0.459375 0.4666666666666667 0.46041666666666664 0.4740740740740741 0.46041666666666664 0.49444444444444446 0.45208333333333334 0.5018518518518519 0.4125 0.5018518518518519 0.4083333333333333 0.4981481481481482 0.40729166666666666 0.48333333333333334 0.41458333333333336 0.4666666666666667 0.45625 0.4648148148148148
0 0.29375 0.22777777777777777 0.29583333333333334 0.23333333333333334 0.2947916666666667 0.25555555555555554 0.2916666666666667 0.2611111111111111 0.28541666666666665 0.26296296296296295 0.25 0.26296296296296295 0.24583333333333332 0.2537037037037037 0.246875 0.23703703703703705 0.2520833333333333 0.22777777777777777 0.29270833333333335 0.22777777777777777
0 0.5604166666666667 0.7074074074074074 0.565625 0.7129629629629629 0.5677083333333334 0.7203703703703703 0.5677083333333334 0.7314814814814815 0.5635416666666667 0.7407407407407407 0.5541666666666667 0.7444444444444445 0.51875 0.7444444444444445 0.515625 0.7351851851851852 0.515625 0.7129629629629629 0.51875 0.7092592592592593 0.53125 0.7074074074074074 0.559375 0.7074074074074074
0 0.6177083333333333 0.7648148148148148 0.6197916666666666 0.7722222222222223 0.6197916666666666 0.7907407407407407 0.6166666666666667 0.7962962962962963 0.6104166666666667 0.7981481481481482 0.5739583333333333 0.7981481481481482 0.5708333333333333 0.7851851851851852 0.5708333333333333 0.7703703703703704 0.5739583333333333 0.7648148148148148 0.578125 0.762962962962963 0.6125 0.7611111111111111 0.6166666666666667 0.7648148148148148
0 0.678125 0.29259259259259257 0.6854166666666667 0.2851851851851852 0.7166666666666667 0.2796296296296296 0.721875 0.2851851851851852 0.7239583333333334 0.2962962962962963 0.721875 0.3055555555555556 0.7145833333333333 0.31296296296296294 0.6833333333333333 0.31851851851851853 0.6791666666666667 0.31666666666666665 0.678125 0.31296296296296294 0.678125 0.29444444444444445
0 0.7135416666666666 0.7555555555555555 0.7239583333333334 0.7574074074074074 0.7291666666666666 0.762962962962963 0.7291666666666666 0.7870370370370371 0.7145833333333333 0.7944444444444444 0.6833333333333333 0.7962962962962963 0.68125 0.7925925925925926 0.6802083333333333 0.7814814814814814 0.6802083333333333 0.7666666666666667 0.6822916666666666 0.762962962962963 0.7125 0.7574074074074074
0 0.609375 0.2222222222222222 0.6177083333333333 0.22962962962962963 0.61875 0.24074074074074073 0.615625 0.2518518518518518 0.6083333333333333 0.2574074074074074 0.584375 0.2611111111111111 0.5729166666666666 0.25925925925925924 0.5666666666666667 0.24444444444444444 0.5697916666666667 0.23333333333333334 0.5760416666666667 0.2222222222222222 0.6083333333333333 0.2222222222222222
0 0.12395833333333334 0.7074074074074074 0.12604166666666666 0.7092592592592593 0.128125 0.7203703703703703 0.12604166666666666 0.7333333333333333 0.11979166666666667 0.7388888888888889 0.10833333333333334 0.7407407407407407 0.08229166666666667 0.7351851851851852 0.08020833333333334 0.7314814814814815 0.08020833333333334 0.7148148148148148 0.084375 0.7074074074074074 0.12291666666666666 0.7074074074074074
0 0.5572916666666666 0.31851851851851853 0.5645833333333333 0.32222222222222224 0.5645833333333333 0.34814814814814815 0.5604166666666667 0.3537037037037037 0.5552083333333333 0.35555555555555557 0.5177083333333333 0.35185185185185186 0.515625 0.34814814814814815 0.5145833333333333 0.3314814814814815 0.5166666666666667 0.32407407407407407 0.5239583333333333 0.32037037037037036 0.55625 0.31851851851851853
0 0.7854166666666667 0.562962962962963 0.7895833333333333 0.5722222222222222 0.7885416666666667 0.5907407407407408 0.7802083333333333 0.5981481481481481 0.746875 0.5981481481481481 0.740625 0.5925925925925926 0.7364583333333333 0.5796296296296296 0.7364583333333333 0.5740740740740741 0.740625 0.5648148148148148 0.74375 0.562962962962963 0.784375 0.562962962962963
0 0.61875 0.8092592592592592 0.6229166666666667 0.8185185185185185 0.6229166666666667 0.837037037037037 0.61875 0.8425925925925926 0.5979166666666667 0.8462962962962963 0.5697916666666667 0.8444444444444444 0.5666666666666667 0.8388888888888889 0.5677083333333334 0.8203703703703704 0.5729166666666666 0.812962962962963 0.5791666666666667 0.8111111111111111 0.6177083333333333 0.8092592592592592
0 0.04895833333333333 0.6277777777777778 0.075 0.6314814814814815 0.07604166666666666 0.6555555555555556 0.071875 0.6648148148148149 0.03125 0.6611111111111111 0.027083333333333334 0.65 0.027083333333333334 0.6388888888888888 0.029166666666666667 0.6314814814814815 0.035416666666666666 0.6259259259259259 0.04791666666666667 0.6277777777777778
0 0.8927083333333333 0.23703703703703705 0.9010416666666666 0.2388888888888889 0.903125 0.24259259259259258 0.9041666666666667 0.25925925925925924 0.9020833333333333 0.26481481481481484 0.8895833333333333 0.2722222222222222 0.8572916666666667 0.2722222222222222 0.8520833333333333 0.26481481481481484 0.8510416666666667 0.2537037037037037 0.8552083333333333 0.24259259259259258 0.8635416666666667 0.23703703703703705 0.8916666666666667 0.23703703703703705
0 0.2760416666666667 0.3611111111111111 0.2864583333333333 0.362962962962963 0.28958333333333336 0.36666666666666664 0.2916666666666667 0.37777777777777777 0.28958333333333336 0.3925925925925926 0.284375 0.39814814814814814 0.27708333333333335 0.4 0.24791666666666667 0.4 0.24375 0.39444444444444443 0.24270833333333333 0.37407407407407406 0.24791666666666667 0.3648148148148148 0.275 0.362962962962963
0 0.403125 0.08888888888888889 0.40520833333333334 0.09259259259259259 0.40520833333333334 0.1111111111111111 0.4041666666666667 0.11851851851851852 0.39895833333333336 0.1259259259259259 0.365625 0.1259259259259259 0.36041666666666666 0.11851851851851852 0.359375 0.1037037037037037 0.3614583333333333 0.0962962962962963 0.36666666666666664 0.08888888888888889 0.40208333333333335 0.08888888888888889
0 0.5458333333333333 0.005555555555555556 0.5802083333333333 0.005555555555555556 0.5885416666666666 0.009259259259259259 0.590625 0.018518518518518517 0.5875 0.040740740740740744 0.58125 0.05 0.5479166666666667 0.046296296296296294 0.5427083333333333 0.04259259259259259 0.5385416666666667 0.03148148148148148 0.5395833333333333 0.018518518518518517 0.5458333333333333 0.007407407407407408
0 0.265625 0.8740740740740741 0.052083333333333336 0.037037037037037035
0 0.9333333333333333 0.5574074074074075 0.9604166666666667 0.5648148148148148 0.9645833333333333 0.5703703703703704 0.965625 0.5907407407407408 0.9635416666666666 0.5944444444444444 0.9458333333333333 0.5981481481481481 0.915625 0.5944444444444444 0.9114583333333334 0.5851851851851851 0.909375 0.5703703703703704 0.9125 0.562962962962963 0.9208333333333333 0.5574074074074075 0.9322916666666666 0.5574074074074075
0 0.4041666666666667 0.1814814814814815 0.4041666666666667 0.2111111111111111 0.4 0.21481481481481482 0.37916666666666665 0.21666666666666667 0.36875 0.21666666666666667 0.3614583333333333 0.2111111111111111 0.3614583333333333 0.1925925925925926 0.365625 0.1814814814814815 0.375 0.17777777777777778 0.396875 0.17777777777777778 0.403125 0.1814814814814815
0 0.9104166666666667 0.6129629629629629 0.9125 0.6222222222222222 0.9104166666666667 0.6388888888888888 0.884375 0.6462962962962963 0.8572916666666667 0.6444444444444445 0.8541666666666666 0.6388888888888888 0.853125 0.6296296296296297 0.85625 0.6148148148148148 0.8739583333333333 0.6111111111111112 0.909375 0.6129629629629629
0 0.7875 0.7111111111111111 0.7895833333333333 0.7129629629629629 0.7916666666666666 0.725925925925926 0.790625 0.7351851851851852 0.7875 0.7407407407407407 0.765625 0.7425925925925926 0.7489583333333333 0.7407407407407407 0.7458333333333333 0.7314814814814815 0.7458333333333333 0.7129629629629629 0.7510416666666667 0.7092592592592593 0.7864583333333334 0.7111111111111111
0 0.4 0.6111111111111112 0.40208333333333335 0.6166666666666667 0.4010416666666667 0.6388888888888888 0.3958333333333333 0.6444444444444445 0.38958333333333334 0.6462962962962963 0.3572916666666667 0.6462962962962963 0.35208333333333336 0.6388888888888888 0.35208333333333336 0.6166666666666667 0.35625 0.6111111111111112 0.36354166666666665 0.6092592592592593 0.39479166666666665 0.6074074074074074 0.39895833333333336 0.6111111111111112
0 0.459375 0.08703703703703704 0.46041666666666664 0.1111111111111111 0.45729166666666665 0.11851851851851852 0.45208333333333334 0.12222222222222222 0.41458333333333336 0.12037037037037036 0.4114583333333333 0.10925925925925926 0.4125 0.0962962962962963 0.4166666666666667 0.08888888888888889 0.42604166666666665 0.08518518518518518 0.4479166666666667 0.08333333333333333 0.4583333333333333 0.08703703703703704
0 0.11354166666666667 0.33611111111111114 0.058333333333333334 0.04259259259259259
0 0.5442708333333334 0.4337962962962963 0.053125 0.04537037037037037
0 0.60078125 0.43194444444444446 0.05364583333333333 0.05277777777777778
0 0.2703125 0.8212962962962963 0.06145833333333333 0.04259259259259259
0 0.4044270833333333 0.8902777777777777 0.0796875 0.05462962962962963
0 0.8877604166666667 0.8231481481481482 0.0609375 0.04259259259259259
0 0.7661458333333333 0.1837962962962963 0.08229166666666667 0.05277777777777778
0 0.21432291666666667 0.3824074074074074 0.05364583333333333 0.05
0 0.5419270833333333 0.4828703703703704 0.0546875 0.05092592592592592