0 0.8908854166666667 0.125 0.89453125 0.12685185185185185 0.8973958333333333 0.1361111111111111 0.9013020833333333 0.19768518518518519 0.8979166666666667 0.23425925925925925 0.8955729166666667 0.2388888888888889 0.8861979166666667 0.2412037037037037 0.8765625 0.24027777777777778 0.8721354166666667 0.23287037037037037 0.871875 0.17916666666666667 0.86953125 0.15092592592592594 0.8736979166666666 0.12916666666666668 0.8807291666666667 0.12453703703703704 0.890625 0.125
0 0.8145833333333333 0.1037037037037037 0.8197916666666667 0.11064814814814815 0.82265625 0.11944444444444445 0.8252604166666667 0.14722222222222223 0.825 0.1699074074074074 0.8213541666666667 0.19953703703703704 0.8177083333333334 0.2037037037037037 0.8106770833333333 0.2050925925925926 0.8013020833333333 0.20277777777777778 0.796875 0.1962962962962963 0.7986979166666667 0.1736111111111111 0.7963541666666667 0.12824074074074074 0.79765625 0.1162037037037037 0.80234375 0.10601851851851851 0.8143229166666667 0.1037037037037037
0 0.6197916666666666 0.674537037037037 0.6325520833333333 0.6773148148148148 0.6348958333333333 0.6814814814814815 0.6375 0.7199074074074074 0.6369791666666667 0.7828703703703703 0.63515625 0.8023148148148148 0.6325520833333333 0.8101851851851852 0.6283854166666667 0.8143518518518519 0.6158854166666666 0.8143518518518519 0.6080729166666666 0.8074074074074075 0.6057291666666667 0.8009259259259259 0.6096354166666667 0.7060185185185185 0.6145833333333334 0.6787037037037037 0.61953125 0.675
0 0.7424479166666667 0.2550925925925926 0.74921875 0.2611111111111111 0.7518229166666667 0.2722222222222222 0.7549479166666667 0.337037037037037 0.7536458333333333 0.35555555555555557 0.7440104166666667 0.3592592592592593 0.734375 0.35833333333333334 0.7296875 0.350462962962963 0.7283854166666667 0.29212962962962963 0.7263020833333333 0.2791666666666667 0.7268229166666667 0.2689814814814815 0.7309895833333333 0.25925925925925924 0.7421875 0.2550925925925926
0 0.70390625 0.2518518518518518 0.71015625 0.2550925925925926 0.7125 0.262037037037037 0.71328125 0.325 0.7114583333333333 0.3523148148148148 0.70078125 0.35694444444444445 0.6927083333333334 0.35555555555555557 0.68828125 0.3458333333333333 0.68671875 0.2814814814814815 0.6895833333333333 0.25462962962962965 0.7036458333333333 0.2518518518518518
0 0.9635416666666666 0.12407407407407407 0.9744791666666667 0.13240740740740742 0.97734375 0.15787037037037038 0.97734375 0.22268518518518518 0.97421875 0.2310185185185185 0.9669270833333333 0.23564814814814813 0.9565104166666667 0.2337962962962963 0.9489583333333333 0.22175925925925927 0.94921875 0.1884259259259259 0.9463541666666667 0.17916666666666667 0.9479166666666666 0.16898148148148148 0.946875 0.14583333333333334 0.9494791666666667 0.1337962962962963 0.9557291666666666 0.125 0.96328125 0.12407407407407407
0 0.8182291666666667 0.5504629629629629 0.82421875 0.5569444444444445 0.8268229166666666 0.5763888888888888 0.82734375 0.6509259259259259 0.825 0.6592592592592592 0.81484375 0.662962962962963 0.8049479166666667 0.6606481481481481 0.80078125 0.6541666666666667 0.7989583333333333 0.5699074074074074 0.8013020833333333 0.5532407407407407 0.8065104166666667 0.55 0.81796875 0.5504629629629629
0 0.8645833333333334 0.6930555555555555 0.8700520833333333 0.6986111111111111 0.8731770833333333 0.711574074074074 0.875 0.7736111111111111 0.8739583333333333 0.8069444444444445 0.8661458333333333 0.8125 0.8546875 0.812037037037037 0.8486979166666667 0.8083333333333333 0.8440104166666667 0.7898148148148149 0.846875 0.7638888888888888 0.84609375 0.737037037037037 0.8432291666666667 0.7157407407407408 0.84453125 0.7046296296296296 0.846875 0.6981481481481482 0.8526041666666667 0.6930555555555555 0.8643229166666667 0.6930555555555555
0 0.9028645833333333 0.25787037037037036 0.9098958333333333 0.26805555555555555 0.9153645833333334 0.29907407407407405 0.9138020833333333 0.31203703703703706 0.9143229166666667 0.3592592592592593 0.9111979166666667 0.36666666666666664 0.9046875 0.3699074074074074 0.8903645833333333 0.3685185185185185 0.8830729166666667 0.3597222222222222 0.8822916666666667 0.34814814814814815 0.88515625 0.3384259259259259 0.8838541666666667 0.30185185185185187 0.8833333333333333 0.2935185185185185 0.8796875 0.28888888888888886 0.8802083333333334 0.28055555555555556 0.8856770833333333 0.26157407407407407 0.8934895833333333 0.2569444444444444 0.9026041666666667 0.25787037037037036
0 0.55078125 0.5361111111111111 0.5611979166666666 0.5412037037037037 0.5619791666666667 0.5810185185185185 0.559375 0.6444444444444445 0.5567708333333333 0.6518518518518519 0.55078125 0.6546296296296297 0.5364583333333334 0.6504629629629629 0.5341145833333333 0.6444444444444445 0.53359375 0.6347222222222222 0.5364583333333334 0.5388888888888889 0.5505208333333333 0.5361111111111111
0 0.6265625 0.1050925925925926 0.6333333333333333 0.10925925925925926 0.6369791666666667 0.11851851851851852 0.6388020833333333 0.15 0.6372395833333333 0.20833333333333334 0.6338541666666667 0.2152777777777778 0.6278645833333333 0.21851851851851853 0.6161458333333333 0.21666666666666667 0.6111979166666667 0.2064814814814815 0.6125 0.11990740740740741 0.61640625 0.10925925925925926 0.6263020833333334 0.1050925925925926
0 0.6666666666666666 0.12314814814814815 0.6739583333333333 0.12638888888888888 0.6765625 0.13935185185185187 0.6763020833333333 0.225 0.6747395833333333 0.22916666666666666 0.6625 0.23796296296296296 0.6544270833333333 0.23564814814814813 0.6494791666666667 0.23055555555555557 0.6473958333333333 0.22407407407407406 0.6473958333333333 0.20694444444444443 0.65234375 0.1300925925925926 0.6578125 0.12361111111111112 0.66640625 0.12314814814814815
0 0.7828125 0.5523148148148148 0.7875 0.5560185185185185 0.7901041666666667 0.5638888888888889 0.7927083333333333 0.6407407407407407 0.7895833333333333 0.6546296296296297 0.7807291666666667 0.6592592592592592 0.7713541666666667 0.6578703703703703 0.765625 0.6439814814814815 0.7651041666666667 0.5912037037037037 0.7630208333333334 0.5666666666666667 0.7651041666666667 0.5578703703703703 0.76875 0.5537037037037037 0.7825520833333334 0.5523148148148148
0 0.5901041666666667 0.12129629629629629 0.5973958333333333 0.12314814814814815 0.6010416666666667 0.12916666666666668 0.6013020833333333 0.19953703703703704 0.59921875 0.22314814814814815 0.59453125 0.2310185185185185 0.58671875 0.23425925925925925 0.578125 0.22962962962962963 0.575 0.22361111111111112 0.5736979166666667 0.2064814814814815 0.5765625 0.1287037037037037 0.5799479166666667 0.12268518518518519 0.58984375 0.12129629629629629
0 0.025 0.7430555555555556 0.03515625 0.7481481481481481 0.03802083333333333 0.7611111111111111 0.03125 0.8037037037037037 0.030208333333333334 0.836574074074074 0.02734375 0.8462962962962963 0.021614583333333333 0.8527777777777777 0.005208333333333333 0.8467592592592592 0.0033854166666666668 0.8277777777777777 0.009895833333333333 0.7513888888888889 0.015364583333333333 0.7435185185185185 0.024739583333333332 0.7430555555555556
0 0.5953125 0.24305555555555555 0.6005208333333333 0.24768518518518517 0.60234375 0.262037037037037 0.60234375 0.35555555555555557 0.5955729166666667 0.36712962962962964 0.5864583333333333 0.36898148148148147 0.5776041666666667 0.36435185185185187 0.5744791666666667 0.35185185185185186 0.5763020833333333 0.2564814814814815 0.5778645833333333 0.24722222222222223 0.5802083333333333 0.24444444444444444 0.5950520833333334 0.24305555555555555
0 0.93203125 0.5504629629629629 0.940625 0.5532407407407407 0.946875 0.5666666666666667 0.9497395833333333 0.6611111111111111 0.9466145833333334 0.6722222222222223 0.9395833333333333 0.6754629629629629 0.9291666666666667 0.675 0.9236979166666667 0.6699074074074074 0.9208333333333333 0.6583333333333333 0.9171875 0.5671296296296297 0.9213541666666667 0.5546296296296296 0.9317708333333333 0.5509259259259259
0 0.5875 0.6912037037037037 0.59609375 0.6995370370370371 0.5973958333333333 0.7273148148148149 0.59453125 0.8037037037037037 0.5908854166666667 0.8143518518518519 0.58515625 0.8194444444444444 0.5778645833333333 0.8189814814814815 0.5708333333333333 0.8138888888888889 0.56796875 0.8074074074074075 0.5674479166666667 0.7962962962962963 0.5729166666666666 0.6962962962962963 0.5776041666666667 0.6912037037037037 0.5872395833333334 0.6912037037037037
0 0.7072916666666667 0.6856481481481481 0.7111979166666667 0.6898148148148148 0.7138020833333333 0.7023148148148148 0.7140625 0.7712962962962963 0.7114583333333333 0.7972222222222223 0.7065104166666667 0.8023148148148148 0.68828125 0.8004629629629629 0.684375 0.7962962962962963 0.6833333333333333 0.788425925925926 0.68671875 0.6925925925925925 0.6921875 0.6837962962962963 0.70703125 0.6856481481481481
0 0.7377604166666667 0.6939814814814815 0.74453125 0.6967592592592593 0.7481770833333333 0.7078703703703704 0.7518229166666667 0.7712962962962963 0.7513020833333334 0.7828703703703703 0.7486979166666666 0.7888888888888889 0.7377604166666667 0.7921296296296296 0.7283854166666667 0.7912037037037037 0.72578125 0.7856481481481481 0.72109375 0.7064814814814815 0.7239583333333334 0.6981481481481482 0.7375 0.6939814814814815
0 0.55 0.6791666666666667 0.5549479166666667 0.6884259259259259 0.5565104166666667 0.7726851851851851 0.5533854166666666 0.7893518518518519 0.5505208333333333 0.7939814814814815 0.5442708333333334 0.7962962962962963 0.5322916666666667 0.7916666666666666 0.5286458333333334 0.7819444444444444 0.528125 0.6981481481481482 0.5294270833333333 0.6861111111111111 0.5330729166666667 0.6796296296296296 0.5390625 0.6773148148148148 0.5497395833333333 0.6791666666666667
0 0.6059895833333333 0.41435185185185186 0.621875 0.43148148148148147 0.6528645833333333 0.4740740740740741 0.6536458333333334 0.4810185185185185 0.65078125 0.49212962962962964 0.6463541666666667 0.5046296296296297 0.6421875 0.5087962962962963 0.6294270833333333 0.5013888888888889 0.6177083333333333 0.4828703703703704 0.5924479166666666 0.4550925925925926 0.5901041666666667 0.44583333333333336 0.5919270833333333 0.42916666666666664 0.5986979166666667 0.4166666666666667 0.6057291666666667 0.41435185185185186
0 0.6239583333333333 0.5425925925925926 0.6299479166666667 0.5453703703703704 0.6333333333333333 0.5555555555555556 0.6369791666666667 0.6333333333333333 0.6346354166666667 0.6541666666666667 0.6270833333333333 0.6615740740740741 0.6127604166666667 0.6606481481481481 0.609375 0.6537037037037037 0.60546875 0.5685185185185185 0.6059895833333333 0.5537037037037037 0.6083333333333333 0.5462962962962963 0.6236979166666666 0.5425925925925926
0 0.6700520833333333 0.26851851851851855 0.6731770833333334 0.275 0.6752604166666667 0.29305555555555557 0.67265625 0.34629629629629627 0.6716145833333333 0.3509259259259259 0.6653645833333334 0.3537037037037037 0.6513020833333333 0.3527777777777778 0.6484375 0.34814814814814815 0.64921875 0.2791666666666667 0.6510416666666666 0.27037037037037037 0.65390625 0.2671296296296296 0.6697916666666667 0.26851851851851855
0 0.8526041666666667 0.24814814814814815 0.8598958333333333 0.25324074074074077 0.8638020833333333 0.262037037037037 0.86796875 0.3347222222222222 0.8640625 0.3523148148148148 0.8489583333333334 0.35555555555555557 0.8419270833333333 0.35138888888888886 0.8403645833333333 0.34444444444444444 0.8361979166666667 0.26342592592592595 0.840625 0.2518518518518518 0.85234375 0.24814814814814815
0 0.7197916666666667 0.37916666666666665 0.7549479166666667 0.3851851851851852 0.7580729166666667 0.4 0.7567708333333333 0.4203703703703704 0.7552083333333334 0.42685185185185187 0.74921875 0.42962962962962964 0.7255208333333333 0.4287037037037037 0.69765625 0.42314814814814816 0.6950520833333333 0.4148148148148148 0.6953125 0.3962962962962963 0.6973958333333333 0.38472222222222224 0.7044270833333334 0.37916666666666665 0.71953125 0.37916666666666665
0 0.6283854166666667 0.23842592592592593 0.6369791666666667 0.24305555555555555 0.6395833333333333 0.2513888888888889 0.6411458333333333 0.26944444444444443 0.6385416666666667 0.30092592592592593 0.640625 0.33240740740740743 0.6369791666666667 0.3476851851851852 0.6265625 0.35138888888888886 0.6158854166666666 0.3476851851851852 0.61328125 0.3384259259259259 0.6130208333333333 0.25092592592592594 0.6177083333333333 0.24074074074074073 0.628125 0.23842592592592593
0 0.9010416666666666 0.562037037037037 0.90546875 0.5657407407407408 0.9078125 0.5740740740740741 0.9088541666666666 0.6513888888888889 0.9078125 0.6611111111111111 0.9033854166666667 0.6675925925925926 0.8984375 0.6699074074074074 0.8846354166666667 0.6685185185185185 0.8815104166666666 0.6638888888888889 0.8802083333333334 0.5726851851851852 0.8833333333333333 0.562962962962963 0.90078125 0.562037037037037
0 0.7424479166666667 0.09074074074074075 0.7473958333333334 0.09351851851851851 0.7505208333333333 0.1 0.7520833333333333 0.12824074074074074 0.7502604166666667 0.13657407407407407 0.75078125 0.16527777777777777 0.7484375 0.20324074074074075 0.7455729166666667 0.20925925925925926 0.7388020833333333 0.21296296296296297 0.725 0.20972222222222223 0.7213541666666666 0.19583333333333333 0.72421875 0.15231481481481482 0.7239583333333334 0.12222222222222222 0.7265625 0.09953703703703703 0.7315104166666667 0.09166666666666666 0.7421875 0.09074074074074075
0 0.6625 0.9745370370370371 0.671875 0.9875 0.6736979166666667 0.999537037037037 0.6450520833333333 0.999537037037037 0.6479166666666667 0.9800925925925926 0.6528645833333333 0.975462962962963 0.6622395833333333 0.9745370370370371
0 0.8486979166666667 0.13333333333333333 0.8580729166666666 0.13703703703703704 0.8606770833333334 0.15694444444444444 0.8598958333333333 0.22268518518518518 0.8565104166666667 0.23055555555555557 0.8510416666666667 0.23333333333333334 0.8375 0.23148148148148148 0.8348958333333333 0.22824074074074074 0.83359375 0.22037037037037038 0.8348958333333333 0.14027777777777778 0.8385416666666666 0.13425925925925927 0.8484375 0.13333333333333333
0 0.7450520833333333 0.5393518518518519 0.75 0.5421296296296296 0.7515625 0.5481481481481482 0.7526041666666666 0.6055555555555555 0.7505208333333333 0.6361111111111111 0.7484375 0.6407407407407407 0.7421875 0.6444444444444445 0.73125 0.6430555555555556 0.7268229166666667 0.6361111111111111 0.72734375 0.5453703703703704 0.7330729166666666 0.5393518518518519 0.7447916666666666 0.5393518518518519
0 0.6809895833333334 0.8476851851851852 0.7153645833333333 0.8481481481481481 0.7203125 0.8495370370370371 0.72421875 0.8546296296296296 0.7265625 0.8689814814814815 0.72421875 0.8939814814814815 0.6973958333333333 0.8976851851851851 0.6674479166666667 0.8962962962962963 0.6606770833333333 0.8939814814814815 0.6578125 0.8898148148148148 0.6565104166666667 0.8787037037037037 0.6578125 0.8523148148148149 0.6643229166666667 0.8476851851851852 0.6807291666666667 0.8476851851851852
0 0.9669270833333333 0.25 0.9731770833333333 0.25416666666666665 0.9763020833333333 0.26157407407407407 0.9783854166666667 0.3087962962962963 0.9763020833333333 0.35185185185185186 0.9739583333333334 0.3578703703703704 0.96640625 0.3625 0.9526041666666667 0.3587962962962963 0.94609375 0.34814814814814815 0.9453125 0.34120370370370373 0.9479166666666666 0.3055555555555556 0.94609375 0.26851851851851855 0.95234375 0.25324074074074077 0.9588541666666667 0.24953703703703703 0.9666666666666667 0.25
0 0.8598958333333333 0.5541666666666667 0.8692708333333333 0.5601851851851852 0.8705729166666667 0.5837962962962963 0.8666666666666667 0.6643518518518519 0.8627604166666667 0.6731481481481482 0.8565104166666667 0.6768518518518518 0.8427083333333333 0.6722222222222223 0.83984375 0.6652777777777777 0.8393229166666667 0.6513888888888889 0.84375 0.5652777777777778 0.8489583333333334 0.5546296296296296 0.8596354166666667 0.5541666666666667
0 0.7830729166666667 0.6824074074074075 0.7880208333333333 0.6851851851851852 0.79140625 0.6962962962962963 0.7940104166666667 0.7828703703703703 0.790625 0.799074074074074 0.7830729166666667 0.8050925925925926 0.7697916666666667 0.8009259259259259 0.7651041666666667 0.7898148148148149 0.7643229166666666 0.7203703703703703 0.765625 0.6888888888888889 0.7690104166666667 0.6842592592592592 0.7828125 0.6824074074074075
0 0.6684895833333333 0.6976851851851852 0.6734375 0.6995370370370371 0.6755208333333333 0.7055555555555556 0.6744791666666666 0.7833333333333333 0.6703125 0.8064814814814815 0.6630208333333333 0.8111111111111111 0.6502604166666667 0.8078703703703703 0.6466145833333333 0.8 0.6484375 0.7689814814814815 0.64765625 0.7263888888888889 0.6510416666666666 0.6986111111111111 0.6682291666666667 0.6976851851851852
0 0.703125 0.5569444444444445 0.7127604166666667 0.5597222222222222 0.71484375 0.5643518518518519 0.715625 0.6231481481481481 0.71328125 0.6259259259259259 0.69609375 0.6259259259259259 0.6924479166666667 0.6231481481481481 0.6919270833333333 0.5638888888888889 0.6947916666666667 0.5592592592592592 0.7028645833333333 0.5574074074074075
0 0.7083333333333334 0.125 0.7111979166666667 0.12916666666666668 0.7119791666666667 0.14212962962962963 0.7119791666666667 0.2101851851851852 0.71015625 0.21712962962962962 0.7010416666666667 0.2222222222222222 0.69140625 0.22083333333333333 0.68671875 0.21064814814814814 0.6875 0.13333333333333333 0.6890625 0.12777777777777777 0.6958333333333333 0.12407407407407407 0.7080729166666667 0.125
0 0.8197916666666667 0.23935185185185184 0.8223958333333333 0.24212962962962964 0.8252604166666667 0.25416666666666665 0.8260416666666667 0.3194444444444444 0.8234375 0.325 0.815625 0.32731481481481484 0.80703125 0.3263888888888889 0.80234375 0.32083333333333336 0.80078125 0.25324074074074077 0.8044270833333333 0.24027777777777778 0.81953125 0.23935185185185184
0 0.7768229166666667 0.23564814814814813 0.7877604166666666 0.2412037037037037 0.7919270833333333 0.2537037037037037 0.7916666666666666 0.3351851851851852 0.7885416666666667 0.3458333333333333 0.7802083333333333 0.34814814814814815 0.7682291666666666 0.3435185185185185 0.7651041666666667 0.3314814814814815 0.76484375 0.24814814814814815 0.76875 0.23935185185185184 0.7765625 0.23564814814814813
0 0.7802083333333333 0.11944444444444445 0.7848958333333333 0.12685185185185185 0.7877604166666666 0.18611111111111112 0.7864583333333334 0.20972222222222223 0.7828125 0.21944444444444444 0.7786458333333334 0.2222222222222222 0.7638020833333333 0.2199074074074074 0.7604166666666666 0.20879629629629629 0.7604166666666666 0.18055555555555555 0.7580729166666667 0.16203703703703703 0.75859375 0.13564814814814816 0.7614583333333333 0.12314814814814815 0.765625 0.11944444444444445 0.7799479166666666 0.11944444444444445
0 0.8158854166666667 0.6884259259259259 0.8268229166666666 0.6958333333333333 0.828125 0.7689814814814815 0.8260416666666667 0.7930555555555555 0.815625 0.8 0.80546875 0.7967592592592593 0.8026041666666667 0.7930555555555555 0.8013020833333333 0.7861111111111111 0.8005208333333333 0.7449074074074075 0.8018229166666667 0.7333333333333333 0.7994791666666666 0.7041666666666667 0.8020833333333334 0.6921296296296297 0.815625 0.6884259259259259