0 0.8864583333333333 0.12916666666666668 0.8921875 0.13425925925925927 0.8950520833333333 0.15787037037037038 0.8953125 0.23472222222222222 0.89140625 0.2439814814814815 0.8822916666666667 0.2462962962962963 0.8731770833333333 0.2449074074074074 0.8684895833333334 0.23657407407407408 0.86640625 0.15694444444444444 0.8677083333333333 0.14027777777777778 0.8700520833333333 0.13333333333333333 0.8765625 0.12916666666666668 0.8861979166666667 0.12916666666666668
0 0.6260416666666667 0.6907407407407408 0.6296875 0.6962962962962963 0.63203125 0.7083333333333334 0.6328125 0.7597222222222222 0.63125 0.8037037037037037 0.6283854166666667 0.8143518518518519 0.6208333333333333 0.8185185185185185 0.6088541666666667 0.8175925925925925 0.60234375 0.8069444444444445 0.6033854166666667 0.7787037037037037 0.6018229166666667 0.7620370370370371 0.6067708333333334 0.6958333333333333 0.6125 0.6893518518518519 0.62578125 0.6907407407407408
0 0.7395833333333334 0.25925925925925924 0.7453125 0.2638888888888889 0.7489583333333333 0.27546296296296297 0.7515625 0.3449074074074074 0.7489583333333333 0.3625 0.7416666666666667 0.3648148148148148 0.7317708333333334 0.36342592592592593 0.7265625 0.35694444444444445 0.7221354166666667 0.28194444444444444 0.7229166666666667 0.2722222222222222 0.7270833333333333 0.2625 0.7393229166666667 0.25925925925925924
0 0.21510416666666668 0.3384259259259259 0.22473958333333333 0.3439814814814815 0.22734375 0.3486111111111111 0.22786458333333334 0.3597222222222222 0.2203125 0.4203703703703704 0.21640625 0.4356481481481482 0.21119791666666668 0.4388888888888889 0.19609375 0.4324074074074074 0.19427083333333334 0.41435185185185186 0.19921875 0.36666666666666664 0.20598958333333334 0.3449074074074074 0.20989583333333334 0.3398148148148148 0.21484375 0.3384259259259259
0 0.6971354166666667 0.25555555555555554 0.70390625 0.25787037037037036 0.7080729166666667 0.2638888888888889 0.7098958333333333 0.2898148148148148 0.7088541666666667 0.35138888888888886 0.7067708333333333 0.35833333333333334 0.70078125 0.36064814814814816 0.6890625 0.3597222222222222 0.6848958333333334 0.35555555555555557 0.6817708333333333 0.29305555555555557 0.68515625 0.25972222222222224 0.6890625 0.25601851851851853 0.696875 0.25555555555555554
0 0.70234375 0.1287037037037037 0.7072916666666667 0.1361111111111111 0.70859375 0.21064814814814814 0.70625 0.22083333333333333 0.696875 0.2263888888888889 0.68671875 0.22407407407407406 0.6830729166666667 0.21666666666666667 0.6838541666666667 0.1388888888888889 0.6848958333333334 0.13287037037037036 0.6893229166666667 0.1287037037037037 0.7020833333333333 0.1287037037037037
0 0.9611979166666667 0.12962962962962962 0.9669270833333333 0.13333333333333333 0.9716145833333333 0.1412037037037037 0.9731770833333333 0.18472222222222223 0.9723958333333333 0.23055555555555557 0.9708333333333333 0.23472222222222222 0.96171875 0.24027777777777778 0.9515625 0.2375 0.9440104166666666 0.22407407407407406 0.9434895833333333 0.16620370370370371 0.9419270833333333 0.16064814814814815 0.9434895833333333 0.14444444444444443 0.9481770833333333 0.13333333333333333 0.9528645833333333 0.12962962962962962 0.9609375 0.12962962962962962
0 0.8088541666666667 0.10833333333333334 0.8140625 0.11157407407407408 0.81796875 0.11851851851851852 0.8213541666666667 0.14629629629629629 0.8192708333333333 0.1986111111111111 0.8174479166666667 0.20416666666666666 0.8106770833333333 0.20925925925925926 0.8 0.20787037037037037 0.7932291666666667 0.19953703703703704 0.7932291666666667 0.12546296296296297 0.7989583333333333 0.11018518518518519 0.80859375 0.10833333333333334
0 0.7770833333333333 0.5560185185185185 0.7833333333333333 0.5597222222222222 0.7856770833333333 0.5671296296296297 0.7880208333333333 0.6425925925925926 0.78515625 0.6597222222222222 0.7729166666666667 0.6638888888888889 0.765625 0.6611111111111111 0.7614583333333333 0.6486111111111111 0.7588541666666667 0.5810185185185185 0.7596354166666667 0.5680555555555555 0.7622395833333333 0.5597222222222222 0.7768229166666667 0.5560185185185185
0 0.85703125 0.6967592592592593 0.8635416666666667 0.7 0.8682291666666667 0.7134259259259259 0.8703125 0.7791666666666667 0.8697916666666666 0.8101851851851852 0.8661458333333333 0.8152777777777778 0.8575520833333333 0.8166666666666667 0.846875 0.8143518518518519 0.8424479166666666 0.8069444444444445 0.8408854166666667 0.7930555555555555 0.8421875 0.7694444444444445 0.8411458333333334 0.7407407407407407 0.8385416666666666 0.7171296296296297 0.8411458333333334 0.7032407407407407 0.8442708333333333 0.6990740740740741 0.8567708333333334 0.6967592592592593
0 0.8953125 0.262037037037037 0.9005208333333333 0.26435185185185184 0.9057291666666667 0.2712962962962963 0.9080729166666667 0.2949074074074074 0.9104166666666667 0.3013888888888889 0.9098958333333333 0.36342592592592593 0.9078125 0.37083333333333335 0.8973958333333333 0.375 0.8861979166666667 0.37407407407407406 0.87890625 0.3625 0.8783854166666667 0.35324074074074074 0.88046875 0.3421296296296296 0.8794270833333333 0.3037037037037037 0.8768229166666667 0.29305555555555557 0.8791666666666667 0.27314814814814814 0.8828125 0.2652777777777778 0.8950520833333333 0.262037037037037
0 0.6234375 0.5481481481481482 0.6276041666666666 0.5527777777777778 0.6299479166666667 0.5675925925925925 0.6317708333333333 0.6351851851851852 0.6307291666666667 0.6574074074074074 0.6268229166666667 0.6648148148148149 0.6234375 0.6662037037037037 0.6096354166666667 0.6648148148148149 0.6049479166666667 0.6560185185185186 0.6026041666666667 0.6300925925925925 0.6013020833333333 0.5745370370370371 0.6020833333333333 0.5564814814814815 0.6046875 0.55 0.6122395833333333 0.5467592592592593 0.6231770833333333 0.5481481481481482
0 0.703125 0.38333333333333336 0.734375 0.3861111111111111 0.74453125 0.39166666666666666 0.7458333333333333 0.39675925925925926 0.7447916666666666 0.42592592592592593 0.74140625 0.43194444444444446 0.7346354166666667 0.43287037037037035 0.69609375 0.4305555555555556 0.6859375 0.4273148148148148 0.68359375 0.4217592592592593 0.6828125 0.4111111111111111 0.6846354166666667 0.3907407407407407 0.6921875 0.3837962962962963 0.7028645833333333 0.38333333333333336
0 0.6619791666666667 0.12638888888888888 0.66953125 0.12962962962962962 0.67265625 0.1425925925925926 0.671875 0.2273148148148148 0.6653645833333334 0.23842592592592593 0.6591145833333333 0.24166666666666667 0.6528645833333333 0.2412037037037037 0.6466145833333333 0.23564814814814813 0.6434895833333333 0.2273148148148148 0.6432291666666666 0.21481481481481482 0.6484375 0.1337962962962963 0.6546875 0.12685185185185185 0.66171875 0.12638888888888888
0 0.5877604166666667 0.125 0.59453125 0.12916666666666668 0.5979166666666667 0.13703703703703704 0.5984375 0.16111111111111112 0.59609375 0.18796296296296297 0.5963541666666666 0.21851851851851853 0.59140625 0.23333333333333334 0.5848958333333333 0.23796296296296296 0.5770833333333333 0.23657407407407408 0.5708333333333333 0.22824074074074074 0.5690104166666666 0.21805555555555556 0.56875 0.19212962962962962 0.571875 0.1337962962962963 0.5765625 0.12638888888888888 0.5875 0.125
0 0.89453125 0.5662037037037037 0.90078125 0.5703703703703704 0.903125 0.5782407407407407 0.9049479166666666 0.6300925925925925 0.90390625 0.6615740740740741 0.9015625 0.6685185185185185 0.8955729166666667 0.674074074074074 0.8828125 0.6731481481481482 0.87734375 0.6675925925925926 0.8739583333333333 0.5847222222222223 0.875 0.5740740740740741 0.8776041666666666 0.5680555555555555 0.8942708333333333 0.5662037037037037
0 0.5822916666666667 0.6944444444444444 0.5919270833333333 0.7018518518518518 0.5927083333333333 0.7134259259259259 0.5903645833333333 0.762962962962963 0.5911458333333334 0.7898148148148149 0.5888020833333333 0.8143518518518519 0.5861979166666667 0.8208333333333333 0.5799479166666667 0.8236111111111111 0.56875 0.8212962962962963 0.5638020833333334 0.8115740740740741 0.56328125 0.8027777777777778 0.5651041666666666 0.7875 0.5674479166666667 0.7050925925925926 0.571875 0.6958333333333333 0.58203125 0.6944444444444444
0 0.85703125 0.5592592592592592 0.8643229166666667 0.5638888888888889 0.8661458333333333 0.5768518518518518 0.8638020833333333 0.6648148148148149 0.8609375 0.675 0.8557291666666667 0.6805555555555556 0.83828125 0.6763888888888889 0.83515625 0.6680555555555555 0.8346354166666666 0.6546296296296297 0.83828125 0.5847222222222223 0.8419270833333333 0.5643518518518519 0.8458333333333333 0.5587962962962963 0.8567708333333334 0.5592592592592592
0 0.7044270833333334 0.562037037037037 0.7104166666666667 0.5671296296296297 0.71171875 0.5847222222222223 0.71171875 0.625 0.7078125 0.6296296296296297 0.6901041666666666 0.6296296296296297 0.6875 0.6263888888888889 0.6890625 0.6018518518518519 0.6877604166666667 0.5675925925925925 0.6924479166666667 0.562037037037037 0.7041666666666667 0.562037037037037
0 0.69609375 0.6875 0.7049479166666667 0.6912037037037037 0.71015625 0.7092592592592593 0.7078125 0.7981481481481482 0.7065104166666667 0.8041666666666667 0.7 0.8069444444444445 0.6846354166666667 0.8046296296296296 0.6809895833333334 0.8018518518518518 0.6783854166666666 0.7949074074074074 0.68203125 0.6981481481481482 0.68671875 0.6888888888888889 0.6958333333333333 0.6875
0 0.7377604166666667 0.6981481481481482 0.7411458333333333 0.7018518518518518 0.7434895833333334 0.712037037037037 0.7473958333333334 0.7842592592592592 0.7442708333333333 0.7935185185185185 0.73125 0.7962962962962963 0.7239583333333334 0.7949074074074074 0.721875 0.7893518518518519 0.7192708333333333 0.7657407407407407 0.7171875 0.7083333333333334 0.7203125 0.700462962962963 0.7375 0.6981481481481482
0 0.5447916666666667 0.6828703703703703 0.5494791666666666 0.687037037037037 0.55078125 0.6939814814814815 0.5518229166666667 0.7833333333333333 0.55078125 0.7898148148148149 0.5466145833333333 0.7972222222222223 0.53984375 0.8004629629629629 0.5296875 0.7976851851851852 0.5252604166666667 0.7898148148148149 0.52421875 0.7435185185185185 0.5268229166666667 0.7277777777777777 0.5234375 0.6990740740740741 0.525 0.6898148148148148 0.5283854166666667 0.6851851851851852 0.53515625 0.6814814814814815 0.54453125 0.6828703703703703
0 0.640625 0.39490740740740743 0.6440104166666667 0.3990740740740741 0.6473958333333333 0.41203703703703703 0.659375 0.49398148148148147 0.6578125 0.5069444444444444 0.64453125 0.5157407407407407 0.6372395833333333 0.512962962962963 0.63359375 0.5013888888888889 0.6205729166666667 0.41805555555555557 0.6208333333333333 0.40879629629629627 0.6234375 0.4023148148148148 0.63125 0.39675925925925926 0.6403645833333333 0.39490740740740743
0 0.8515625 0.13935185185185187 0.8557291666666667 0.14444444444444443 0.8565104166666667 0.14953703703703702 0.85625 0.22407407407407406 0.853125 0.2351851851851852 0.84296875 0.23842592592592593 0.83359375 0.23657407407407408 0.83046875 0.22916666666666666 0.8307291666666666 0.1449074074074074 0.8348958333333333 0.13935185185185187 0.8513020833333333 0.13935185185185187
0 0.809375 0.6921296296296297 0.8177083333333334 0.6944444444444444 0.8213541666666667 0.6990740740740741 0.8247395833333333 0.7393518518518518 0.8213541666666667 0.7953703703703704 0.8177083333333334 0.8018518518518518 0.8109375 0.8041666666666667 0.8036458333333333 0.8027777777777778 0.7981770833333334 0.7962962962962963 0.796875 0.763425925925926 0.7973958333333333 0.6990740740740741 0.79921875 0.6953703703703704 0.8091145833333333 0.6921296296296297
0 0.66328125 0.27175925925925926 0.66953125 0.2791666666666667 0.6703125 0.2986111111111111 0.6684895833333333 0.3490740740740741 0.6653645833333334 0.3574074074074074 0.6622395833333333 0.3592592592592593 0.6466145833333333 0.35648148148148145 0.6442708333333333 0.3523148148148148 0.64375 0.3439814814814815 0.6453125 0.2796296296296296 0.64765625 0.2726851851851852 0.6510416666666666 0.27037037037037037 0.6630208333333333 0.27175925925925926
0 0.5505208333333333 0.5402777777777777 0.5559895833333334 0.5430555555555555 0.5572916666666666 0.5481481481481482 0.5565104166666667 0.6055555555555555 0.5578125 0.6194444444444445 0.55390625 0.6513888888888889 0.54609375 0.6583333333333333 0.5359375 0.6569444444444444 0.5294270833333333 0.649074074074074 0.53125 0.5652777777777778 0.5330729166666667 0.5421296296296296 0.5403645833333334 0.5388888888888889 0.5502604166666667 0.5402777777777777
0 0.6234375 0.24212962962962964 0.63125 0.24537037037037038 0.6354166666666666 0.25416666666666665 0.6369791666666667 0.324537037037037 0.634375 0.3486111111111111 0.6291666666666667 0.3537037037037037 0.6216145833333333 0.35509259259259257 0.6122395833333333 0.3527777777777778 0.609375 0.3439814814814815 0.6083333333333333 0.2574074074074074 0.6135416666666667 0.2449074074074074 0.6231770833333333 0.24212962962962964
0 0.5041666666666667 0.475 0.5174479166666667 0.4875 0.5177083333333333 0.500462962962963 0.4981770833333333 0.5851851851851851 0.4947916666666667 0.5953703703703703 0.4890625 0.5995370370370371 0.4822916666666667 0.5986111111111111 0.47421875 0.5921296296296297 0.4703125 0.5819444444444445 0.4700520833333333 0.5717592592592593 0.49453125 0.47962962962962963 0.4979166666666667 0.47453703703703703 0.50390625 0.475
0 0.9341145833333333 0.5569444444444445 0.93984375 0.5634259259259259 0.9427083333333334 0.5740740740740741 0.9450520833333333 0.6175925925925926 0.94453125 0.6685185185185185 0.9421875 0.6759259259259259 0.9356770833333333 0.6800925925925926 0.9247395833333333 0.6791666666666667 0.9182291666666667 0.6722222222222223 0.91328125 0.6138888888888889 0.9127604166666666 0.5703703703703704 0.9143229166666667 0.5638888888888889 0.921875 0.5564814814814815 0.9338541666666667 0.5569444444444445
0 0.7356770833333334 0.5425925925925926 0.7463541666666667 0.5472222222222223 0.7489583333333333 0.575462962962963 0.746875 0.6370370370370371 0.7442708333333333 0.6444444444444445 0.7361979166666667 0.6486111111111111 0.7268229166666667 0.6476851851851851 0.72265625 0.6421296296296296 0.7216145833333333 0.6092592592592593 0.72265625 0.5504629629629629 0.7263020833333333 0.5444444444444444 0.7354166666666667 0.5425925925925926
0 0.6583333333333333 0.9777777777777777 0.6658854166666667 0.9847222222222223 0.6690104166666667 0.999537037037037 0.640625 0.999537037037037 0.6419270833333334 0.9875 0.6442708333333333 0.9824074074074074 0.6580729166666667 0.9777777777777777
0 0.8481770833333333 0.25324074074074077 0.85625 0.25833333333333336 0.8596354166666667 0.2689814814814815 0.8635416666666667 0.3300925925925926 0.8614583333333333 0.35462962962962963 0.8526041666666667 0.3592592592592593 0.8424479166666666 0.3592592592592593 0.8377604166666667 0.3560185185185185 0.8330729166666667 0.3111111111111111 0.8328125 0.26296296296296295 0.83828125 0.25462962962962965 0.8479166666666667 0.25324074074074077
0 0.7747395833333334 0.24027777777777778 0.7817708333333333 0.2439814814814815 0.7864583333333334 0.2518518518518518 0.7885416666666667 0.3101851851851852 0.7885416666666667 0.33101851851851855 0.7864583333333334 0.34629629629629627 0.7828125 0.350462962962963 0.7752604166666667 0.3523148148148148 0.76640625 0.350462962962963 0.7625 0.3449074074074074 0.7598958333333333 0.2851851851851852 0.7611979166666667 0.25092592592592594 0.76640625 0.24305555555555555 0.7744791666666667 0.24027777777777778
0 0.6221354166666667 0.10925925925925926 0.6286458333333333 0.1125 0.6325520833333333 0.11944444444444445 0.6354166666666666 0.1537037037037037 0.6341145833333334 0.2101851851851852 0.63125 0.21805555555555556 0.62265625 0.22268518518518518 0.6109375 0.22083333333333333 0.6072916666666667 0.20972222222222223 0.6091145833333333 0.12083333333333333 0.6125 0.11296296296296296 0.621875 0.10925925925925926
0 0.9677083333333333 0.25787037037037036 0.9716145833333333 0.2652777777777778 0.9747395833333333 0.29259259259259257 0.9744791666666667 0.35185185185185186 0.9671875 0.36527777777777776 0.96015625 0.36712962962962964 0.9481770833333333 0.3638888888888889 0.9416666666666667 0.3523148148148148 0.94375 0.33101851851851855 0.9442708333333333 0.2912037037037037 0.9419270833333333 0.2773148148148148 0.9453125 0.262037037037037 0.9497395833333333 0.25555555555555554 0.96015625 0.25416666666666665 0.9674479166666666 0.25787037037037036
0 0.6611979166666667 0.6990740740740741 0.6682291666666667 0.7023148148148148 0.6705729166666666 0.7097222222222223 0.6703125 0.7689814814814815 0.6677083333333333 0.8027777777777778 0.6645833333333333 0.8115740740740741 0.6578125 0.8148148148148148 0.6479166666666667 0.812962962962963 0.64375 0.8078703703703703 0.6421875 0.7717592592592593 0.6455729166666667 0.7060185185185185 0.6497395833333334 0.6995370370370371 0.6609375 0.6990740740740741
0 0.7815104166666667 0.6898148148148148 0.78671875 0.700925925925926 0.7888020833333333 0.7842592592592592 0.78671875 0.8027777777777778 0.7828125 0.8083333333333333 0.7768229166666667 0.8106481481481481 0.76796875 0.8078703703703703 0.7614583333333333 0.7972222222222223 0.76015625 0.7074074074074074 0.7614583333333333 0.6925925925925925 0.7638020833333333 0.6888888888888889 0.78125 0.6898148148148148
0 0.7416666666666667 0.09814814814814815 0.7458333333333333 0.10277777777777777 0.74765625 0.11435185185185186 0.74609375 0.20694444444444443 0.7411458333333333 0.2162037037037037 0.7361979166666667 0.21851851851851853 0.72265625 0.21666666666666667 0.7190104166666667 0.21296296296296297 0.7174479166666666 0.20694444444444443 0.7200520833333334 0.17453703703703705 0.7203125 0.12037037037037036 0.721875 0.10648148148148148 0.7255208333333333 0.09907407407407408 0.73203125 0.09583333333333334 0.74140625 0.09814814814814815
0 0.8145833333333333 0.24351851851851852 0.81875 0.24768518518518517 0.8208333333333333 0.25925925925925924 0.8229166666666666 0.30787037037037035 0.8213541666666667 0.3282407407407407 0.8145833333333333 0.33194444444444443 0.8033854166666666 0.3314814814814815 0.79921875 0.32731481481481484 0.79765625 0.2652777777777778 0.79765625 0.25601851851851853 0.8002604166666667 0.2449074074074074 0.8143229166666667 0.24351851851851852
0 0.7729166666666667 0.12361111111111112 0.7786458333333334 0.1259259259259259 0.78125 0.1310185185185185 0.784375 0.18888888888888888 0.7815104166666667 0.2212962962962963 0.7692708333333333 0.22962962962962963 0.7619791666666667 0.22361111111111112 0.7625 0.21574074074074073 0.75859375 0.2162037037037037 0.7565104166666666 0.21064814814814814 0.7552083333333334 0.14074074074074075 0.7583333333333333 0.12638888888888888 0.77265625 0.12361111111111112
0 0.8140625 0.5550925925925926 0.8174479166666667 0.5574074074074075 0.8216145833333334 0.5675925925925925 0.8239583333333333 0.6152777777777778 0.8223958333333333 0.6601851851851852 0.8190104166666666 0.6657407407407407 0.8140625 0.6671296296296296 0.80078125 0.6657407407407407 0.7963541666666667 0.6597222222222222 0.7979166666666667 0.6277777777777778 0.7947916666666667 0.5837962962962963 0.7953125 0.5648148148148148 0.7979166666666667 0.5569444444444445 0.8138020833333334 0.5550925925925926