0 0.8890625 0.12175925925925926 0.8940104166666667 0.12407407407407407 0.89609375 0.12962962962962962 0.8979166666666667 0.1527777777777778 0.8984375 0.22268518518518518 0.8947916666666667 0.2351851851851852 0.8872395833333333 0.2388888888888889 0.87578125 0.23796296296296296 0.87109375 0.2273148148148148 0.8690104166666667 0.1486111111111111 0.8705729166666667 0.1337962962962963 0.8734375 0.12546296296296297 0.8802083333333334 0.12175925925925926 0.8888020833333333 0.12175925925925926
0 0.71171875 0.5560185185185185 0.7145833333333333 0.5699074074074074 0.7151041666666667 0.6166666666666667 0.7138020833333333 0.6212962962962963 0.7098958333333333 0.6222222222222222 0.6953125 0.6222222222222222 0.6911458333333333 0.6194444444444445 0.6908854166666667 0.5611111111111111 0.6921875 0.5564814814814815 0.6973958333333333 0.5546296296296296 0.7114583333333333 0.5560185185185185
0 0.8109375 0.10046296296296296 0.81796875 0.10555555555555556 0.8216145833333334 0.11527777777777778 0.8236979166666667 0.14814814814814814 0.821875 0.1935185185185185 0.8182291666666667 0.19953703703703704 0.8130208333333333 0.20185185185185187 0.803125 0.20092592592592592 0.79609375 0.1925925925925926 0.7979166666666667 0.17314814814814813 0.7963541666666667 0.11574074074074074 0.8002604166666667 0.10416666666666667 0.8106770833333333 0.10046296296296296
0 0.6247395833333333 0.6810185185185185 0.6307291666666667 0.6842592592592592 0.6341145833333334 0.6925925925925925 0.6364583333333333 0.7666666666666667 0.6330729166666667 0.8027777777777778 0.63046875 0.8087962962962963 0.6244791666666667 0.8111111111111111 0.6114583333333333 0.8087962962962963 0.60546875 0.8009259259259259 0.6044270833333333 0.788425925925926 0.6059895833333333 0.7717592592592593 0.60390625 0.7486111111111111 0.6091145833333333 0.6912037037037037 0.6127604166666667 0.6837962962962963 0.6244791666666667 0.6810185185185185
0 0.778125 0.2324074074074074 0.78515625 0.23657407407407408 0.78984375 0.2462962962962963 0.79140625 0.29583333333333334 0.78984375 0.3365740740740741 0.7864583333333334 0.3425925925925926 0.7796875 0.3449074074074074 0.76796875 0.3421296296296296 0.7653645833333333 0.33796296296296297 0.7638020833333333 0.3282407407407407 0.7638020833333333 0.24814814814814815 0.7684895833333333 0.23657407407407408 0.7778645833333333 0.2324074074074074
0 0.39375 0.2875 0.39947916666666666 0.29305555555555557 0.4005208333333333 0.30833333333333335 0.39401041666666664 0.37083333333333335 0.38697916666666665 0.3851851851851852 0.3776041666666667 0.3837962962962963 0.3731770833333333 0.37962962962962965 0.3703125 0.37083333333333335 0.37083333333333335 0.3523148148148148 0.3770833333333333 0.29305555555555557 0.38229166666666664 0.28564814814814815 0.39348958333333334 0.2875
0 0.70234375 0.24814814814814815 0.7109375 0.2550925925925926 0.7125 0.27037037037037037 0.7119791666666667 0.34305555555555556 0.71015625 0.34953703703703703 0.7036458333333333 0.3523148148148148 0.6932291666666667 0.35185185185185186 0.6880208333333333 0.3476851851851852 0.6859375 0.2898148148148148 0.68828125 0.2523148148148148 0.6958333333333333 0.24768518518518517 0.7020833333333333 0.24814814814814815
0 0.9276041666666667 0 0.9736979166666667 0 0.9893229166666667 0.022222222222222223 0.9947916666666666 0.037037037037037035 0.9921875 0.05 0.9841145833333333 0.06527777777777778 0.98046875 0.06666666666666667 0.9669270833333333 0.06111111111111111 0.9578125 0.04490740740740741 0.93984375 0.021296296296296296 0.9317708333333333 0.01574074074074074 0.9278645833333333 0.007407407407407408 0.9276041666666667 0.000462962962962963
0 0.853125 0.13194444444444445 0.8578125 0.13564814814814816 0.8596354166666667 0.1439814814814815 0.8604166666666667 0.20092592592592592 0.8575520833333333 0.22407407407407406 0.8486979166666667 0.2310185185185185 0.83828125 0.2300925925925926 0.83359375 0.22361111111111112 0.8330729166666667 0.14629629629629629 0.8359375 0.13287037037037036 0.8528645833333334 0.13194444444444445
0 0.8166666666666667 0.5472222222222223 0.8213541666666667 0.55 0.8236979166666667 0.5569444444444445 0.8263020833333333 0.5879629629629629 0.82578125 0.65 0.8244791666666667 0.6546296296296297 0.81796875 0.6587962962962963 0.8036458333333333 0.6574074074074074 0.79921875 0.6513888888888889 0.7979166666666667 0.575925925925926 0.8 0.549537037037037 0.80390625 0.5467592592592593 0.81640625 0.5472222222222223
0 0.8583333333333333 0.6884259259259259 0.865625 0.6907407407407408 0.86875 0.6953703703703704 0.8721354166666667 0.7138888888888889 0.8731770833333333 0.7944444444444444 0.8708333333333333 0.8055555555555556 0.86328125 0.8097222222222222 0.8479166666666667 0.8050925925925926 0.8442708333333333 0.7898148148148149 0.8450520833333334 0.7662037037037037 0.8427083333333333 0.7027777777777777 0.84765625 0.6916666666666667 0.8580729166666666 0.6884259259259259
0 0.9015625 0.4 0.9479166666666666 0.42407407407407405 0.9505208333333334 0.43148148148148147 0.9497395833333333 0.449537037037037 0.94296875 0.4666666666666667 0.9104166666666667 0.4564814814814815 0.8872395833333333 0.44305555555555554 0.8846354166666667 0.4310185185185185 0.8877604166666667 0.4078703703703704 0.8934895833333333 0.40046296296296297 0.9013020833333333 0.4
0 0.6606770833333333 0.9393518518518519 0.6645833333333333 0.9421296296296297 0.6705729166666666 0.9564814814814815 0.6708333333333333 0.999537037037037 0.6434895833333333 0.999537037037037 0.6440104166666667 0.95 0.6489583333333333 0.9412037037037037 0.6604166666666667 0.9393518518518519
0 0.815625 0.23564814814814813 0.8216145833333334 0.23935185185185184 0.8247395833333333 0.25462962962962965 0.82578125 0.2986111111111111 0.825 0.31805555555555554 0.8221354166666667 0.32222222222222224 0.81484375 0.324537037037037 0.8036458333333333 0.32175925925925924 0.80078125 0.3143518518518518 0.8018229166666667 0.2814814814814815 0.7994791666666666 0.25324074074074077 0.8 0.24537037037037038 0.803125 0.23842592592592593 0.8153645833333333 0.23564814814814813
0 0.5486979166666667 0.5319444444444444 0.5575520833333333 0.5342592592592592 0.5596354166666667 0.5388888888888889 0.56015625 0.625 0.5567708333333333 0.6444444444444445 0.5502604166666667 0.65 0.5361979166666667 0.6472222222222223 0.5322916666666667 0.6370370370370371 0.5354166666666667 0.5365740740740741 0.53984375 0.5324074074074074 0.5484375 0.5319444444444444
0 0.6239583333333333 0.5393518518518519 0.6296875 0.5425925925925926 0.63203125 0.55 0.6354166666666666 0.6402777777777777 0.6309895833333333 0.6546296296296297 0.6223958333333334 0.6578703703703703 0.6125 0.6564814814814814 0.6078125 0.6462962962962963 0.6044270833333333 0.5587962962962963 0.6057291666666667 0.5462962962962963 0.6088541666666667 0.5412037037037037 0.6236979166666666 0.5393518518518519
0 0.7416666666666667 0.2513888888888889 0.7486979166666666 0.2587962962962963 0.7515625 0.2722222222222222 0.7536458333333333 0.3351851851851852 0.7526041666666666 0.35185185185185186 0.74296875 0.35694444444444445 0.7333333333333333 0.3560185185185185 0.7286458333333333 0.3486111111111111 0.7255208333333333 0.27685185185185185 0.7265625 0.26342592592592595 0.7307291666666667 0.25462962962962965 0.74140625 0.2513888888888889
0 0.66484375 0.11944444444444445 0.6723958333333333 0.12268518518518519 0.6752604166666667 0.13333333333333333 0.6747395833333333 0.21342592592592594 0.671875 0.225 0.6625 0.23425925925925925 0.6505208333333333 0.22962962962962963 0.646875 0.2212962962962963 0.6466145833333333 0.2125 0.6510416666666666 0.12962962962962962 0.6546875 0.12175925925925926 0.6645833333333333 0.11944444444444445
0 0.7802083333333333 0.5486111111111112 0.7864583333333334 0.5527777777777778 0.7888020833333333 0.5615740740740741 0.7911458333333333 0.6351851851851852 0.7901041666666667 0.6476851851851851 0.7880208333333333 0.6523148148148148 0.7763020833333333 0.6560185185185186 0.7690104166666667 0.6541666666666667 0.765625 0.6467592592592593 0.7619791666666667 0.5606481481481481 0.7684895833333333 0.55 0.7799479166666666 0.5486111111111112
0 0.5893229166666667 0.11805555555555555 0.596875 0.12083333333333333 0.6002604166666666 0.12685185185185185 0.6005208333333333 0.19953703703703704 0.5989583333333334 0.21898148148148147 0.5940104166666667 0.2273148148148148 0.5888020833333333 0.2310185185185185 0.58046875 0.22916666666666666 0.57421875 0.2212962962962963 0.57265625 0.19583333333333333 0.5755208333333334 0.12638888888888888 0.5796875 0.11944444444444445 0.5890625 0.11805555555555555
0 0.9333333333333333 0.5481481481481482 0.9393229166666667 0.5504629629629629 0.94375 0.5574074074074075 0.9479166666666666 0.5916666666666667 0.9479166666666666 0.6601851851851852 0.9450520833333333 0.6699074074074074 0.93828125 0.6731481481481482 0.928125 0.6722222222222223 0.9216145833333333 0.6643518518518519 0.9171875 0.6138888888888889 0.9174479166666667 0.5574074074074075 0.9221354166666667 0.55 0.9330729166666667 0.5481481481481482
0 0.6979166666666666 0.6796296296296296 0.7091145833333333 0.6851851851851852 0.7122395833333334 0.6986111111111111 0.7109375 0.7930555555555555 0.7098958333333333 0.7967592592592593 0.7049479166666667 0.799537037037037 0.6893229166666667 0.7986111111111112 0.6833333333333333 0.7939814814814815 0.6817708333333333 0.7893518518518519 0.6854166666666667 0.6888888888888889 0.6893229166666667 0.6810185185185185 0.69765625 0.6796296296296296
0 0.7390625 0.6907407407407408 0.7442708333333333 0.6944444444444444 0.7466145833333333 0.7027777777777777 0.7502604166666667 0.7754629629629629 0.7479166666666667 0.7847222222222222 0.7416666666666667 0.787962962962963 0.728125 0.7875 0.725 0.7837962962962963 0.7203125 0.7212962962962963 0.7203125 0.6995370370370371 0.7221354166666667 0.6949074074074074 0.73046875 0.6902777777777778 0.7388020833333333 0.6907407407407408
0 0.5434895833333333 0.6736111111111112 0.5526041666666667 0.6791666666666667 0.5546875 0.6944444444444444 0.5541666666666667 0.7791666666666667 0.55078125 0.788425925925926 0.5453125 0.7921296296296296 0.5330729166666667 0.7898148148148149 0.5299479166666666 0.7856481481481481 0.528125 0.7773148148148148 0.5278645833333333 0.6833333333333333 0.5315104166666667 0.6759259259259259 0.5432291666666667 0.6736111111111112
0 0.7018229166666666 0.12083333333333333 0.7104166666666667 0.12638888888888888 0.7119791666666667 0.1537037037037037 0.7106770833333333 0.20925925925925926 0.7072916666666667 0.2162037037037037 0.7028645833333333 0.21851851851851853 0.6895833333333333 0.21712962962962962 0.6859375 0.20879629629629629 0.68671875 0.1300925925925926 0.68984375 0.12314814814814815 0.7015625 0.12083333333333333
0 0.665625 0.2638888888888889 0.6716145833333333 0.2689814814814815 0.6734375 0.2865740740740741 0.671875 0.3421296296296296 0.6692708333333334 0.34953703703703703 0.6651041666666667 0.3509259259259259 0.6505208333333333 0.35 0.6473958333333333 0.34675925925925927 0.646875 0.3402777777777778 0.6481770833333333 0.2726851851851852 0.6528645833333333 0.26435185185185184 0.6653645833333334 0.2638888888888889
0 0.8541666666666666 0.2462962962962963 0.8598958333333333 0.25277777777777777 0.8630208333333333 0.262037037037037 0.86640625 0.33287037037037037 0.8638020833333333 0.3486111111111111 0.8526041666666667 0.35185185185185186 0.8424479166666666 0.35 0.8401041666666667 0.3453703703703704 0.8346354166666666 0.26435185185185184 0.8348958333333333 0.25833333333333336 0.8416666666666667 0.24675925925925926 0.85390625 0.2462962962962963
0 0.7888020833333333 0.40046296296296297 0.8309895833333333 0.40694444444444444 0.840625 0.4115740740740741 0.84296875 0.42407407407407405 0.8419270833333333 0.4462962962962963 0.83828125 0.45185185185185184 0.8333333333333334 0.4537037037037037 0.7890625 0.449537037037037 0.77578125 0.44351851851851853 0.7721354166666666 0.4273148148148148 0.77421875 0.4111111111111111 0.7794270833333333 0.4023148148148148 0.7885416666666667 0.40046296296296297
0 0.7763020833333333 0.11574074074074074 0.7828125 0.11851851851851852 0.7841145833333333 0.12268518518518519 0.7864583333333334 0.1837962962962963 0.7846354166666667 0.20972222222222223 0.7817708333333333 0.21712962962962962 0.7763020833333333 0.22037037037037038 0.7671875 0.2175925925925926 0.7596354166666667 0.20694444444444443 0.7572916666666667 0.13842592592592592 0.75859375 0.125 0.7609375 0.11944444444444445 0.765625 0.1162037037037037 0.7760416666666666 0.11574074074074074
0 0.7578125 0.46064814814814814 0.7830729166666667 0.4671296296296296 0.8033854166666666 0.4773148148148148 0.8059895833333334 0.4837962962962963 0.80625 0.5018518518518519 0.80390625 0.5125 0.7979166666666667 0.5189814814814815 0.7653645833333333 0.5125 0.7434895833333334 0.5018518518518519 0.7408854166666666 0.4898148148148148 0.74453125 0.46620370370370373 0.7515625 0.4597222222222222 0.7575520833333333 0.46064814814814814
0 0.6283854166666667 0.23564814814814813 0.6356770833333333 0.24027777777777778 0.6388020833333333 0.2513888888888889 0.6380208333333334 0.300462962962963 0.63984375 0.32546296296296295 0.6369791666666667 0.3416666666666667 0.62734375 0.3476851851851852 0.61640625 0.3458333333333333 0.6127604166666667 0.33796296296296297 0.6111979166666667 0.2791666666666667 0.6125 0.2439814814814815 0.6184895833333334 0.23657407407407408 0.628125 0.23564814814814813
0 0.8940104166666667 0.5574074074074075 0.9049479166666666 0.5638888888888889 0.9072916666666667 0.5847222222222223 0.9072916666666667 0.6504629629629629 0.90234375 0.6652777777777777 0.8966145833333333 0.6671296296296296 0.8864583333333333 0.6662037037037037 0.88046875 0.6611111111111111 0.8783854166666667 0.6129629629629629 0.8794270833333333 0.5638888888888889 0.8833333333333333 0.5587962962962963 0.89375 0.5574074074074075
0 0.96328125 0.12175925925925926 0.97109375 0.12638888888888888 0.9752604166666666 0.13657407407407407 0.9765625 0.19768518518518519 0.975 0.22361111111111112 0.9703125 0.2310185185185185 0.9645833333333333 0.2337962962962963 0.95625 0.23148148148148148 0.9486979166666667 0.2199074074074074 0.94609375 0.15555555555555556 0.9463541666666667 0.14027777777777778 0.94921875 0.12962962962962962 0.9559895833333333 0.12222222222222222 0.9630208333333333 0.12175925925925926
0 0.7385416666666667 0.5351851851851852 0.74921875 0.5398148148148149 0.7513020833333334 0.562037037037037 0.75 0.6300925925925925 0.7484375 0.6361111111111111 0.7411458333333333 0.6407407407407407 0.7296875 0.6388888888888888 0.7252604166666666 0.6296296296296297 0.7260416666666667 0.5430555555555555 0.7283854166666667 0.5375 0.73828125 0.5351851851851852
0 0.62890625 0.10324074074074074 0.6346354166666667 0.10925925925925926 0.6369791666666667 0.11851851851851852 0.63828125 0.1587962962962963 0.6369791666666667 0.20277777777777778 0.6338541666666667 0.2111111111111111 0.6268229166666667 0.21574074074074073 0.61640625 0.21435185185185185 0.6122395833333333 0.20925925925925926 0.6098958333333333 0.1787037037037037 0.6122395833333333 0.1125 0.6192708333333333 0.10324074074074074 0.6286458333333333 0.10324074074074074
0 0.9604166666666667 0.2462962962962963 0.9674479166666666 0.24768518518518517 0.97421875 0.25555555555555554 0.9770833333333333 0.2851851851851852 0.9776041666666667 0.3263888888888889 0.9755208333333333 0.3476851851851852 0.9716145833333333 0.35694444444444445 0.96484375 0.36018518518518516 0.9510416666666667 0.35555555555555557 0.9458333333333333 0.34814814814814815 0.9442708333333333 0.3384259259259259 0.9458333333333333 0.262037037037037 0.9510416666666667 0.25046296296296294 0.96015625 0.2462962962962963
0 0.8557291666666667 0.5504629629629629 0.8666666666666667 0.5550925925925926 0.8692708333333333 0.5662037037037037 0.8653645833333333 0.6620370370370371 0.8606770833333334 0.6712962962962963 0.8567708333333334 0.6736111111111112 0.8411458333333334 0.6689814814814815 0.8380208333333333 0.6550925925925926 0.8419270833333333 0.5717592592592593 0.846875 0.5527777777777778 0.85546875 0.5504629629629629
0 0.66015625 0.6921296296296297 0.67265625 0.6949074074074074 0.6747395833333333 0.7064814814814815 0.6731770833333334 0.7865740740740741 0.6674479166666667 0.8018518518518518 0.6619791666666667 0.8069444444444445 0.6494791666666667 0.8041666666666667 0.6466145833333333 0.8 0.6450520833333333 0.788425925925926 0.6473958333333333 0.7041666666666667 0.65078125 0.6921296296296297 0.6598958333333333 0.6921296296296297
0 0.77890625 0.6787037037037037 0.7872395833333333 0.6819444444444445 0.7911458333333333 0.6981481481481482 0.7924479166666667 0.7828703703703703 0.7903645833333334 0.7925925925925926 0.7822916666666667 0.8018518518518518 0.7716145833333333 0.8004629629629629 0.765625 0.7930555555555555 0.76328125 0.7555555555555555 0.7627604166666667 0.6976851851851852 0.7640625 0.6851851851851852 0.76875 0.6791666666666667 0.7786458333333334 0.6787037037037037
0 0.5893229166666667 0.6884259259259259 0.59453125 0.6930555555555555 0.5963541666666666 0.7027777777777777 0.5966145833333333 0.7412037037037037 0.59453125 0.7564814814814815 0.5955729166666667 0.7712962962962963 0.5921875 0.8055555555555556 0.5880208333333333 0.812962962962963 0.5822916666666667 0.8152777777777778 0.5731770833333333 0.8138888888888889 0.5666666666666667 0.8041666666666667 0.5666666666666667 0.7870370370370371 0.5684895833333333 0.7796296296296297 0.5684895833333333 0.7129629629629629 0.5700520833333333 0.6958333333333333 0.57265625 0.6893518518518519 0.5794270833333334 0.6865740740740741 0.5890625 0.6884259259259259
0 0.90078125 0.25462962962962965 0.9049479166666666 0.2574074074074074 0.9083333333333333 0.26435185185185184 0.9138020833333333 0.2953703703703704 0.9122395833333333 0.30324074074074076 0.9127604166666666 0.35694444444444445 0.9104166666666667 0.362962962962963 0.9018229166666667 0.36712962962962964 0.8869791666666667 0.3648148148148148 0.8815104166666666 0.35462962962962963 0.8830729166666667 0.3055555555555556 0.8822916666666667 0.2935185185185185 0.87890625 0.28379629629629627 0.8809895833333333 0.26944444444444443 0.8854166666666666 0.25787037037037036 0.8916666666666667 0.25416666666666665 0.9005208333333333 0.25462962962962965
0 0.58984375 0.23935185185185184 0.6 0.2439814814814815 0.6015625 0.27175925925925926 0.6080729166666666 0.2726851851851852 0.6010416666666667 0.2986111111111111 0.60234375 0.34953703703703703 0.5979166666666667 0.3625 0.5903645833333333 0.36574074074074076 0.58125 0.36527777777777776 0.57578125 0.3574074074074074 0.5739583333333333 0.350462962962963 0.5734375 0.32314814814814813 0.5638020833333334 0.3055555555555556 0.5645833333333333 0.2962962962962963 0.5674479166666667 0.29583333333333334 0.57109375 0.30185185185185187 0.5739583333333333 0.29814814814814816 0.5744791666666667 0.2564814814814815 0.5768229166666666 0.2439814814814815 0.5895833333333333 0.23935185185185184
0 0.8190104166666666 0.6856481481481481 0.8252604166666667 0.6925925925925925 0.8260416666666667 0.6986111111111111 0.8260416666666667 0.7814814814814814 0.8247395833333333 0.7902777777777777 0.8145833333333333 0.7958333333333333 0.8044270833333333 0.7930555555555555 0.7997395833333333 0.7861111111111111 0.7981770833333334 0.6958333333333333 0.8046875 0.6856481481481481 0.81875 0.6856481481481481