0 0.8908854166666667 0.13194444444444445 0.8950520833333333 0.14166666666666666 0.896875 0.23055555555555557 0.89453125 0.24351851851851852 0.8856770833333333 0.24768518518518517 0.8744791666666667 0.24583333333333332 0.8697916666666666 0.23703703703703705 0.8690104166666667 0.18611111111111112 0.8661458333333333 0.1574074074074074 0.871875 0.1337962962962963 0.8830729166666667 0.1300925925925926 0.890625 0.13194444444444445
0 0.5486979166666667 0.6851851851851852 0.5536458333333333 0.6925925925925925 0.55546875 0.7652777777777777 0.553125 0.7907407407407407 0.5502604166666667 0.7972222222222223 0.5434895833333333 0.8018518518518518 0.5328125 0.799537037037037 0.5276041666666667 0.7898148148148149 0.5286458333333334 0.7305555555555555 0.5247395833333334 0.7087962962962963 0.5294270833333333 0.6888888888888889 0.5395833333333333 0.6828703703703703 0.5484375 0.6851851851851852
0 0.6283854166666667 0.6856481481481481 0.63203125 0.6912037037037037 0.6341145833333334 0.7060185185185185 0.6348958333333333 0.7759259259259259 0.6322916666666667 0.8106481481481481 0.6294270833333333 0.8175925925925925 0.6231770833333333 0.8199074074074074 0.6096354166666667 0.8180555555555555 0.6044270833333333 0.8064814814814815 0.6078125 0.7560185185185185 0.6075520833333333 0.7083333333333334 0.6091145833333333 0.6958333333333333 0.6125 0.6865740740740741 0.6161458333333333 0.6842592592592592 0.628125 0.6856481481481481
0 0.7421875 0.5449074074074074 0.7479166666666667 0.5481481481481482 0.75 0.5537037037037037 0.7497395833333333 0.6305555555555555 0.74765625 0.6439814814814815 0.7447916666666666 0.6481481481481481 0.7388020833333333 0.65 0.72734375 0.6476851851851851 0.72421875 0.6407407407407407 0.7247395833333333 0.5532407407407407 0.7296875 0.5453703703703704 0.7419270833333333 0.5449074074074074
0 0.21848958333333332 0.12037037037037036 0.22473958333333333 0.12685185185185185 0.22473958333333333 0.14166666666666666 0.21328125 0.2064814814814815 0.21041666666666667 0.21712962962962962 0.20651041666666667 0.2212962962962963 0.19010416666666666 0.21342592592592594 0.1890625 0.19537037037037036 0.19791666666666666 0.1412037037037037 0.20208333333333334 0.12638888888888888 0.20651041666666667 0.11990740740740741 0.21822916666666667 0.12037037037037036
0 0.70078125 0.12962962962962962 0.7065104166666667 0.13194444444444445 0.7091145833333333 0.13703703703703704 0.71015625 0.2125 0.7067708333333333 0.22407407407407406 0.6963541666666667 0.22824074074074074 0.6890625 0.22685185185185186 0.6854166666666667 0.22037037037037038 0.6854166666666667 0.1398148148148148 0.6885416666666667 0.13194444444444445 0.7005208333333334 0.12962962962962962
0 0.9619791666666667 0.1310185185185185 0.9723958333333333 0.14074074074074075 0.9747395833333333 0.16620370370370371 0.9744791666666667 0.22870370370370371 0.9708333333333333 0.23703703703703705 0.9640625 0.24212962962962964 0.9565104166666667 0.2412037037037037 0.94765625 0.2300925925925926 0.9440104166666666 0.1587962962962963 0.9450520833333333 0.1476851851851852 0.9494791666666667 0.13518518518518519 0.95390625 0.13148148148148148 0.96171875 0.1310185185185185
0 0.80859375 0.10972222222222222 0.8140625 0.11157407407407408 0.81875 0.11851851851851852 0.8221354166666667 0.14444444444444443 0.8221354166666667 0.19166666666666668 0.8184895833333333 0.20694444444444443 0.8114583333333333 0.2111111111111111 0.80078125 0.20972222222222223 0.7966145833333333 0.2064814814814815 0.7950520833333333 0.2013888888888889 0.7942708333333334 0.12731481481481483 0.8002604166666667 0.11203703703703703 0.8083333333333333 0.10972222222222222
0 0.85859375 0.6976851851851852 0.8666666666666667 0.7018518518518518 0.8708333333333333 0.7185185185185186 0.8723958333333334 0.8055555555555556 0.8697916666666666 0.8148148148148148 0.8635416666666667 0.8175925925925925 0.84765625 0.8143518518518519 0.8442708333333333 0.8069444444444445 0.8421875 0.7939814814814815 0.8440104166666667 0.7689814814814815 0.8408854166666667 0.7245370370370371 0.84140625 0.7097222222222223 0.846875 0.6995370370370371 0.8583333333333333 0.6976851851851852
0 0.8966145833333333 0.26296296296296295 0.90546875 0.26851851851851855 0.90859375 0.27870370370370373 0.909375 0.2935185185185185 0.9127604166666666 0.30277777777777776 0.9104166666666667 0.31296296296296294 0.9125 0.35138888888888886 0.9114583333333334 0.3648148148148148 0.9078125 0.3731481481481482 0.9015625 0.3763888888888889 0.88671875 0.375 0.8799479166666667 0.3611111111111111 0.8825520833333333 0.3421296296296296 0.88203125 0.3037037037037037 0.8776041666666666 0.29305555555555557 0.8778645833333333 0.28703703703703703 0.8838541666666667 0.26851851851851855 0.8890625 0.2638888888888889 0.8963541666666667 0.26296296296296295
0 0.01640625 0.4444444444444444 0.022916666666666665 0.44814814814814813 0.025260416666666667 0.4527777777777778 0.026822916666666665 0.47175925925925927 0.016927083333333332 0.5361111111111111 0.013541666666666667 0.5444444444444444 0.008854166666666666 0.5467592592592593 0 0.5458333333333333 0 0.45092592592592595 0.008333333333333333 0.44537037037037036 0.016145833333333335 0.4444444444444444
0 0.6236979166666666 0.5486111111111112 0.6299479166666667 0.5532407407407407 0.63203125 0.5643518518518519 0.6348958333333333 0.6398148148148148 0.6333333333333333 0.6578703703703703 0.6296875 0.6648148148148149 0.6239583333333333 0.6671296296296296 0.6119791666666666 0.6666666666666666 0.6080729166666666 0.6615740740740741 0.6057291666666667 0.6486111111111111 0.6036458333333333 0.5773148148148148 0.6057291666666667 0.5527777777777778 0.609375 0.549537037037037 0.6234375 0.5486111111111112
0 0.8536458333333333 0.5592592592592592 0.86484375 0.5634259259259259 0.86796875 0.5722222222222222 0.8677083333333333 0.6268518518518519 0.8651041666666667 0.6671296296296296 0.8609375 0.6796296296296296 0.8557291666666667 0.6824074074074075 0.8419270833333333 0.6791666666666667 0.83828125 0.6736111111111112 0.8372395833333334 0.6662037037037037 0.8411458333333334 0.5740740740740741 0.8453125 0.5615740740740741 0.8533854166666667 0.5592592592592592
0 0.7403645833333333 0.26064814814814813 0.7486979166666666 0.2689814814814815 0.7513020833333334 0.29212962962962963 0.7526041666666666 0.3587962962962963 0.7510416666666667 0.362962962962963 0.7453125 0.3662037037037037 0.73046875 0.362962962962963 0.7268229166666667 0.3476851851851852 0.7247395833333333 0.27546296296296297 0.7299479166666667 0.2638888888888889 0.7401041666666667 0.26064814814814813
0 0.6651041666666667 0.12916666666666668 0.6721354166666667 0.1337962962962963 0.6747395833333333 0.14675925925925926 0.6736979166666667 0.22962962962962963 0.67109375 0.2375 0.6604166666666667 0.2439814814814815 0.6505208333333333 0.24027777777777778 0.64609375 0.23055555555555557 0.6450520833333333 0.21944444444444444 0.6505208333333333 0.13657407407407407 0.6546875 0.12962962962962962 0.66484375 0.12916666666666668
0 0.9356770833333333 0.5574074074074075 0.9393229166666667 0.5601851851851852 0.9440104166666666 0.5717592592592593 0.9471354166666667 0.6222222222222222 0.9463541666666667 0.6708333333333333 0.9432291666666667 0.6782407407407407 0.93671875 0.6814814814814815 0.9247395833333333 0.6796296296296296 0.9190104166666667 0.6680555555555555 0.9151041666666667 0.575925925925926 0.915625 0.5671296296296297 0.9182291666666667 0.5611111111111111 0.9252604166666667 0.5569444444444445 0.9354166666666667 0.5574074074074075
0 0.5830729166666667 0.6958333333333333 0.5932291666666667 0.7013888888888888 0.5955729166666667 0.7064814814814815 0.5963541666666666 0.7166666666666667 0.5932291666666667 0.7611111111111111 0.5932291666666667 0.8069444444444445 0.5893229166666667 0.8212962962962963 0.58203125 0.825 0.57109375 0.8236111111111111 0.56640625 0.8148148148148148 0.5674479166666667 0.7814814814814814 0.5653645833333333 0.7555555555555555 0.5703125 0.7023148148148148 0.5744791666666667 0.6962962962962963 0.5828125 0.6958333333333333
0 0.7036458333333333 0.562962962962963 0.7109375 0.5657407407407408 0.71328125 0.5722222222222222 0.7143229166666667 0.6240740740740741 0.7130208333333333 0.6305555555555555 0.7005208333333334 0.6314814814814815 0.6916666666666667 0.6305555555555555 0.68984375 0.6263888888888889 0.69140625 0.6092592592592593 0.6901041666666666 0.5689814814814815 0.6921875 0.5648148148148148 0.7033854166666667 0.562962962962963
0 0.6997395833333333 0.6888888888888889 0.7078125 0.6935185185185185 0.7111979166666667 0.7092592592592593 0.7119791666666667 0.7550925925925925 0.7104166666666667 0.8037037037037037 0.70390625 0.8083333333333333 0.6885416666666667 0.8074074074074075 0.6833333333333333 0.8037037037037037 0.68125 0.7967592592592593 0.684375 0.6995370370370371 0.6888020833333334 0.6898148148148148 0.6994791666666667 0.6888888888888889
0 0.7380208333333333 0.6990740740740741 0.74453125 0.7060185185185185 0.7484375 0.7412037037037037 0.7486979166666666 0.7898148148148149 0.7450520833333333 0.7953703703703704 0.7401041666666667 0.7972222222222223 0.7270833333333333 0.7967592592592593 0.7236979166666667 0.7925925925925926 0.7203125 0.7560185185185185 0.7213541666666666 0.7435185185185185 0.7190104166666667 0.7106481481481481 0.7192708333333333 0.7064814814814815 0.7236979166666667 0.7013888888888888 0.7377604166666667 0.6990740740740741
0 0.85078125 0.14027777777777778 0.8559895833333333 0.14351851851851852 0.8578125 0.15231481481481482 0.8578125 0.2222222222222222 0.85546875 0.23472222222222222 0.8458333333333333 0.23935185185185184 0.83515625 0.2375 0.8315104166666667 0.22962962962962963 0.8330729166666667 0.17962962962962964 0.83203125 0.1537037037037037 0.8354166666666667 0.14212962962962963 0.8505208333333333 0.14027777777777778
0 0.6682291666666667 0.27546296296296297 0.6716145833333333 0.2828703703703704 0.6723958333333333 0.2953703703703704 0.6705729166666666 0.35324074074074074 0.66875 0.3587962962962963 0.66328125 0.36018518518518516 0.6513020833333333 0.36018518518518516 0.64609375 0.35555555555555557 0.6463541666666667 0.2898148148148148 0.6473958333333333 0.2796296296296296 0.65078125 0.2740740740740741 0.6598958333333333 0.2722222222222222 0.66796875 0.27546296296296297
0 0.853125 0.25462962962962965 0.8596354166666667 0.26342592592592595 0.86171875 0.2726851851851852 0.8653645833333333 0.33287037037037037 0.8630208333333333 0.3574074074074074 0.85703125 0.36018518518518516 0.8421875 0.3597222222222222 0.8385416666666666 0.35555555555555557 0.8338541666666667 0.28425925925925927 0.834375 0.2652777777777778 0.8380208333333333 0.2574074074074074 0.8440104166666667 0.25416666666666665 0.8528645833333334 0.25462962962962965
0 0.59609375 0.26064814814814813 0.59921875 0.2652777777777778 0.60078125 0.2875 0.5994791666666667 0.3662037037037037 0.5958333333333333 0.37962962962962965 0.5890625 0.38425925925925924 0.57578125 0.38101851851851853 0.56953125 0.3638888888888889 0.5739583333333333 0.2763888888888889 0.5744791666666667 0.2689814814814815 0.578125 0.26064814814814813 0.584375 0.25833333333333336 0.5958333333333333 0.26064814814814813
0 0.5481770833333334 0.5416666666666666 0.55703125 0.5439814814814815 0.559375 0.5486111111111112 0.5578125 0.6472222222222223 0.55546875 0.6550925925925926 0.54921875 0.6597222222222222 0.53515625 0.6564814814814814 0.5328125 0.6532407407407408 0.5315104166666667 0.6412037037037037 0.5346354166666667 0.5652777777777778 0.53359375 0.5462962962962963 0.5372395833333333 0.5421296296296296 0.5479166666666667 0.5416666666666666
0 0.7033854166666667 0.25787037037037036 0.7088541666666667 0.262037037037037 0.7109375 0.26851851851851855 0.7109375 0.35324074074074074 0.7098958333333333 0.3592592592592593 0.7015625 0.36342592592592593 0.6932291666666667 0.3625 0.68671875 0.35648148148148145 0.6848958333333334 0.2833333333333333 0.6854166666666667 0.2657407407407407 0.6880208333333333 0.2601851851851852 0.6955729166666667 0.2569444444444444 0.703125 0.25787037037037036
0 0.6283854166666667 0.2449074074074074 0.6341145833333334 0.24814814814814815 0.6372395833333333 0.25555555555555554 0.6388020833333333 0.32407407407407407 0.6372395833333333 0.3486111111111111 0.6283854166666667 0.35694444444444445 0.6158854166666666 0.35555555555555557 0.61171875 0.34629629629629627 0.6106770833333334 0.26851851851851855 0.6114583333333333 0.25462962962962965 0.6143229166666667 0.24768518518518517 0.628125 0.2449074074074074
0 0.8947916666666667 0.5666666666666667 0.9018229166666667 0.5703703703703704 0.9044270833333333 0.575925925925926 0.9067708333333333 0.6282407407407408 0.9057291666666667 0.6615740740740741 0.90078125 0.6726851851851852 0.8958333333333334 0.6754629629629629 0.8838541666666667 0.6736111111111112 0.8799479166666667 0.6685185185185185 0.8770833333333333 0.625462962962963 0.87890625 0.5712962962962963 0.8830729166666667 0.5671296296296297 0.89453125 0.5666666666666667
0 0.6596354166666667 0.9791666666666666 0.6658854166666667 0.9833333333333333 0.6705729166666666 0.9935185185185185 0.67109375 0.999537037037037 0.6424479166666667 0.999537037037037 0.6434895833333333 0.9893518518518518 0.64609375 0.9842592592592593 0.659375 0.9791666666666666
0 0.62890625 0.11296296296296296 0.6338541666666667 0.11990740740740741 0.6354166666666666 0.12685185185185185 0.6369791666666667 0.1837962962962963 0.634375 0.21666666666666667 0.625 0.22453703703703703 0.6130208333333333 0.2222222222222222 0.6104166666666667 0.21574074074074073 0.6088541666666667 0.1925925925925926 0.61015625 0.12916666666666668 0.6122395833333333 0.11898148148148148 0.6166666666666667 0.11342592592592593 0.6221354166666667 0.1111111111111111 0.6286458333333333 0.11296296296296296
0 0.9604166666666667 0.2550925925925926 0.9674479166666666 0.2574074074074074 0.97265625 0.26435185185185184 0.9760416666666667 0.29305555555555557 0.9744791666666667 0.35694444444444445 0.9716145833333333 0.3638888888888889 0.96328125 0.3685185185185185 0.9494791666666667 0.3648148148148148 0.9432291666666667 0.3486111111111111 0.9455729166666667 0.30787037037037035 0.9434895833333333 0.28194444444444444 0.94453125 0.2689814814814815 0.9494791666666667 0.2587962962962963 0.96015625 0.2550925925925926
0 0.7809895833333333 0.687962962962963 0.7869791666666667 0.6907407407407408 0.78984375 0.7032407407407407 0.7921875 0.7819444444444444 0.78984375 0.8013888888888889 0.7822916666666667 0.8106481481481481 0.7674479166666667 0.8074074074074075 0.7630208333333334 0.7967592592592593 0.7625 0.7902777777777777 0.7619791666666667 0.7083333333333334 0.7635416666666667 0.6962962962962963 0.7658854166666667 0.6898148148148148 0.7807291666666667 0.687962962962963
0 0.778125 0.5569444444444445 0.7846354166666667 0.5606481481481481 0.7875 0.5666666666666667 0.790625 0.6347222222222222 0.78828125 0.6578703703703703 0.7841145833333333 0.6625 0.77578125 0.6648148148148149 0.7684895833333333 0.662962962962963 0.76328125 0.65 0.76171875 0.6231481481481481 0.76328125 0.6064814814814815 0.7606770833333333 0.5717592592592593 0.76171875 0.5657407407407408 0.765625 0.5597222222222222 0.7778645833333333 0.5569444444444445
0 0.6231770833333333 0.42407407407407405 0.6268229166666667 0.4263888888888889 0.6377604166666667 0.44583333333333336 0.64140625 0.45740740740740743 0.6578125 0.49074074074074076 0.6622395833333333 0.5037037037037037 0.6614583333333334 0.5166666666666667 0.6513020833333333 0.5328703703703703 0.6440104166666667 0.5328703703703703 0.609375 0.4615740740740741 0.60703125 0.4532407407407407 0.60859375 0.4393518518518518 0.6192708333333333 0.425 0.6229166666666667 0.42453703703703705
0 0.9979166666666667 0 0.9997395833333333 0 0.9997395833333333 0.06296296296296296 0.9981770833333333 0.06296296296296296 0.9947916666666666 0.02638888888888889 0.9947916666666666 0.014351851851851852 0.9979166666666667 0.000462962962962963
0 0.5940104166666667 0.12916666666666668 0.5981770833333333 0.13333333333333333 0.5997395833333333 0.14027777777777778 0.59921875 0.2199074074074074 0.5955729166666667 0.2337962962962963 0.5890625 0.23935185185185184 0.5765625 0.23703703703703705 0.5716145833333334 0.22361111111111112 0.5736979166666667 0.1439814814814815 0.5744791666666667 0.13518518518518519 0.5776041666666667 0.12962962962962962 0.58515625 0.12731481481481483 0.59375 0.12916666666666668
0 0.6567708333333333 0.7013888888888888 0.6684895833333333 0.7027777777777777 0.6731770833333334 0.712037037037037 0.6713541666666667 0.7967592592592593 0.6692708333333334 0.8074074074074075 0.66171875 0.8157407407407408 0.64765625 0.8125 0.6442708333333333 0.7976851851851852 0.6458333333333334 0.7162037037037037 0.64921875 0.7027777777777777 0.6565104166666667 0.7013888888888888
0 0.7125 0.3851851851851852 0.7526041666666666 0.3907407407407407 0.7552083333333334 0.3972222222222222 0.7549479166666667 0.42685185185185187 0.7528645833333333 0.43287037037037035 0.74765625 0.4351851851851852 0.7018229166666666 0.43194444444444446 0.6950520833333333 0.4287037037037037 0.6927083333333334 0.4185185185185185 0.6927083333333334 0.40324074074074073 0.6953125 0.3902777777777778 0.70234375 0.3851851851851852 0.7122395833333334 0.3851851851851852
0 0.74140625 0.09861111111111111 0.7466145833333333 0.10324074074074074 0.7494791666666667 0.11527777777777778 0.7481770833333333 0.19907407407407407 0.7450520833333333 0.21435185185185185 0.7356770833333334 0.2199074074074074 0.7231770833333333 0.2175925925925926 0.7192708333333333 0.20972222222222223 0.721875 0.16203703703703703 0.7208333333333333 0.1259259259259259 0.72265625 0.10925925925925926 0.7265625 0.10138888888888889 0.7322916666666667 0.09814814814814815 0.7411458333333333 0.09861111111111111
0 0.8161458333333333 0.5564814814814815 0.82265625 0.5638888888888889 0.8255208333333334 0.6027777777777777 0.8247395833333333 0.6606481481481481 0.8174479166666667 0.6675925925925926 0.8028645833333333 0.6666666666666666 0.7984375 0.6611111111111111 0.7989583333333333 0.6162037037037037 0.7966145833333333 0.5814814814814815 0.796875 0.5675925925925925 0.8002604166666667 0.5578703703703703 0.8158854166666667 0.5564814814814815
0 0.8145833333333333 0.24444444444444444 0.81953125 0.24722222222222223 0.8221354166666667 0.25324074074074077 0.8244791666666667 0.2800925925925926 0.82421875 0.324537037037037 0.8221354166666667 0.33101851851851855 0.81640625 0.3333333333333333 0.80390625 0.33287037037037037 0.80078125 0.32916666666666666 0.8 0.32407407407407407 0.7997395833333333 0.2518518518518518 0.80390625 0.24537037037037038 0.8143229166666667 0.24444444444444444
0 0.77734375 0.24212962962962964 0.7872395833333333 0.25092592592592594 0.7901041666666667 0.2652777777777778 0.78984375 0.3421296296296296 0.7864583333333334 0.35185185185185186 0.7796875 0.3537037037037037 0.76875 0.3527777777777778 0.7643229166666666 0.3453703703703704 0.7614583333333333 0.28194444444444444 0.7622395833333333 0.2569444444444444 0.7640625 0.24953703703703703 0.77109375 0.24259259259259258 0.7770833333333333 0.24212962962962964
0 0.7796875 0.12731481481481483 0.7833333333333333 0.13657407407407407 0.7859375 0.1736111111111111 0.7841145833333333 0.21851851851851853 0.7825520833333334 0.22407407407407406 0.7729166666666667 0.23055555555555557 0.765625 0.22685185185185186 0.76328125 0.21944444444444444 0.7583333333333333 0.21481481481481482 0.7567708333333333 0.1398148148148148 0.75859375 0.13055555555555556 0.7622395833333333 0.12685185185185185 0.7794270833333333 0.12731481481481483
0 0.5643229166666667 0.8537037037037037 0.5690104166666666 0.8555555555555555 0.571875 0.8629629629629629 0.5731770833333333 0.887962962962963 0.5708333333333333 0.8981481481481481 0.5598958333333334 0.9041666666666667 0.5213541666666667 0.9115740740740741 0.5119791666666667 0.9115740740740741 0.5067708333333333 0.9050925925925926 0.5044270833333333 0.8810185185185185 0.5072916666666667 0.8671296296296296 0.51875 0.8611111111111112 0.5640625 0.8537037037037037
0 0.8151041666666666 0.6935185185185185 0.8213541666666667 0.6967592592592593 0.8236979166666667 0.7013888888888888 0.8263020833333333 0.7458333333333333 0.8244791666666667 0.7930555555555555 0.8216145833333334 0.8009259259259259 0.81484375 0.8050925925925926 0.80546875 0.8037037037037037 0.7997395833333333 0.7962962962962963 0.79921875 0.7328703703703704 0.7971354166666667 0.7097222222222223 0.8010416666666667 0.6962962962962963 0.81484375 0.6935185185185185