0 0.8872395833333333 0.11574074074074074 0.8947916666666667 0.11851851851851852 0.8973958333333333 0.12407407407407407 0.90078125 0.17685185185185184 0.8986979166666667 0.22407407407407406 0.8955729166666667 0.22962962962962963 0.8888020833333333 0.23287037037037037 0.8770833333333333 0.23194444444444445 0.8721354166666667 0.22314814814814815 0.87109375 0.19768518518518519 0.8723958333333334 0.1787037037037037 0.8697916666666666 0.1486111111111111 0.8731770833333333 0.12268518518518519 0.8770833333333333 0.1175925925925926 0.8869791666666667 0.11574074074074074
0 0.6630208333333333 0.6884259259259259 0.6739583333333333 0.6930555555555555 0.6763020833333333 0.7148148148148148 0.6744791666666666 0.7814814814814814 0.671875 0.7935185185185185 0.6684895833333333 0.799537037037037 0.6630208333333333 0.8023148148148148 0.65 0.8004629629629629 0.646875 0.7935185185185185 0.64609375 0.7824074074074074 0.6481770833333333 0.7449074074074075 0.6471354166666666 0.7273148148148149 0.6502604166666667 0.6916666666666667 0.6515625 0.6884259259259259 0.6627604166666666 0.6884259259259259
0 0.7763020833333333 0.1111111111111111 0.78359375 0.11388888888888889 0.7859375 0.12268518518518519 0.7880208333333333 0.18009259259259258 0.78671875 0.2013888888888889 0.784375 0.20972222222222223 0.7731770833333333 0.2162037037037037 0.7614583333333333 0.20925925925925926 0.7604166666666666 0.15046296296296297 0.7583333333333333 0.12916666666666668 0.7591145833333334 0.12129629629629629 0.7622395833333333 0.11435185185185186 0.7760416666666666 0.1111111111111111
0 0.9638020833333333 0.11574074074074074 0.9708333333333333 0.11898148148148148 0.9763020833333333 0.12685185185185185 0.978125 0.19953703703703704 0.9770833333333333 0.21851851851851853 0.9703125 0.2263888888888889 0.9651041666666667 0.22777777777777777 0.95625 0.22546296296296298 0.9513020833333333 0.21805555555555556 0.94921875 0.2074074074074074 0.9481770833333333 0.17592592592592593 0.9489583333333333 0.12962962962962962 0.9533854166666667 0.11944444444444445 0.9635416666666666 0.11574074074074074
0 0.8174479166666667 0.09722222222222222 0.8231770833333333 0.10925925925925926 0.8247395833333333 0.15787037037037038 0.82265625 0.18888888888888888 0.82109375 0.19305555555555556 0.8145833333333333 0.19675925925925927 0.8036458333333333 0.19583333333333333 0.79765625 0.18888888888888888 0.7984375 0.15833333333333333 0.7963541666666667 0.11435185185185186 0.8 0.10185185185185185 0.8036458333333333 0.09675925925925925 0.8171875 0.09722222222222222
0 0.8200520833333333 0.5435185185185185 0.8244791666666667 0.55 0.8260416666666667 0.5606481481481481 0.8270833333333333 0.6402777777777777 0.8244791666666667 0.6509259259259259 0.815625 0.6546296296296297 0.80390625 0.6527777777777778 0.8002604166666667 0.6476851851851851 0.7986979166666667 0.5564814814814815 0.8002604166666667 0.5481481481481482 0.80390625 0.5435185185185185 0.8197916666666667 0.5435185185185185
0 0.7427083333333333 0.24675925925925926 0.7486979166666666 0.25092592592592594 0.7520833333333333 0.2587962962962963 0.7549479166666667 0.33055555555555555 0.753125 0.3486111111111111 0.74296875 0.3523148148148148 0.7341145833333333 0.35185185185185186 0.7302083333333333 0.34444444444444444 0.7265625 0.2722222222222222 0.7270833333333333 0.26157407407407407 0.7309895833333333 0.25092592592592594 0.7424479166666667 0.24675925925925926
0 0.5510416666666667 0.5282407407407408 0.5606770833333333 0.5333333333333333 0.559375 0.5856481481481481 0.5609375 0.600925925925926 0.5588541666666667 0.637962962962963 0.55625 0.6435185185185185 0.5510416666666667 0.6462962962962963 0.5377604166666666 0.6439814814814815 0.5346354166666667 0.6398148148148148 0.5330729166666667 0.6300925925925925 0.5359375 0.5324074074074074 0.53984375 0.5282407407407408 0.55078125 0.5282407407407408
0 0.6270833333333333 0.5356481481481481 0.6315104166666666 0.5398148148148149 0.63359375 0.5513888888888889 0.6364583333333333 0.6342592592592593 0.6333333333333333 0.6486111111111111 0.6234375 0.6550925925925926 0.6127604166666667 0.6532407407407408 0.60859375 0.6435185185185185 0.6065104166666667 0.6129629629629629 0.6057291666666667 0.5462962962962963 0.6080729166666666 0.5388888888888889 0.6119791666666666 0.5361111111111111 0.6268229166666667 0.5356481481481481
0 0.859375 0.6847222222222222 0.8700520833333333 0.6907407407407408 0.87265625 0.7037037037037037 0.8739583333333333 0.7296296296296296 0.8739583333333333 0.7967592592592593 0.86953125 0.8037037037037037 0.86328125 0.8046296296296296 0.8486979166666667 0.8004629629629629 0.84453125 0.7828703703703703 0.84453125 0.6958333333333333 0.8489583333333334 0.687037037037037 0.8591145833333333 0.6847222222222222
0 0.6666666666666666 0.11435185185185186 0.67421875 0.11898148148148148 0.6765625 0.12824074074074074 0.67578125 0.19074074074074074 0.67734375 0.21388888888888888 0.6734375 0.22361111111111112 0.66171875 0.2300925925925926 0.6502604166666667 0.22361111111111112 0.64765625 0.21574074074074073 0.6473958333333333 0.2050925925925926 0.6520833333333333 0.12407407407407407 0.6567708333333333 0.11574074074074074 0.66640625 0.11435185185185186
0 0.7794270833333333 0.5435185185185185 0.7864583333333334 0.5472222222222223 0.78984375 0.5564814814814815 0.7919270833333333 0.6296296296296297 0.7890625 0.6476851851851851 0.7770833333333333 0.6518518518518519 0.7690104166666667 0.6481481481481481 0.765625 0.6398148148148148 0.7661458333333333 0.6018518518518519 0.7630208333333334 0.5587962962962963 0.7645833333333333 0.5513888888888889 0.76796875 0.5467592592592593 0.7791666666666667 0.5435185185185185
0 0.5963541666666666 0.11435185185185186 0.6013020833333333 0.12314814814814815 0.6010416666666667 0.19953703703703704 0.5986979166666667 0.2162037037037037 0.5953125 0.2222222222222222 0.5903645833333333 0.225 0.5815104166666667 0.22453703703703703 0.5744791666666667 0.21296296296296297 0.57578125 0.1259259259259259 0.5765625 0.11898148148148148 0.5809895833333333 0.11435185185185186 0.59609375 0.11435185185185186
0 0.59140625 0.2351851851851852 0.6002604166666666 0.2375 0.6026041666666667 0.26157407407407407 0.60234375 0.3453703703703704 0.59921875 0.35648148148148145 0.59296875 0.36064814814814816 0.5815104166666667 0.36018518518518516 0.57734375 0.35509259259259257 0.5744791666666667 0.34629629629629627 0.5770833333333333 0.2412037037037037 0.5786458333333333 0.23703703703703705 0.5911458333333334 0.2351851851851852
0 0.85625 0.9888888888888889 0.8638020833333333 0.9912037037037037 0.8682291666666667 0.999537037037037 0.8421875 0.999537037037037 0.8453125 0.9907407407407407 0.8559895833333333 0.9888888888888889
0 0.9359375 0.5430555555555555 0.9434895833333333 0.55 0.94765625 0.5671296296296297 0.9497395833333333 0.6476851851851851 0.9489583333333333 0.6578703703703703 0.94609375 0.6648148148148149 0.9359375 0.6685185185185185 0.9263020833333333 0.6662037037037037 0.9216145833333333 0.6574074074074074 0.9177083333333333 0.5634259259259259 0.9182291666666667 0.5523148148148148 0.92109375 0.5476851851851852 0.9356770833333333 0.5430555555555555
0 0.8953125 0.5527777777777778 0.9036458333333334 0.5560185185185185 0.9067708333333333 0.5611111111111111 0.9091145833333333 0.611574074074074 0.9067708333333333 0.6481481481481481 0.9015625 0.6611111111111111 0.8979166666666667 0.6625 0.8872395833333333 0.6615740740740741 0.8825520833333333 0.6578703703703703 0.8796875 0.6180555555555556 0.88046875 0.5601851851851852 0.8861979166666667 0.5537037037037037 0.8950520833333333 0.5527777777777778
0 0.7018229166666666 0.6759259259259259 0.7098958333333333 0.6805555555555556 0.71328125 0.6944444444444444 0.7122395833333334 0.7870370370370371 0.7109375 0.7930555555555555 0.7057291666666666 0.7953703703703704 0.6885416666666667 0.7930555555555555 0.684375 0.7888888888888889 0.6830729166666667 0.7828703703703703 0.6861979166666666 0.6856481481481481 0.6901041666666666 0.6773148148148148 0.7015625 0.6759259259259259
0 0.74140625 0.6865740740740741 0.7455729166666667 0.6912037037037037 0.7484375 0.7046296296296296 0.7513020833333334 0.7699074074074074 0.7489583333333333 0.7805555555555556 0.740625 0.7842592592592592 0.7299479166666667 0.7837962962962963 0.72578125 0.7787037037037037 0.72109375 0.6972222222222222 0.7263020833333333 0.687962962962963 0.7411458333333333 0.6865740740740741
0 0.85546875 0.12638888888888888 0.859375 0.13055555555555556 0.8609375 0.14027777777777778 0.8606770833333334 0.21064814814814814 0.8572916666666667 0.2222222222222222 0.8463541666666666 0.22546296296296298 0.83828125 0.22361111111111112 0.834375 0.21712962962962962 0.8348958333333333 0.13333333333333333 0.8385416666666666 0.12638888888888888 0.8552083333333333 0.12638888888888888
0 0.8565104166666667 0.24166666666666667 0.8635416666666667 0.2523148148148148 0.8658854166666666 0.2722222222222222 0.86796875 0.3282407407407407 0.86640625 0.3398148148148148 0.8640625 0.3439814814814815 0.8515625 0.34675925925925927 0.8421875 0.3439814814814815 0.83984375 0.33611111111111114 0.8364583333333333 0.2537037037037037 0.8385416666666666 0.2462962962962963 0.8453125 0.24074074074074073 0.85625 0.24166666666666667
0 0.74765625 0.025925925925925925 0.75859375 0.03611111111111111 0.759375 0.050462962962962966 0.7434895833333334 0.13287037037037036 0.7395833333333334 0.14444444444444443 0.7354166666666667 0.14675925925925926 0.7200520833333334 0.13935185185185187 0.7171875 0.13287037037037036 0.7166666666666667 0.12407407407407407 0.7229166666666667 0.08703703703703704 0.734375 0.0375 0.73984375 0.026851851851851852 0.7473958333333334 0.025925925925925925
0 0.7174479166666666 0.3712962962962963 0.7518229166666667 0.375 0.7598958333333333 0.3787037037037037 0.7622395833333333 0.38564814814814813 0.7619791666666667 0.4074074074074074 0.76015625 0.41805555555555557 0.7559895833333333 0.4217592592592593 0.7268229166666667 0.42083333333333334 0.70625 0.41805555555555557 0.7015625 0.4148148148148148 0.6989583333333333 0.4060185185185185 0.7005208333333334 0.37962962962962965 0.7049479166666667 0.3731481481481482 0.7171875 0.3712962962962963
0 0.6302083333333334 0.23055555555555557 0.6380208333333334 0.23657407407407408 0.640625 0.2652777777777778 0.6395833333333333 0.3347222222222222 0.6377604166666667 0.3398148148148148 0.6315104166666666 0.34305555555555556 0.6200520833333333 0.3425925925925926 0.6153645833333333 0.33935185185185185 0.6125 0.31851851851851853 0.6138020833333333 0.2962962962962963 0.6127604166666667 0.24074074074074073 0.6158854166666666 0.23287037037037037 0.6299479166666667 0.23055555555555557
0 0.36822916666666666 0.9564814814814815 0.37213541666666666 0.9657407407407408 0.371875 0.999537037037037 0.3458333333333333 0.999537037037037 0.3450520833333333 0.9953703703703703 0.34713541666666664 0.9694444444444444 0.35078125 0.9587962962962963 0.3546875 0.9555555555555556 0.36796875 0.9564814814814815
0 0.88359375 0.837037037037037 0.9268229166666667 0.8393518518518519 0.9369791666666667 0.8444444444444444 0.9411458333333333 0.8629629629629629 0.93984375 0.8800925925925925 0.9361979166666666 0.8870370370370371 0.9294270833333333 0.888425925925926 0.8796875 0.8865740740740741 0.86953125 0.8814814814814815 0.8661458333333333 0.8736111111111111 0.8669270833333333 0.8453703703703703 0.8729166666666667 0.8375 0.8833333333333333 0.837037037037037
0 0.6619791666666667 0.9662037037037037 0.6716145833333333 0.9787037037037037 0.6739583333333333 0.999537037037037 0.6447916666666667 0.999537037037037 0.6447916666666667 0.9856481481481482 0.64765625 0.9712962962962963 0.65234375 0.9666666666666667 0.66171875 0.9662037037037037
0 0.740625 0.5310185185185186 0.7479166666666667 0.5342592592592592 0.7515625 0.5402777777777777 0.75234375 0.575462962962963 0.75078125 0.6263888888888889 0.7484375 0.6333333333333333 0.7393229166666667 0.6370370370370371 0.7307291666666667 0.6347222222222222 0.7270833333333333 0.6305555555555555 0.7263020833333333 0.6083333333333333 0.72734375 0.537962962962963 0.7302083333333333 0.5328703703703703 0.7403645833333333 0.5310185185185186
0 0.6299479166666667 0.09768518518518518 0.63515625 0.1037037037037037 0.6372395833333333 0.11203703703703703 0.6390625 0.15462962962962962 0.6375 0.19953703703703704 0.634375 0.20694444444444443 0.6270833333333333 0.21064814814814814 0.6161458333333333 0.20879629629629629 0.61171875 0.19953703703703704 0.61171875 0.12037037037037036 0.6125 0.1087962962962963 0.6161458333333333 0.10138888888888889 0.62265625 0.09675925925925925 0.6296875 0.09768518518518518
0 0.9643229166666667 0.24074074074074073 0.9723958333333333 0.2439814814814815 0.97578125 0.2490740740740741 0.9791666666666666 0.2847222222222222 0.9776041666666667 0.3388888888888889 0.9736979166666667 0.35 0.9651041666666667 0.3541666666666667 0.9515625 0.35 0.9453125 0.3347222222222222 0.9484375 0.2935185185185185 0.9481770833333333 0.2763888888888889 0.94609375 0.2689814814814815 0.946875 0.25833333333333336 0.9526041666666667 0.24444444444444444 0.9640625 0.24074074074074073
0 0.8557291666666667 0.5458333333333333 0.8674479166666667 0.5504629629629629 0.8700520833333333 0.5560185185185185 0.8708333333333333 0.5662037037037037 0.8671875 0.6513888888888889 0.8638020833333333 0.6643518518518519 0.8588541666666667 0.6685185185185185 0.8447916666666667 0.6662037037037037 0.840625 0.6606481481481481 0.8390625 0.6541666666666667 0.8434895833333333 0.562037037037037 0.8481770833333333 0.5476851851851852 0.85546875 0.5458333333333333
0 0.6625 0.25787037037037036 0.6705729166666666 0.2611111111111111 0.6736979166666667 0.2708333333333333 0.6729166666666667 0.3402777777777778 0.6716145833333333 0.3449074074074074 0.6684895833333333 0.34629629629629627 0.65078125 0.3458333333333333 0.64765625 0.33611111111111114 0.6494791666666667 0.2657407407407407 0.653125 0.2601851851851852 0.6622395833333333 0.25787037037037036
0 0.703125 0.24351851851851852 0.71171875 0.25 0.7140625 0.28194444444444444 0.7125 0.3388888888888889 0.7106770833333333 0.34629629629629627 0.7065104166666667 0.3490740740740741 0.6924479166666667 0.3476851851851852 0.6890625 0.3439814814814815 0.6880208333333333 0.33796296296296297 0.68671875 0.2902777777777778 0.6880208333333333 0.2518518518518518 0.6927083333333334 0.24444444444444444 0.7028645833333333 0.24351851851851852
0 0.6234375 0.6726851851851852 0.6309895833333333 0.6773148148148148 0.6354166666666666 0.6893518518518519 0.6377604166666667 0.7550925925925925 0.634375 0.7962962962962963 0.6307291666666667 0.8041666666666667 0.6239583333333333 0.8069444444444445 0.6125 0.8046296296296296 0.60625 0.7935185185185185 0.6080729166666666 0.7708333333333334 0.60703125 0.7351851851851852 0.6091145833333333 0.6962962962962963 0.6111979166666667 0.6819444444444445 0.6138020833333333 0.6763888888888889 0.6231770833333333 0.6726851851851852
0 0.709375 0.55 0.7140625 0.5537037037037037 0.7158854166666667 0.5675925925925925 0.7158854166666667 0.6134259259259259 0.7135416666666666 0.6175925925925926 0.6950520833333333 0.6175925925925926 0.6916666666666667 0.6129629629629629 0.6934895833333333 0.5953703703703703 0.6921875 0.5537037037037037 0.6979166666666666 0.55 0.7091145833333333 0.55
0 0.78671875 0.6759259259259259 0.7908854166666667 0.6819444444444445 0.7927083333333333 0.7023148148148148 0.7934895833333333 0.7759259259259259 0.78984375 0.7935185185185185 0.7807291666666667 0.7981481481481482 0.7690104166666667 0.7935185185185185 0.765625 0.7833333333333333 0.76640625 0.7620370370370371 0.7645833333333333 0.749537037037037 0.7640625 0.6925925925925925 0.7653645833333333 0.6796296296296296 0.76796875 0.6754629629629629 0.7864583333333334 0.6759259259259259
0 0.7059895833333333 0.1162037037037037 0.7096354166666666 0.11851851851851852 0.7111979166666667 0.125 0.7122395833333334 0.19814814814814816 0.7098958333333333 0.20879629629629629 0.70234375 0.21388888888888888 0.6919270833333333 0.21342592592592594 0.6875 0.20694444444444443 0.6877604166666667 0.12546296296296297 0.6888020833333334 0.11990740740740741 0.6927083333333334 0.1162037037037037 0.7057291666666666 0.1162037037037037
0 0.5471354166666667 0.6708333333333333 0.5518229166666667 0.674074074074074 0.5541666666666667 0.6814814814814815 0.55703125 0.7657407407407407 0.5518229166666667 0.7842592592592592 0.5434895833333333 0.7888888888888889 0.5341145833333333 0.7861111111111111 0.5291666666666667 0.7759259259259259 0.528125 0.6856481481481481 0.5294270833333333 0.6773148148148148 0.5325520833333334 0.6731481481481482 0.53984375 0.6699074074074074 0.546875 0.6708333333333333
0 0.8151041666666666 0.2300925925925926 0.8208333333333333 0.2324074074074074 0.8236979166666667 0.2375 0.8268229166666666 0.2722222222222222 0.82578125 0.31342592592592594 0.81796875 0.3189814814814815 0.8065104166666667 0.3189814814814815 0.8018229166666667 0.3111111111111111 0.80078125 0.2439814814814815 0.80390625 0.2324074074074074 0.81484375 0.2300925925925926
0 0.7799479166666666 0.22824074074074074 0.78828125 0.23425925925925925 0.7924479166666667 0.2513888888888889 0.7921875 0.324537037037037 0.7893229166666667 0.33564814814814814 0.7833333333333333 0.3398148148148148 0.7690104166666667 0.3375 0.7658854166666667 0.3277777777777778 0.76484375 0.3111111111111111 0.7651041666666667 0.24027777777777778 0.7690104166666667 0.2324074074074074 0.7796875 0.22824074074074074
0 0.89921875 0.24861111111111112 0.9049479166666666 0.25046296296296294 0.9080729166666667 0.2550925925925926 0.9114583333333334 0.26481481481481484 0.9153645833333334 0.2898148148148148 0.9138020833333333 0.29953703703703705 0.9151041666666667 0.3226851851851852 0.9140625 0.3523148148148148 0.9098958333333333 0.3597222222222222 0.9002604166666667 0.3625 0.8901041666666667 0.3611111111111111 0.8833333333333333 0.3523148148148148 0.8830729166666667 0.3365740740740741 0.8861979166666667 0.32731481481481484 0.88359375 0.287962962962963 0.8796875 0.2800925925925926 0.8799479166666667 0.27361111111111114 0.8872395833333333 0.25277777777777777 0.8903645833333333 0.24953703703703703 0.8989583333333333 0.24861111111111112
0 0.5888020833333333 0.4078703703703704 0.6346354166666667 0.44583333333333336 0.6359375 0.4527777777777778 0.63359375 0.46944444444444444 0.63125 0.48055555555555557 0.62734375 0.4847222222222222 0.6145833333333334 0.4810185185185185 0.60625 0.47175925925925927 0.57109375 0.44722222222222224 0.56875 0.4324074074074074 0.57421875 0.4111111111111111 0.5778645833333333 0.40694444444444444 0.5885416666666666 0.4078703703703704
0 0.5888020833333333 0.6837962962962963 0.5947916666666667 0.6884259259259259 0.596875 0.6953703703703704 0.5958333333333333 0.7310185185185185 0.5973958333333333 0.7481481481481481 0.5932291666666667 0.8009259259259259 0.5908854166666667 0.8069444444444445 0.5856770833333333 0.8106481481481481 0.57109375 0.8069444444444445 0.56796875 0.7967592592592593 0.5671875 0.7828703703703703 0.56953125 0.774074074074074 0.56796875 0.7546296296296297 0.5721354166666667 0.6888888888888889 0.578125 0.6833333333333333 0.5885416666666666 0.6837962962962963
0 0.8143229166666667 0.6800925925925926 0.82578125 0.687037037037037 0.8278645833333333 0.7097222222222223 0.82734375 0.7791666666666667 0.825 0.7865740740740741 0.8166666666666667 0.7921296296296296 0.8046875 0.788425925925926 0.7997395833333333 0.7726851851851851 0.80234375 0.7217592592592592 0.8002604166666667 0.6888888888888889 0.8046875 0.6819444444444445 0.8140625 0.6800925925925926