0 0.8872395833333333 0.12361111111111112 0.8940104166666667 0.12731481481481483 0.8955729166666667 0.1337962962962963 0.8986979166666667 0.2 0.8955729166666667 0.2351851851851852 0.8927083333333333 0.2388888888888889 0.88359375 0.2412037037037037 0.8731770833333333 0.2375 0.86953125 0.22407407407407406 0.8705729166666667 0.1912037037037037 0.86875 0.15555555555555556 0.8697916666666666 0.1375 0.8723958333333334 0.1287037037037037 0.8768229166666667 0.12453703703703704 0.8869791666666667 0.12361111111111112
0 0.8130208333333333 0.10324074074074074 0.8190104166666666 0.11157407407407408 0.8208333333333333 0.11898148148148148 0.8231770833333333 0.14675925925925926 0.8229166666666666 0.1712962962962963 0.8205729166666667 0.19583333333333333 0.8182291666666667 0.20092592592592592 0.8111979166666666 0.20462962962962963 0.8015625 0.20324074074074075 0.79609375 0.19583333333333333 0.7971354166666667 0.16666666666666666 0.7940104166666667 0.12638888888888888 0.8002604166666667 0.10601851851851851 0.8127604166666667 0.10324074074074074
0 0.62890625 0.6847222222222222 0.6338541666666667 0.6944444444444444 0.6359375 0.725925925925926 0.6341145833333334 0.7976851851851852 0.6299479166666667 0.8106481481481481 0.6205729166666667 0.8134259259259259 0.61015625 0.8106481481481481 0.6049479166666667 0.8009259259259259 0.6059895833333333 0.7791666666666667 0.60390625 0.7481481481481481 0.60546875 0.7203703703703703 0.60859375 0.6944444444444444 0.61171875 0.687037037037037 0.6190104166666667 0.6837962962962963 0.6286458333333333 0.6847222222222222
0 0.74140625 0.25416666666666665 0.7486979166666666 0.262037037037037 0.7515625 0.2796296296296296 0.7533854166666667 0.3472222222222222 0.7510416666666667 0.35509259259259257 0.740625 0.3587962962962963 0.7315104166666667 0.35648148148148145 0.728125 0.3486111111111111 0.7268229166666667 0.29305555555555557 0.7244791666666667 0.2726851851851852 0.7302083333333333 0.2569444444444444 0.7411458333333333 0.25416666666666665
0 0.41848958333333336 0.09305555555555556 0.43255208333333334 0.11018518518518519 0.43255208333333334 0.12268518518518519 0.41171875 0.18009259259259258 0.4049479166666667 0.1875 0.4 0.18611111111111112 0.3927083333333333 0.17777777777777778 0.39036458333333335 0.17175925925925925 0.390625 0.16157407407407406 0.3984375 0.13333333333333333 0.41119791666666666 0.09861111111111111 0.41484375 0.09305555555555556 0.41822916666666665 0.09305555555555556
0 0.7059895833333333 0.2523148148148148 0.7111979166666667 0.2611111111111111 0.7114583333333333 0.3458333333333333 0.70859375 0.3523148148148148 0.70078125 0.35555555555555557 0.6908854166666667 0.35324074074074074 0.6875 0.3472222222222222 0.6854166666666667 0.2675925925925926 0.6864583333333333 0.25787037037037036 0.6890625 0.2523148148148148 0.7057291666666666 0.2523148148148148
0 0.9932291666666667 0.011111111111111112 0.9997395833333333 0.018055555555555554 0.9997395833333333 0.0763888888888889 0.9979166666666667 0.07685185185185185 0.9979166666666667 0.08564814814814815 0.9997395833333333 0.08611111111111111 0.9997395833333333 0.1259259259259259 0.9942708333333333 0.12314814814814815 0.9869791666666666 0.11342592592592593 0.9864583333333333 0.09675925925925925 0.9783854166666667 0.06342592592592593 0.97109375 0.04351851851851852 0.9705729166666667 0.031018518518518518 0.9736979166666667 0.02175925925925926 0.9838541666666667 0.011574074074074073 0.99296875 0.011111111111111112
0 0.8510416666666667 0.1337962962962963 0.8565104166666667 0.13703703703703704 0.859375 0.14444444444444443 0.8591145833333333 0.21481481481481482 0.8559895833333333 0.22777777777777777 0.8458333333333333 0.23333333333333334 0.8348958333333333 0.23055555555555557 0.8322916666666667 0.22361111111111112 0.8325520833333333 0.1439814814814815 0.8354166666666667 0.13518518518518519 0.85078125 0.1337962962962963
0 0.81171875 0.549074074074074 0.8182291666666667 0.5504629629629629 0.82265625 0.5569444444444445 0.8255208333333334 0.5879629629629629 0.825 0.6541666666666667 0.821875 0.6587962962962963 0.8145833333333333 0.6615740740740741 0.803125 0.6597222222222222 0.7986979166666667 0.6518518518518519 0.7994791666666666 0.6171296296296296 0.7971354166666667 0.5814814814814815 0.7981770833333334 0.5578703703703703 0.8010416666666667 0.5504629629629629 0.8114583333333333 0.549074074074074
0 0.8627604166666667 0.6916666666666667 0.8677083333333333 0.6962962962962963 0.8708333333333333 0.7064814814814815 0.8731770833333333 0.7615740740740741 0.8721354166666667 0.8037037037037037 0.8697916666666666 0.8092592592592592 0.8638020833333333 0.812037037037037 0.8520833333333333 0.8111111111111111 0.8463541666666666 0.8046296296296296 0.8440104166666667 0.7902777777777777 0.84453125 0.7402777777777778 0.8419270833333333 0.7199074074074074 0.8427083333333333 0.7027777777777777 0.84609375 0.6962962962962963 0.8515625 0.6921296296296297 0.8625 0.6916666666666667
0 0.9119791666666667 0.4050925925925926 0.95078125 0.42685185185185187 0.9565104166666667 0.43425925925925923 0.9575520833333333 0.4439814814814815 0.9557291666666666 0.4597222222222222 0.9513020833333333 0.4708333333333333 0.9466145833333334 0.47314814814814815 0.91796875 0.46111111111111114 0.8921875 0.44212962962962965 0.89140625 0.43194444444444446 0.8973958333333333 0.40694444444444444 0.9041666666666667 0.40324074074074073 0.91171875 0.4050925925925926
0 0.63203125 0.23935185185185184 0.6364583333333333 0.24444444444444444 0.63828125 0.25416666666666665 0.6369791666666667 0.29305555555555557 0.6388020833333333 0.32546296296296295 0.6372395833333333 0.3435185185185185 0.6294270833333333 0.35 0.6158854166666666 0.3490740740740741 0.6119791666666666 0.3416666666666667 0.6114583333333333 0.25092592592592594 0.6130208333333333 0.2439814814814815 0.6200520833333333 0.23796296296296296 0.6317708333333333 0.23935185185185184
0 0.5458333333333333 0.5342592592592592 0.55625 0.5370370370370371 0.559375 0.5416666666666666 0.5578125 0.6018518518518519 0.5588541666666667 0.6314814814814815 0.5565104166666667 0.6472222222222223 0.5502604166666667 0.6527777777777778 0.5361979166666667 0.65 0.5317708333333333 0.6402777777777777 0.534375 0.5972222222222222 0.5348958333333333 0.5393518518518519 0.5361979166666667 0.5361111111111111 0.5455729166666666 0.5342592592592592
0 0.621875 0.5416666666666666 0.6291666666666667 0.5453703703703704 0.6315104166666666 0.5532407407407407 0.6346354166666667 0.6092592592592593 0.6338541666666667 0.6504629629629629 0.6302083333333334 0.6574074074074074 0.62421875 0.6601851851851852 0.6127604166666667 0.6597222222222222 0.6083333333333333 0.6541666666666667 0.6046875 0.5953703703703703 0.6044270833333333 0.5546296296296296 0.6057291666666667 0.5476851851851852 0.6096354166666667 0.5430555555555555 0.6216145833333333 0.5416666666666666
0 0.6622395833333333 0.12175925925925926 0.671875 0.125 0.6747395833333333 0.13425925925925927 0.67421875 0.19583333333333333 0.6755208333333333 0.20555555555555555 0.6736979166666667 0.22546296296296298 0.6625 0.23657407407407408 0.65078125 0.2337962962962963 0.6473958333333333 0.22870370370370371 0.6455729166666667 0.22037037037037038 0.65078125 0.1300925925925926 0.6546875 0.12361111111111112 0.6619791666666667 0.12175925925925926
0 0.77890625 0.5504629629629629 0.7875 0.5587962962962963 0.7903645833333334 0.6023148148148149 0.7901041666666667 0.6472222222222223 0.7877604166666666 0.6541666666666667 0.7802083333333333 0.6583333333333333 0.7716145833333333 0.6578703703703703 0.7653645833333333 0.65 0.76171875 0.5925925925925926 0.76328125 0.5574074074074075 0.7690104166666667 0.5518518518518518 0.7786458333333334 0.5504629629629629
0 0.85625 0.5532407407407407 0.8669270833333333 0.5583333333333333 0.8690104166666667 0.5703703703703704 0.8661458333333333 0.6583333333333333 0.86328125 0.6689814814814815 0.8565104166666667 0.6759259259259259 0.8419270833333333 0.6722222222222223 0.8385416666666666 0.6662037037037037 0.8375 0.6564814814814814 0.8419270833333333 0.5685185185185185 0.8473958333333333 0.5546296296296296 0.8559895833333333 0.5532407407407407
0 0.58515625 0.12037037037037036 0.5973958333333333 0.12314814814814815 0.6 0.1300925925925926 0.6002604166666666 0.19953703703703704 0.5979166666666667 0.22314814814814815 0.5919270833333333 0.23148148148148148 0.58359375 0.23287037037037037 0.5778645833333333 0.2300925925925926 0.5723958333333333 0.2199074074074074 0.5744791666666667 0.13055555555555556 0.5770833333333333 0.12314814814814815 0.5848958333333333 0.12083333333333333
0 0.8927083333333333 0.5597222222222222 0.9018229166666667 0.562962962962963 0.9052083333333333 0.5675925925925925 0.9078125 0.6398148148148148 0.9046875 0.6638888888888889 0.9002604166666667 0.6689814814814815 0.8942708333333333 0.6699074074074074 0.88359375 0.6680555555555555 0.88046875 0.663425925925926 0.8783854166666667 0.6148148148148148 0.8791666666666667 0.5657407407407408 0.88359375 0.5611111111111111 0.8924479166666667 0.5597222222222222
0 0.7072916666666667 0.5564814814814815 0.7114583333333333 0.5587962962962963 0.71328125 0.5643518518518519 0.7145833333333333 0.5972222222222222 0.7145833333333333 0.6199074074074075 0.7127604166666667 0.6240740740740741 0.7075520833333333 0.625 0.6924479166666667 0.624537037037037 0.6901041666666666 0.6189814814814815 0.6916666666666667 0.5939814814814814 0.690625 0.5611111111111111 0.6950520833333333 0.5569444444444445 0.70703125 0.5564814814814815
0 0.7015625 0.6828703703703703 0.7083333333333334 0.6875 0.7119791666666667 0.6990740740740741 0.7106770833333333 0.7898148148148149 0.71015625 0.7967592592592593 0.70625 0.8009259259259259 0.6885416666666667 0.8 0.6838541666666667 0.7972222222222223 0.6815104166666667 0.7916666666666666 0.6848958333333334 0.6916666666666667 0.6895833333333333 0.6833333333333333 0.7013020833333333 0.6828703703703703
0 0.73828125 0.6930555555555555 0.7427083333333333 0.6953703703703704 0.74609375 0.7055555555555556 0.7497395833333333 0.7763888888888889 0.7479166666666667 0.7870370370370371 0.73515625 0.7907407407407407 0.7270833333333333 0.7902777777777777 0.7239583333333334 0.7851851851851852 0.71953125 0.7050925925925926 0.7203125 0.6995370370370371 0.7234375 0.6958333333333333 0.7380208333333333 0.6930555555555555
0 0.9005208333333333 0.2569444444444444 0.9078125 0.2657407407407407 0.9138020833333333 0.2962962962962963 0.9119791666666667 0.30787037037037035 0.9130208333333333 0.350462962962963 0.9109375 0.362962962962963 0.8986979166666667 0.36944444444444446 0.8875 0.36712962962962964 0.8809895833333333 0.3560185185185185 0.88046875 0.3486111111111111 0.8833333333333333 0.3351851851851852 0.8830729166666667 0.3194444444444444 0.8817708333333333 0.29398148148148145 0.878125 0.28564814814814815 0.8846354166666667 0.26064814814814813 0.88984375 0.2569444444444444 0.9002604166666667 0.2569444444444444
0 0.7770833333333333 0.11851851851851852 0.7807291666666667 0.11990740740740741 0.7838541666666666 0.1259259259259259 0.78671875 0.17824074074074073 0.7859375 0.20277777777777778 0.7825520833333334 0.21712962962962962 0.7734375 0.22314814814814815 0.7640625 0.22037037037037038 0.7627604166666667 0.21342592592592594 0.7583333333333333 0.20972222222222223 0.7565104166666666 0.14027777777777778 0.7583333333333333 0.12685185185185185 0.7614583333333333 0.12083333333333333 0.7768229166666667 0.11851851851851852
0 0.96171875 0.12407407407407407 0.9700520833333334 0.12824074074074074 0.9734375 0.13333333333333333 0.9755208333333333 0.15787037037037038 0.9752604166666666 0.22361111111111112 0.9713541666666666 0.23194444444444445 0.9651041666666667 0.2351851851851852 0.95234375 0.2310185185185185 0.946875 0.2175925925925926 0.9481770833333333 0.19907407407407407 0.94609375 0.19027777777777777 0.94609375 0.14166666666666666 0.9481770833333333 0.13287037037037036 0.95234375 0.12638888888888888 0.9614583333333333 0.12407407407407407
0 0.9369791666666667 0.5513888888888889 0.940625 0.5537037037037037 0.9447916666666667 0.5638888888888889 0.9473958333333333 0.6069444444444444 0.9473958333333333 0.6625 0.9447916666666667 0.6708333333333333 0.9385416666666667 0.674537037037037 0.9252604166666667 0.6726851851851852 0.9208333333333333 0.6657407407407407 0.9174479166666667 0.6226851851851852 0.9192708333333334 0.6050925925925926 0.9158854166666667 0.5745370370370371 0.91640625 0.5606481481481481 0.9203125 0.5527777777777778 0.92734375 0.55 0.93671875 0.5513888888888889
0 0.6604166666666667 0.9578703703703704 0.6645833333333333 0.9601851851851851 0.6705729166666666 0.9740740740740741 0.6708333333333333 0.999537037037037 0.6432291666666666 0.999537037037037 0.64296875 0.9768518518518519 0.6458333333333334 0.9634259259259259 0.6505208333333333 0.9583333333333334 0.66015625 0.9578703703703704
0 0.85234375 0.24768518518518517 0.85859375 0.25324074074074077 0.8622395833333333 0.2625 0.8661458333333333 0.3351851851851852 0.86328125 0.35138888888888886 0.8502604166666666 0.3541666666666667 0.8421875 0.3527777777777778 0.83984375 0.3476851851851852 0.834375 0.26296296296296295 0.83671875 0.25462962962962965 0.8408854166666667 0.25 0.8520833333333333 0.24768518518518517
0 0.7809895833333333 0.23657407407407408 0.7859375 0.24074074074074073 0.78984375 0.2523148148148148 0.7903645833333334 0.3287037037037037 0.7875 0.3435185185185185 0.7796875 0.3472222222222222 0.7690104166666667 0.3453703703703704 0.7643229166666666 0.33796296296296297 0.7622395833333333 0.2675925925925926 0.7627604166666667 0.2513888888888889 0.765625 0.24166666666666667 0.77265625 0.23564814814814813 0.7807291666666667 0.23657407407407408
0 0.74140625 0.537962962962963 0.7486979166666666 0.5416666666666666 0.7502604166666667 0.5462962962962963 0.7515625 0.6027777777777777 0.7486979166666666 0.6370370370370371 0.73984375 0.6435185185185185 0.7315104166666667 0.6425925925925926 0.72578125 0.6375 0.72578125 0.6101851851851852 0.7239583333333334 0.5981481481481481 0.7260416666666667 0.5430555555555555 0.7309895833333333 0.538425925925926 0.7411458333333333 0.537962962962963
0 0.6270833333333333 0.10462962962962963 0.6348958333333333 0.11203703703703703 0.6372395833333333 0.13240740740740742 0.6377604166666667 0.16157407407407406 0.6359375 0.2064814814814815 0.6322916666666667 0.21388888888888888 0.625 0.2175925925925926 0.6153645833333333 0.2162037037037037 0.6104166666666667 0.20694444444444443 0.6119791666666666 0.13703703703703704 0.6109375 0.11851851851851852 0.6125 0.11157407407407408 0.6158854166666666 0.10740740740740741 0.6268229166666667 0.10462962962962963
0 0.9653645833333333 0.24953703703703703 0.9705729166666667 0.2523148148148148 0.97421875 0.2587962962962963 0.9768229166666667 0.2865740740740741 0.975 0.3486111111111111 0.9716145833333333 0.3592592592592593 0.9651041666666667 0.3625 0.9588541666666667 0.3625 0.9494791666666667 0.35648148148148145 0.9440104166666666 0.3421296296296296 0.9455729166666667 0.30972222222222223 0.9440104166666666 0.2726851851851852 0.94609375 0.262037037037037 0.9520833333333333 0.25092592592592594 0.9651041666666667 0.24953703703703703
0 0.6643229166666667 0.2652777777777778 0.67109375 0.2722222222222222 0.67265625 0.29212962962962963 0.67109375 0.3458333333333333 0.6684895833333333 0.35185185185185186 0.6653645833333334 0.35324074074074074 0.6505208333333333 0.3527777777777778 0.6463541666666667 0.3453703703703704 0.64765625 0.27361111111111114 0.6513020833333333 0.26666666666666666 0.6640625 0.2652777777777778
0 0.66171875 0.6939814814814815 0.6713541666666667 0.6976851851851852 0.6736979166666667 0.7027777777777777 0.6723958333333333 0.788425925925926 0.66875 0.8027777777777778 0.66328125 0.8087962962962963 0.6505208333333333 0.8078703703703703 0.646875 0.8037037037037037 0.6450520833333333 0.7944444444444444 0.6471354166666666 0.6990740740740741 0.6505208333333333 0.6939814814814815 0.6614583333333334 0.6939814814814815
0 0.6890625 0.4050925925925926 0.6994791666666667 0.42268518518518516 0.721875 0.4791666666666667 0.721875 0.49398148148148147 0.71328125 0.5064814814814815 0.7072916666666667 0.5101851851851852 0.7028645833333333 0.5087962962962963 0.69609375 0.4976851851851852 0.68203125 0.4652777777777778 0.6708333333333333 0.43194444444444446 0.67109375 0.4217592592592593 0.6752604166666667 0.4134259259259259 0.6825520833333333 0.4060185185185185 0.6888020833333334 0.4050925925925926
0 0.7822916666666667 0.6824074074074075 0.7880208333333333 0.6875 0.7903645833333334 0.6981481481481482 0.7921875 0.7837962962962963 0.7877604166666666 0.799537037037037 0.7809895833333333 0.8046296296296296 0.7682291666666666 0.8009259259259259 0.7640625 0.7907407407407407 0.7625 0.6990740740740741 0.7653645833333333 0.6842592592592592 0.78203125 0.6824074074074075
0 0.7013020833333333 0.12314814814814815 0.70859375 0.1259259259259259 0.71015625 0.13148148148148148 0.7106770833333333 0.2064814814814815 0.7078125 0.2175925925925926 0.6981770833333333 0.2212962962962963 0.6901041666666666 0.2199074074074074 0.6854166666666667 0.21064814814814814 0.6859375 0.13287037037037036 0.6895833333333333 0.12546296296296297 0.7010416666666667 0.12314814814814815
0 0.5453125 0.6768518518518518 0.5502604166666667 0.6796296296296296 0.5536458333333333 0.6875 0.5552083333333333 0.7685185185185185 0.55234375 0.7870370370370371 0.5447916666666667 0.7949074074074074 0.5361979166666667 0.7944444444444444 0.5291666666666667 0.787962962962963 0.5260416666666666 0.7481481481481481 0.52734375 0.6856481481481481 0.5322916666666667 0.6782407407407407 0.5450520833333333 0.6768518518518518
0 0.8197916666666667 0.23981481481481481 0.8221354166666667 0.24444444444444444 0.8244791666666667 0.26342592592592595 0.8255208333333334 0.3148148148148148 0.8229166666666666 0.32407407407407407 0.8130208333333333 0.3263888888888889 0.8052083333333333 0.32546296296296295 0.8013020833333333 0.32037037037037036 0.8015625 0.2796296296296296 0.7989583333333333 0.25416666666666665 0.8002604166666667 0.24444444444444444 0.80390625 0.23935185185185184 0.8151041666666666 0.2375 0.81953125 0.23981481481481481
0 0.5890625 0.24166666666666667 0.5979166666666667 0.24537037037037038 0.5997395833333333 0.25 0.6 0.2689814814814815 0.6091145833333333 0.2759259259259259 0.6072916666666667 0.2773148148148148 0.6013020833333333 0.29907407407407405 0.6010416666666667 0.35555555555555557 0.5971354166666667 0.362962962962963 0.5911458333333334 0.3675925925925926 0.5796875 0.36666666666666664 0.5744791666666667 0.3592592592592593 0.5729166666666666 0.3287037037037037 0.5640625 0.31296296296296294 0.5627604166666667 0.30694444444444446 0.5640625 0.29814814814814816 0.57109375 0.2986111111111111 0.57421875 0.29259259259259257 0.5739583333333333 0.2662037037037037 0.5763020833333333 0.24675925925925926 0.58125 0.24259259259259258 0.5888020833333333 0.24166666666666667
0 0.5817708333333333 0.6888888888888889 0.5934895833333333 0.6949074074074074 0.59609375 0.7087962962962963 0.59296875 0.8018518518518518 0.5888020833333333 0.8152777777777778 0.5822916666666667 0.8185185185185185 0.5734375 0.8171296296296297 0.5671875 0.8101851851851852 0.565625 0.7916666666666666 0.5674479166666667 0.7754629629629629 0.5651041666666666 0.7587962962962963 0.5671875 0.7486111111111111 0.5705729166666667 0.6953703703703704 0.5736979166666667 0.6907407407407408 0.5815104166666667 0.6888888888888889
0 0.8002604166666667 0.4027777777777778 0.8403645833333333 0.41388888888888886 0.8424479166666666 0.4199074074074074 0.8424479166666666 0.4449074074074074 0.83984375 0.4527777777777778 0.8322916666666667 0.45694444444444443 0.7846354166666667 0.45231481481481484 0.7760416666666666 0.44675925925925924 0.7721354166666666 0.43287037037037035 0.77265625 0.41759259259259257 0.77578125 0.4083333333333333 0.7799479166666666 0.4041666666666667 0.8 0.4027777777777778
0 0.8140625 0.687037037037037 0.8203125 0.6888888888888889 0.825 0.6944444444444444 0.8260416666666667 0.7212962962962963 0.8252604166666667 0.7888888888888889 0.82265625 0.7944444444444444 0.8145833333333333 0.7986111111111112 0.8020833333333334 0.7935185185185185 0.7979166666666667 0.7763888888888889 0.7997395833333333 0.7384259259259259 0.7986979166666667 0.6953703703703704 0.8026041666666667 0.6888888888888889 0.8138020833333334 0.687037037037037