0 0.1109375 0.337037037037037 0.057291666666666664 0.040740740740740744
0 0.42864583333333334 0.28888888888888886 0.05520833333333333 0.040740740740740744
0 0.115625 0.287962962962963 0.052083333333333336 0.04259259259259259
0 0.9390625 0.3888888888888889 0.065625 0.040740740740740744
0 0.9380208333333333 0.5777777777777777 0.05520833333333333 0.040740740740740744
0 0.7578125 0.337037037037037 0.05520833333333333 0.040740740740740744
0 0.9317708333333333 0.25 0.04895833333333333 0.037037037037037035
0 0.7125 0.5361111111111111 0.0625 0.03888888888888889
0 0.5895833333333333 0.24259259259259258 0.06041666666666667 0.04814814814814815
0 0.9432291666666667 0.4361111111111111 0.06145833333333333 0.03888888888888889
0 0.42864583333333334 0.7759259259259259 0.057291666666666664 0.040740740740740744
0 0.8760416666666667 0.4324074074074074 0.058333333333333334 0.046296296296296294
0 0.8854166666666666 0.48518518518518516 0.06666666666666667 0.037037037037037035
0 0.21614583333333334 0.575 0.051041666666666666 0.03888888888888889
0 0.2677083333333333 0.3351851851851852 0.052083333333333336 0.037037037037037035
0 0.7010416666666667 0.24259259259259258 0.05416666666666667 0.044444444444444446
0 0.7604166666666666 0.8712962962962963 0.06666666666666667 0.04259259259259259
0 0.8828125 0.5342592592592592 0.06145833333333333 0.03888888888888889
0 0.7067708333333333 0.725925925925926 0.051041666666666666 0.040740740740740744
0 0.8755208333333333 0.34444444444444444 0.057291666666666664 0.040740740740740744
0 0.2708333333333333 0.24351851851851852 0.05416666666666667 0.03888888888888889
0 0.9489583333333333 0.8805555555555555 0.06354166666666666 0.05925925925925926
0 0.275 0.575925925925926 0.05 0.040740740740740744
0 0.5989583333333334 0.5824074074074074 0.05416666666666667 0.03888888888888889
0 0.7661458333333333 0.725 0.05520833333333333 0.03148148148148148
0 0.27239583333333334 0.2916666666666667 0.051041666666666666 0.03888888888888889
0 0.375 0.3888888888888889 0.05 0.040740740740740744
0 0.5958333333333333 0.5324074074074074 0.06458333333333334 0.046296296296296294
0 0.3703125 0.8222222222222222 0.053125 0.040740740740740744
0 0.5390625 0.725 0.065625 0.04259259259259259
0 0.59375 0.7805555555555556 0.0625 0.04259259259259259
0 0.9369791666666667 0.6259259259259259 0.06145833333333333 0.040740740740740744
0 0.940625 0.2962962962962963 0.05416666666666667 0.040740740740740744
0 0.11822916666666666 0.4351851851851852 0.057291666666666664 0.037037037037037035
0 0.8744791666666667 0.2574074074074074 0.05520833333333333 0.040740740740740744
0 0.4354166666666667 0.575 0.05416666666666667 0.03888888888888889
0 0.9302083333333333 0.20555555555555555 0.05 0.040740740740740744
0 0.7630208333333334 0.5796296296296296 0.057291666666666664 0.040740740740740744
0 0.7619791666666667 0.39351851851851855 0.06145833333333333 0.04259259259259259
0 0.9442708333333333 0.7731481481481481 0.057291666666666664 0.03888888888888889
0 0.1015625 0.8703703703703703 0.059375 0.040740740740740744
0 0.11302083333333333 0.38425925925925924 0.05520833333333333 0.03888888888888889
0 0.5375 0.387037037037037 0.05625 0.040740740740740744
0 0.5380208333333333 0.4861111111111111 0.06145833333333333 0.04259259259259259
0 0.37447916666666664 0.6277777777777778 0.051041666666666666 0.044444444444444446
0 0.7619791666666667 0.18888888888888888 0.07604166666666666 0.05185185185185185
0 0.8822916666666667 0.5777777777777777 0.05 0.037037037037037035
0 0.2140625 0.6240740740740741 0.051041666666666666 0.040740740740740744
0 0.5328125 0.825925925925926 0.059375 0.044444444444444446
0 0.7640625 0.6351851851851852 0.059375 0.040740740740740744
0 0.11041666666666666 0.674074074074074 0.05416666666666667 0.040740740740740744
0 0.10572916666666667 0.7712962962962963 0.04895833333333333 0.03518518518518519
0 0.11354166666666667 0.48055555555555557 0.04791666666666667 0.03888888888888889
0 0.0546875 0.48333333333333334 0.05520833333333333 0.037037037037037035
0 0.4015625 0.8814814814814815 0.09270833333333334 0.05185185185185185
0 0.43072916666666666 0.43148148148148147 0.05520833333333333 0.037037037037037035
0 0.4317708333333333 0.7166666666666667 0.06145833333333333 0.040740740740740744
0 0.7598958333333333 0.24537037037037038 0.04895833333333333 0.03888888888888889
0 0.05572916666666667 0.43425925925925923 0.051041666666666666 0.03888888888888889
0 0.2635416666666667 0.37962962962962965 0.058333333333333334 0.040740740740740744
0 0.7671875 0.6814814814814815 0.06145833333333333 0.037037037037037035
0 0.26614583333333336 0.4351851851851852 0.04895833333333333 0.037037037037037035
0 0.5385416666666667 0.4351851851851852 0.05416666666666667 0.040740740740740744
0 0.4317708333333333 0.38425925925925924 0.057291666666666664 0.03888888888888889
0 0.05 0.5277777777777778 0.05625 0.037037037037037035
0 0.8859375 0.7722222222222223 0.051041666666666666 0.037037037037037035
0 0.049479166666666664 0.7175925925925926 0.051041666666666666 0.03148148148148148
0 0.5947916666666667 0.8268518518518518 0.058333333333333334 0.03888888888888889
0 0.5322916666666667 0.8861111111111111 0.06041666666666667 0.04259259259259259
0 0.1125 0.7231481481481481 0.035416666666666666 0.03888888888888889
0 0.3765625 0.337037037037037 0.046875 0.040740740740740744
0 0.7 0.30092592592592593 0.05 0.04259259259259259
0 0.6 0.4287037037037037 0.05625 0.04259259259259259
0 0.6330729166666667 0.08657407407407407 0.04114583333333333 0.09722222222222222
0 0.0328125 0.020370370370370372 0.06145833333333333 0.040740740740740744
0 0.10416666666666667 0.5416666666666666 0.06875 0.046296296296296294
0 0.2682291666666667 0.8203703703703704 0.057291666666666664 0.037037037037037035
0 0.5442708333333334 0.6305555555555555 0.051041666666666666 0.04259259259259259
0 0.75 0.4935185185185185 0.04791666666666667 0.03888888888888889
0 0.8739583333333333 0.2064814814814815 0.052083333333333336 0.03888888888888889
0 0.7015625 0.6296296296296297 0.05520833333333333 0.040740740740740744
0 0.8864583333333333 0.8231481481481482 0.052083333333333336 0.03888888888888889
0 0.10520833333333333 0.8175925925925925 0.05416666666666667 0.03518518518518519
0 0.7614583333333333 0.8203703703703704 0.052083333333333336 0.037037037037037035
0 0.2125 0.7694444444444445 0.05 0.03888888888888889
0 0.9473958333333333 0.8203703703703704 0.057291666666666664 0.040740740740740744
0 0.125 0.24259259259259258 0.0625 0.037037037037037035
0 0.7619791666666667 0.7722222222222223 0.057291666666666664 0.044444444444444446
0 0.6010416666666667 0.6296296296296297 0.05625 0.040740740740740744
0 0.22864583333333333 0.10972222222222222 0.059375 0.05092592592592592
0 0.2677083333333333 0.8731481481481481 0.05416666666666667 0.03888888888888889
0 0.60390625 0.33611111111111114 0.07760416666666667 0.05
0 0.27239583333333334 0.6777777777777778 0.053125 0.044444444444444446
0 0.4359375 0.6296296296296297 0.053125 0.04814814814814815
0 0.9434895833333333 0.7268518518518519 0.0671875 0.05
0 0.065625 0.24722222222222223 0.04791666666666667 0.03518518518518519
0 0.2677083333333333 0.4824074074074074 0.05416666666666667 0.03888888888888889
0 0.20677083333333332 0.8768518518518519 0.051041666666666666 0.04259259259259259
0 0.6515625 0.7305555555555555 0.030208333333333334 0.07962962962962963
0 0.31302083333333336 0.018518518518518517 0.05520833333333333 0.037037037037037035
0 0.051041666666666666 0.6481481481481481 0.05625 0.040740740740740744
0 0.05625 0.29444444444444445 0.05625 0.040740740740740744
0 0.434375 0.48518518518518516 0.05625 0.040740740740740744
0 0.8716145833333333 0.10277777777777777 0.059895833333333336 0.06111111111111111
0 0.7036458333333333 0.7759259259259259 0.051041666666666666 0.044444444444444446
0 0.21822916666666667 0.5305555555555556 0.05520833333333333 0.03888888888888889
0 0.69453125 0.19305555555555556 0.0515625 0.04351851851851852
0 0.8802083333333334 0.6296296296296297 0.05625 0.040740740740740744
0 0.2125 0.8212962962962963 0.04375 0.03888888888888889
0 0.0453125 0.5824074074074074 0.059375 0.03888888888888889
0 0.38177083333333334 0.19814814814814816 0.04895833333333333 0.040740740740740744
0 0.43802083333333336 0.10601851851851851 0.057291666666666664 0.05648148148148148
0 0.6989583333333333 0.3861111111111111 0.05625 0.03888888888888889
0 0.38229166666666664 0.24722222222222223 0.052083333333333336 0.03888888888888889
0 0.21875 0.2916666666666667 0.05 0.04259259259259259
0 0.04739583333333333 0.7712962962962963 0.053125 0.04259259259259259
0 0.5419270833333333 0.1087962962962963 0.0609375 0.05092592592592592