0 0.8888020833333333 0.12222222222222222 0.8942708333333333 0.125 0.8963541666666667 0.1300925925925926 0.8989583333333333 0.17083333333333334 0.8989583333333333 0.21666666666666667 0.8979166666666667 0.22916666666666666 0.8953125 0.23657407407407408 0.8841145833333334 0.23981481481481481 0.875 0.23796296296296296 0.87109375 0.22685185185185186 0.8713541666666667 0.18935185185185185 0.8690104166666667 0.15 0.87109375 0.13287037037037036 0.87421875 0.12546296296296297 0.8885416666666667 0.12222222222222222
0 0.8104166666666667 0.10092592592592593 0.8177083333333334 0.10555555555555556 0.821875 0.11666666666666667 0.8244791666666667 0.16666666666666666 0.8216145833333334 0.19583333333333333 0.8177083333333334 0.20092592592592592 0.8104166666666667 0.20277777777777778 0.80078125 0.2 0.7963541666666667 0.1935185185185185 0.7979166666666667 0.1726851851851852 0.7958333333333333 0.13240740740740742 0.7966145833333333 0.11527777777777778 0.8005208333333333 0.10462962962962963 0.81015625 0.10138888888888889
0 0.6299479166666667 0.6851851851851852 0.6338541666666667 0.6930555555555555 0.6361979166666667 0.7268518518518519 0.6354166666666666 0.7861111111111111 0.6341145833333334 0.8037037037037037 0.6299479166666667 0.8115740740740741 0.6231770833333333 0.8134259259259259 0.61171875 0.8115740740740741 0.6075520833333333 0.8064814814814815 0.60546875 0.799074074074074 0.6080729166666666 0.7023148148148148 0.6091145833333333 0.6925925925925925 0.6130208333333333 0.6856481481481481 0.6190104166666667 0.6833333333333333 0.6296875 0.6851851851851852
0 0.74140625 0.2523148148148148 0.7466145833333333 0.25555555555555554 0.7505208333333333 0.26481481481481484 0.7544270833333333 0.337037037037037 0.7541666666666667 0.34814814814814815 0.7518229166666667 0.3541666666666667 0.7421875 0.3578703703703704 0.7325520833333333 0.35648148148148145 0.7286458333333333 0.3486111111111111 0.7255208333333333 0.275 0.7265625 0.2652777777777778 0.73046875 0.25601851851851853 0.7411458333333333 0.2523148148148148
0 0.22083333333333333 0.2949074074074074 0.23151041666666666 0.29814814814814816 0.23541666666666666 0.3037037037037037 0.23125 0.3592592592592593 0.22421875 0.36527777777777776 0.20963541666666666 0.36064814814814816 0.20703125 0.3537037037037037 0.20989583333333334 0.3125 0.21614583333333334 0.2967592592592593 0.22057291666666667 0.2949074074074074
0 0.7018229166666666 0.24953703703703703 0.7072916666666667 0.2518518518518518 0.7114583333333333 0.25787037037037036 0.7122395833333334 0.29212962962962963 0.7114583333333333 0.3458333333333333 0.7088541666666667 0.35138888888888886 0.7013020833333333 0.3537037037037037 0.6921875 0.3523148148148148 0.6877604166666667 0.3453703703703704 0.6861979166666666 0.2675925925925926 0.6890625 0.2518518518518518 0.7015625 0.24953703703703703
0 0.9643229166666667 0.12268518518518519 0.9716145833333333 0.12731481481481483 0.9755208333333333 0.13657407407407407 0.97734375 0.2050925925925926 0.9755208333333333 0.225 0.9661458333333334 0.23472222222222222 0.95625 0.23194444444444445 0.9484375 0.2199074074074074 0.94765625 0.16435185185185186 0.9458333333333333 0.15462962962962962 0.9466145833333334 0.14166666666666666 0.95078125 0.12824074074074074 0.9567708333333333 0.12268518518518519 0.9640625 0.12268518518518519
0 0.8489583333333334 0.13148148148148148 0.8559895833333333 0.1337962962962963 0.8598958333333333 0.1439814814814815 0.8606770833333334 0.19953703703703704 0.859375 0.22083333333333333 0.8557291666666667 0.22777777777777777 0.8489583333333334 0.23148148148148148 0.8348958333333333 0.22824074074074074 0.8328125 0.21712962962962962 0.83359375 0.14027777777777778 0.8380208333333333 0.13240740740740742 0.8486979166666667 0.13148148148148148
0 0.8127604166666667 0.5481481481481482 0.82265625 0.5532407407407407 0.8265625 0.586574074074074 0.8263020833333333 0.6509259259259259 0.8239583333333333 0.6574074074074074 0.81484375 0.6611111111111111 0.8036458333333333 0.6592592592592592 0.7994791666666666 0.6513888888888889 0.7989583333333333 0.5564814814814815 0.8013020833333333 0.55 0.8125 0.5481481481481482
0 0.6815104166666667 0.43194444444444446 0.6921875 0.4388888888888889 0.69296875 0.45555555555555555 0.6893229166666667 0.5324074074074074 0.6856770833333333 0.5421296296296296 0.6802083333333333 0.5444444444444444 0.66640625 0.5393518518518519 0.6630208333333333 0.5217592592592593 0.6669270833333333 0.449537037037037 0.6716145833333333 0.4337962962962963 0.68125 0.43194444444444446
0 0.865625 0.6921296296296297 0.86953125 0.6967592592592593 0.87265625 0.7148148148148148 0.8721354166666667 0.7287037037037037 0.87421875 0.7375 0.8739583333333333 0.8004629629629629 0.8697916666666666 0.8101851851851852 0.8604166666666667 0.812037037037037 0.8484375 0.8074074074074075 0.8447916666666667 0.7958333333333333 0.8447916666666667 0.7384259259259259 0.8427083333333333 0.7125 0.8450520833333334 0.6990740740740741 0.8489583333333334 0.6930555555555555 0.8653645833333333 0.6921296296296297
0 0.8526041666666667 0.2462962962962963 0.8598958333333333 0.25277777777777777 0.86328125 0.26157407407407407 0.8671875 0.32407407407407407 0.8645833333333334 0.3486111111111111 0.8536458333333333 0.3527777777777778 0.84453125 0.3523148148148148 0.8401041666666667 0.3453703703703704 0.83515625 0.2657407407407407 0.8356770833333333 0.25833333333333336 0.8393229166666667 0.25092592592592594 0.8442708333333333 0.24675925925925926 0.85234375 0.2462962962962963
0 0.6229166666666667 0.5407407407407407 0.6299479166666667 0.5449074074074074 0.6322916666666667 0.5527777777777778 0.6356770833333333 0.6398148148148148 0.6317708333333333 0.6555555555555556 0.6236979166666666 0.6597222222222222 0.6127604166666667 0.6587962962962963 0.60859375 0.6523148148148148 0.60625 0.6305555555555555 0.6046875 0.5736111111111111 0.6059895833333333 0.5472222222222223 0.6106770833333334 0.5421296296296296 0.62265625 0.5407407407407407
0 0.6703125 0.12175925925925926 0.6729166666666667 0.12453703703703704 0.67578125 0.1361111111111111 0.6755208333333333 0.21203703703703702 0.6731770833333334 0.225 0.6630208333333333 0.2351851851851852 0.65078125 0.23148148148148148 0.6466145833333333 0.22175925925925927 0.6497395833333334 0.14027777777777778 0.65390625 0.12268518518518519 0.6580729166666667 0.12037037037037036 0.6700520833333333 0.12175925925925926
0 0.7796875 0.549537037037037 0.78671875 0.5537037037037037 0.7893229166666667 0.5606481481481481 0.7921875 0.611574074074074 0.790625 0.65 0.7872395833333333 0.6550925925925926 0.78046875 0.6578703703703703 0.7692708333333333 0.6555555555555556 0.765625 0.6467592592592593 0.7622395833333333 0.5814814814814815 0.7638020833333333 0.5574074074074075 0.76875 0.5513888888888889 0.7794270833333333 0.549537037037037
0 0.5908854166666667 0.11898148148148148 0.596875 0.12129629629629629 0.6002604166666666 0.12638888888888888 0.6010416666666667 0.15787037037037038 0.59921875 0.21851851851851853 0.5950520833333334 0.22685185185185186 0.5890625 0.23148148148148148 0.58203125 0.2310185185185185 0.5747395833333333 0.22407407407407406 0.57265625 0.20601851851851852 0.575 0.12638888888888888 0.5776041666666667 0.12129629629629629 0.590625 0.11898148148148148
0 0.9356770833333333 0.549537037037037 0.9421875 0.5541666666666667 0.94609375 0.5638888888888889 0.9489583333333333 0.6041666666666666 0.9489583333333333 0.6615740740740741 0.94609375 0.6708333333333333 0.9369791666666667 0.674537037037037 0.9260416666666667 0.6722222222222223 0.9213541666666667 0.663425925925926 0.91796875 0.6129629629629629 0.9192708333333334 0.6018518518518519 0.9166666666666666 0.5819444444444445 0.9169270833333333 0.562962962962963 0.9205729166666666 0.5532407407407407 0.9252604166666667 0.55 0.9354166666666667 0.549537037037037
0 0.5869791666666667 0.6898148148148148 0.59453125 0.6958333333333333 0.5981770833333333 0.7134259259259259 0.5955729166666667 0.7296296296296296 0.5947916666666667 0.7597222222222222 0.59609375 0.7722222222222223 0.59296875 0.8055555555555556 0.58828125 0.8157407407407408 0.5825520833333333 0.8185185185185185 0.5734375 0.8166666666666667 0.5671875 0.8087962962962963 0.56640625 0.7888888888888889 0.5700520833333333 0.7550925925925925 0.5692708333333333 0.711574074074074 0.5708333333333333 0.6953703703703704 0.5770833333333333 0.6893518518518519 0.58671875 0.6898148148148148
0 0.703125 0.6824074074074075 0.71015625 0.687962962962963 0.7127604166666667 0.6990740740740741 0.7109375 0.7935185185185185 0.7096354166666666 0.7981481481481482 0.7049479166666667 0.8009259259259259 0.6890625 0.799537037037037 0.6848958333333334 0.7972222222222223 0.6825520833333333 0.7916666666666666 0.6854166666666667 0.6925925925925925 0.6895833333333333 0.6833333333333333 0.7028645833333333 0.6824074074074075
0 0.7390625 0.6925925925925925 0.74375 0.6953703703703704 0.746875 0.7041666666666667 0.75078125 0.774537037037037 0.7481770833333333 0.7870370370370371 0.74140625 0.7902777777777777 0.7276041666666667 0.7898148148148149 0.7252604166666666 0.7861111111111111 0.7200520833333334 0.711574074074074 0.7208333333333333 0.7 0.7234375 0.6958333333333333 0.73046875 0.6921296296296297 0.7388020833333333 0.6925925925925925
0 0.5471354166666667 0.6768518518518518 0.5536458333333333 0.6842592592592592 0.5546875 0.6949074074074074 0.5546875 0.7759259259259259 0.5518229166666667 0.7888888888888889 0.5453125 0.7949074074074074 0.53359375 0.7930555555555555 0.5283854166666667 0.7837962962962963 0.5268229166666667 0.6935185185185185 0.5278645833333333 0.6847222222222222 0.5322916666666667 0.6777777777777778 0.546875 0.6768518518518518
0 0.7033854166666667 0.12175925925925926 0.709375 0.12546296296296297 0.7111979166666667 0.13148148148148148 0.7109375 0.20833333333333334 0.7067708333333333 0.2175925925925926 0.69609375 0.2199074074074074 0.6890625 0.21712962962962962 0.6859375 0.20879629629629629 0.6864583333333333 0.1300925925925926 0.6903645833333333 0.12314814814814815 0.703125 0.12175925925925926
0 0.6640625 0.26435185185185184 0.6716145833333333 0.27037037037037037 0.6736979166666667 0.2953703703703704 0.671875 0.34444444444444444 0.66953125 0.350462962962963 0.6638020833333333 0.3523148148148148 0.6515625 0.35138888888888886 0.646875 0.3453703703703704 0.6481770833333333 0.2722222222222222 0.6533854166666667 0.26481481481481484 0.6638020833333333 0.26435185185185184
0 0.5934895833333333 0.24074074074074073 0.5989583333333334 0.24351851851851852 0.60078125 0.25324074074074077 0.6018229166666667 0.35 0.5973958333333333 0.362962962962963 0.5861979166666667 0.36712962962962964 0.5778645833333333 0.36435185185185187 0.5739583333333333 0.35324074074074074 0.5747395833333333 0.25787037037037036 0.5778645833333333 0.24305555555555555 0.5932291666666667 0.24074074074074073
0 0.55546875 0.5356481481481481 0.5596354166666667 0.5430555555555555 0.56015625 0.625 0.55703125 0.6472222222222223 0.55078125 0.6523148148148148 0.5364583333333334 0.649537037037037 0.5322916666666667 0.6407407407407407 0.5322916666666667 0.6185185185185185 0.53515625 0.5958333333333333 0.53515625 0.5398148148148149 0.5395833333333333 0.5342592592592592 0.5552083333333333 0.5356481481481481
0 0.8078125 0.4046296296296296 0.8325520833333333 0.4078703703703704 0.8427083333333333 0.41435185185185186 0.84375 0.4351851851851852 0.8419270833333333 0.45 0.8385416666666666 0.4537037037037037 0.82890625 0.45555555555555555 0.7830729166666667 0.45 0.7755208333333333 0.44351851851851853 0.7729166666666667 0.42453703703703705 0.7760416666666666 0.4078703703703704 0.7856770833333333 0.4023148148148148 0.8075520833333333 0.4046296296296296
0 0.6265625 0.2361111111111111 0.6356770833333333 0.24074074074074073 0.6388020833333333 0.25092592592592594 0.6375 0.3023148148148148 0.63984375 0.324537037037037 0.6372395833333333 0.3435185185185185 0.6299479166666667 0.3490740740740741 0.615625 0.3472222222222222 0.6127604166666667 0.3421296296296296 0.61171875 0.33194444444444443 0.6122395833333333 0.2449074074074074 0.6182291666666667 0.2375 0.6263020833333334 0.2361111111111111
0 0.896875 0.5597222222222222 0.9041666666666667 0.5638888888888889 0.90625 0.5689814814814815 0.9083333333333333 0.6222222222222222 0.9072916666666667 0.6578703703703703 0.9041666666666667 0.6657407407407407 0.89765625 0.6685185185185185 0.8869791666666667 0.6675925925925926 0.88125 0.663425925925926 0.8794270833333333 0.6203703703703703 0.8807291666666667 0.5643518518518519 0.88671875 0.5597222222222222 0.8966145833333333 0.5597222222222222
0 0.6651041666666667 0.9712962962962963 0.6734375 0.9842592592592593 0.6755208333333333 0.9930555555555556 0.675 0.999537037037037 0.6453125 0.999537037037037 0.6473958333333333 0.9791666666666666 0.6502604166666667 0.9736111111111111 0.6572916666666667 0.9703703703703703 0.66484375 0.9712962962962963
0 0.7796875 0.2337962962962963 0.78515625 0.2375 0.7890625 0.24444444444444444 0.79140625 0.26435185185185184 0.7908854166666667 0.3333333333333333 0.7877604166666666 0.34305555555555556 0.7817708333333333 0.3458333333333333 0.7716145833333333 0.3453703703703704 0.765625 0.3388888888888889 0.76328125 0.2967592592592593 0.76484375 0.2439814814814815 0.77265625 0.23472222222222222 0.7794270833333333 0.2337962962962963
0 0.7401041666666667 0.5365740740740741 0.7505208333333333 0.5430555555555555 0.7520833333333333 0.5712962962962963 0.7502604166666667 0.6300925925925925 0.7479166666666667 0.638425925925926 0.740625 0.6430555555555556 0.7309895833333333 0.6416666666666667 0.7263020833333333 0.6365740740740741 0.7252604166666666 0.600462962962963 0.7263020833333333 0.5430555555555555 0.7294270833333333 0.538425925925926 0.73984375 0.5365740740740741
0 0.6252604166666667 0.10231481481481482 0.6348958333333333 0.11064814814814815 0.6377604166666667 0.14351851851851852 0.6372395833333333 0.2023148148148148 0.6346354166666667 0.21064814814814814 0.6265625 0.21666666666666667 0.6161458333333333 0.2152777777777778 0.61171875 0.20925925925925926 0.6104166666666667 0.20277777777777778 0.6122395833333333 0.1476851851851852 0.6114583333333333 0.11574074074074074 0.6166666666666667 0.10555555555555556 0.625 0.10231481481481482
0 0.9653645833333333 0.24768518518518517 0.971875 0.2513888888888889 0.975 0.2569444444444444 0.9778645833333334 0.2898148148148148 0.9760416666666667 0.3486111111111111 0.9731770833333333 0.3560185185185185 0.96640625 0.36064814814814816 0.9526041666666667 0.35694444444444445 0.94609375 0.3476851851851852 0.9450520833333333 0.3421296296296296 0.94609375 0.26435185185185184 0.953125 0.25 0.9651041666666667 0.24768518518518517
0 0.8565104166666667 0.5518518518518518 0.8666666666666667 0.5555555555555556 0.8697916666666666 0.5666666666666667 0.8669270833333333 0.6648148148148149 0.8630208333333333 0.6717592592592593 0.8567708333333334 0.6754629629629629 0.8447916666666667 0.6731481481481482 0.8401041666666667 0.6675925925925926 0.8385416666666666 0.6611111111111111 0.84140625 0.5810185185185185 0.84375 0.5648148148148148 0.8484375 0.5527777777777778 0.85625 0.5518518518518518
0 0.6692708333333334 0.6953703703703704 0.6723958333333333 0.6972222222222222 0.6744791666666666 0.7041666666666667 0.6731770833333334 0.7865740740740741 0.6690104166666667 0.8037037037037037 0.66328125 0.8092592592592592 0.6505208333333333 0.8074074074074075 0.6458333333333334 0.7972222222222223 0.6466145833333333 0.7143518518518519 0.6473958333333333 0.7027777777777777 0.6510416666666666 0.6949074074074074 0.6690104166666667 0.6953703703703704
0 0.7109375 0.5574074074074075 0.71328125 0.5597222222222222 0.71484375 0.5708333333333333 0.71484375 0.6194444444444445 0.7119791666666667 0.6231481481481481 0.6971354166666667 0.6236111111111111 0.6927083333333334 0.6226851851851852 0.6911458333333333 0.6189814814814815 0.69140625 0.5606481481481481 0.69921875 0.5560185185185185 0.7106770833333333 0.5574074074074075
0 0.7838541666666666 0.6819444444444445 0.78828125 0.6856481481481481 0.7911458333333333 0.6972222222222222 0.7934895833333333 0.7833333333333333 0.78984375 0.7981481481481482 0.78046875 0.8046296296296296 0.76875 0.8004629629629629 0.7651041666666667 0.7921296296296296 0.7627604166666667 0.7064814814814815 0.7658854166666667 0.6847222222222222 0.7716145833333333 0.6814814814814815 0.78359375 0.6819444444444445
0 0.8171875 0.23703703703703705 0.8221354166666667 0.2412037037037037 0.8247395833333333 0.25324074074074077 0.8263020833333333 0.2861111111111111 0.8255208333333334 0.31851851851851853 0.8223958333333333 0.3236111111111111 0.8174479166666667 0.325 0.8065104166666667 0.324537037037037 0.8013020833333333 0.3175925925925926 0.8 0.2569444444444444 0.8002604166666667 0.24768518518518517 0.8036458333333333 0.2388888888888889 0.8169270833333333 0.23703703703703705
0 0.77421875 0.11666666666666667 0.7822916666666667 0.11898148148148148 0.7838541666666666 0.12268518518518519 0.7869791666666667 0.1837962962962963 0.7864583333333334 0.20277777777777778 0.7841145833333333 0.21342592592592594 0.7763020833333333 0.2212962962962963 0.7682291666666666 0.2199074074074074 0.76015625 0.20925925925925926 0.7575520833333333 0.1398148148148148 0.75859375 0.1259259259259259 0.76171875 0.11944444444444445 0.7739583333333333 0.11666666666666667
0 0.8984375 0.2550925925925926 0.9049479166666666 0.25787037037037036 0.90859375 0.26435185185185184 0.9145833333333333 0.2967592592592593 0.9130208333333333 0.30324074074074076 0.9135416666666667 0.35555555555555557 0.91171875 0.3625 0.9015625 0.3680555555555556 0.8885416666666667 0.3662037037037037 0.8817708333333333 0.35555555555555557 0.88359375 0.3194444444444444 0.8817708333333333 0.29259259259259257 0.8791666666666667 0.2865740740740741 0.8799479166666667 0.2763888888888889 0.8846354166666667 0.26064814814814813 0.890625 0.25555555555555554 0.8981770833333333 0.2550925925925926
0 0.81171875 0.6865740740740741 0.8247395833333333 0.6916666666666667 0.8270833333333333 0.7032407407407407 0.8263020833333333 0.7888888888888889 0.8247395833333333 0.7935185185185185 0.8153645833333333 0.7986111111111112 0.803125 0.7935185185185185 0.7994791666666666 0.7773148148148148 0.8013020833333333 0.7407407407407407 0.7989583333333333 0.6972222222222222 0.803125 0.6884259259259259 0.8114583333333333 0.6865740740740741