0 0.42916666666666664 0.28888888888888886 0.05625 0.040740740740740744
0 0.10989583333333333 0.337037037037037 0.057291666666666664 0.040740740740740744
0 0.5869791666666667 0.23981481481481481 0.06979166666666667 0.04259259259259259
0 0.115625 0.287962962962963 0.05416666666666667 0.04259259259259259
0 0.9333333333333333 0.2490740740740741 0.05 0.03888888888888889
0 0.9380208333333333 0.575 0.05520833333333333 0.04259259259259259
0 0.94375 0.4361111111111111 0.0625 0.03888888888888889
0 0.8864583333333333 0.48518518518518516 0.06666666666666667 0.037037037037037035
0 0.6666666666666666 0.5509259259259259 0.06458333333333334 0.03888888888888889
0 0.7015625 0.24166666666666667 0.05520833333333333 0.046296296296296294
0 0.9416666666666667 0.3861111111111111 0.06666666666666667 0.03888888888888889
0 0.7609375 0.3351851851851852 0.053125 0.040740740740740744
0 0.2708333333333333 0.24351851851851852 0.05416666666666667 0.03888888888888889
0 0.8760416666666667 0.3425925925925926 0.058333333333333334 0.040740740740740744
0 0.8765625 0.42962962962962964 0.057291666666666664 0.04814814814814815
0 0.4270833333333333 0.774074074074074 0.058333333333333334 0.040740740740740744
0 0.21614583333333334 0.575925925925926 0.051041666666666666 0.040740740740740744
0 0.940625 0.6259259259259259 0.05416666666666667 0.040740740740740744
0 0.875 0.25555555555555554 0.05625 0.044444444444444446
0 0.2703125 0.28888888888888886 0.05520833333333333 0.040740740740740744
0 0.7661458333333333 0.725925925925926 0.05520833333333333 0.03333333333333333
0 0.8854166666666666 0.5342592592592592 0.06041666666666667 0.03888888888888889
0 0.371875 0.8222222222222222 0.05416666666666667 0.040740740740740744
0 0.5989583333333334 0.5805555555555556 0.05416666666666667 0.03888888888888889
0 0.58125 0.5296296296296297 0.09375 0.040740740740740744
0 0.7604166666666666 0.8712962962962963 0.06666666666666667 0.04259259259259259
0 0.7067708333333333 0.725925925925926 0.051041666666666666 0.040740740740740744
0 0.27447916666666666 0.575925925925926 0.051041666666666666 0.040740740740740744
0 0.375 0.3861111111111111 0.05 0.04259259259259259
0 0.4348958333333333 0.575925925925926 0.053125 0.040740740740740744
0 0.2682291666666667 0.3351851851851852 0.051041666666666666 0.037037037037037035
0 0.95 0.874537037037037 0.06354166666666666 0.03611111111111111
0 0.11822916666666666 0.43425925925925923 0.057291666666666664 0.03888888888888889
0 0.43125 0.7166666666666667 0.0625 0.040740740740740744
0 0.59375 0.7805555555555556 0.0625 0.04259259259259259
0 0.375 0.625 0.05 0.04259259259259259
0 0.7630208333333334 0.5805555555555556 0.057291666666666664 0.04259259259259259
0 0.7625 0.18611111111111112 0.07708333333333334 0.053703703703703705
0 0.7625 0.3907407407407407 0.0625 0.044444444444444446
0 0.115625 0.48055555555555557 0.05 0.03888888888888889
0 0.5328125 0.825925925925926 0.059375 0.044444444444444446
0 0.9447916666666667 0.7731481481481481 0.05625 0.03888888888888889
0 0.10208333333333333 0.8712962962962963 0.058333333333333334 0.04259259259259259
0 0.11354166666666667 0.38425925925925924 0.05416666666666667 0.03888888888888889
0 0.8828125 0.5777777777777777 0.051041666666666666 0.037037037037037035
0 0.5390625 0.725 0.065625 0.04259259259259259
0 0.21354166666666666 0.6222222222222222 0.05 0.037037037037037035
0 0.2635416666666667 0.38055555555555554 0.058333333333333334 0.04259259259259259
0 0.43645833333333334 0.6296296296296297 0.05416666666666667 0.04814814814814815
0 0.9411458333333333 0.29444444444444445 0.05520833333333333 0.040740740740740744
0 0.5380208333333333 0.387037037037037 0.05520833333333333 0.040740740740740744
0 0.7645833333333333 0.6342592592592593 0.06041666666666667 0.03888888888888889
0 0.875 0.20462962962962963 0.05 0.03888888888888889
0 0.10416666666666667 0.8175925925925925 0.05416666666666667 0.03518518518518519
0 0.88125 0.6268518518518519 0.05625 0.04259259259259259
0 0.10989583333333333 0.6722222222222223 0.05520833333333333 0.037037037037037035
0 0.04895833333333333 0.7157407407407408 0.052083333333333336 0.03148148148148148
0 0.0546875 0.48333333333333334 0.05520833333333333 0.037037037037037035
0 0.10572916666666667 0.7694444444444445 0.04895833333333333 0.03888888888888889
0 0.7 0.30092592592592593 0.05 0.04259259259259259
0 0.22864583333333333 0.10925925925925926 0.059375 0.05555555555555555
0 0.10416666666666667 0.5416666666666666 0.06875 0.046296296296296294
0 0.43072916666666666 0.4324074074074074 0.05520833333333333 0.03888888888888889
0 0.5322916666666667 0.8870370370370371 0.0625 0.044444444444444446
0 0.7598958333333333 0.2462962962962963 0.051041666666666666 0.040740740740740744
0 0.4046875 0.8814814814814815 0.09270833333333334 0.05185185185185185
0 0.8864583333333333 0.7722222222222223 0.05 0.037037037037037035
0 0.9484375 0.8212962962962963 0.057291666666666664 0.03888888888888889
0 0.26666666666666666 0.4351851851851852 0.05 0.037037037037037035
0 0.7619791666666667 0.8203703703703704 0.05520833333333333 0.037037037037037035
0 0.7505208333333333 0.4925925925925926 0.04479166666666667 0.037037037037037035
0 0.93125 0.20555555555555555 0.05 0.040740740740740744
0 0.7677083333333333 0.6814814814814815 0.06041666666666667 0.037037037037037035
0 0.05625 0.43425925925925923 0.05 0.03888888888888889
0 0.5385416666666667 0.48703703703703705 0.06041666666666667 0.040740740740740744
0 0.4317708333333333 0.38425925925925924 0.057291666666666664 0.03888888888888889
0 0.5994791666666667 0.42685185185185187 0.057291666666666664 0.046296296296296294
0 0.378125 0.337037037037037 0.04791666666666667 0.040740740740740744
0 0.5447916666666667 0.6296296296296297 0.052083333333333336 0.040740740740740744
0 0.11041666666666666 0.7203703703703703 0.0375 0.037037037037037035
0 0.7625 0.7722222222222223 0.06041666666666667 0.044444444444444446
0 0.8864583333333333 0.8231481481481482 0.052083333333333336 0.03888888888888889
0 0.2989583333333333 0.018518518518518517 0.06041666666666667 0.037037037037037035
0 0.2682291666666667 0.8194444444444444 0.057291666666666664 0.03888888888888889
0 0.5380208333333333 0.43333333333333335 0.05520833333333333 0.040740740740740744
0 0.2677083333333333 0.8731481481481481 0.05416666666666667 0.03888888888888889
0 0.60546875 0.3365740740740741 0.0765625 0.05462962962962963
0 0.2125 0.7694444444444445 0.05 0.03888888888888889
0 0.11875 0.24259259259259258 0.05 0.037037037037037035
0 0.4401041666666667 0.10185185185185185 0.059375 0.04814814814814815
0 0.20572916666666666 0.8768518518518519 0.04895833333333333 0.046296296296296294
0 0.27239583333333334 0.675 0.053125 0.04259259259259259
0 0.6015625 0.6296296296296297 0.05520833333333333 0.040740740740740744
0 0.2671875 0.4824074074074074 0.05520833333333333 0.03888888888888889
0 0.7036458333333333 0.6324074074074074 0.05520833333333333 0.03888888888888889
0 0.94453125 0.7268518518518519 0.06510416666666667 0.05
0 0.3828125 0.24814814814814815 0.04895833333333333 0.037037037037037035
0 0.065625 0.24814814814814815 0.04791666666666667 0.037037037037037035
0 0.21822916666666667 0.5305555555555556 0.05520833333333333 0.03888888888888889
0 0.5427083333333333 0.11064814814814815 0.06041666666666667 0.062037037037037036
0 0.5947916666666667 0.8287037037037037 0.058333333333333334 0.03888888888888889
0 0.6989583333333333 0.4759259259259259 0.06458333333333334 0.05185185185185185
0 0.434375 0.48518518518518516 0.05625 0.040740740740740744
0 0.05625 0.29444444444444445 0.05625 0.040740740740740744
0 0.2109375 0.8203703703703704 0.04479166666666667 0.037037037037037035
0 0.5473958333333333 0.025925925925925925 0.057291666666666664 0.04814814814814815
0 0.04791666666666667 0.7712962962962963 0.05416666666666667 0.04259259259259259
0 0.38177083333333334 0.1962962962962963 0.04895833333333333 0.040740740740740744
0 0.7046875 0.7759259259259259 0.051041666666666666 0.044444444444444446
0 0.050520833333333334 0.6453703703703704 0.05520833333333333 0.03888888888888889