0 0.11302083333333333 0.3388888888888889 0.051041666666666666 0.040740740740740744
0 0.5932291666666667 0.23981481481481481 0.057291666666666664 0.04259259259259259
0 0.11979166666666667 0.2916666666666667 0.05416666666666667 0.04259259259259259
0 0.9333333333333333 0.2490740740740741 0.05 0.03888888888888889
0 0.8765625 0.3425925925925926 0.057291666666666664 0.040740740740740744
0 0.7046875 0.24074074074074073 0.053125 0.044444444444444446
0 0.6002604166666666 0.5305555555555556 0.059895833333333336 0.04259259259259259
0 0.6005208333333333 0.8287037037037037 0.05520833333333333 0.03888888888888889
0 0.9182291666666667 0.6240740740740741 0.10104166666666667 0.040740740740740744
0 0.3765625 0.3888888888888889 0.051041666666666666 0.040740740740740744
0 0.9390625 0.5740740740740741 0.05520833333333333 0.040740740740740744
0 0.43072916666666666 0.2916666666666667 0.051041666666666666 0.03888888888888889
0 0.26927083333333335 0.33611111111111114 0.04895833333333333 0.03888888888888889
0 0.875 0.25555555555555554 0.05625 0.044444444444444446
0 0.9442708333333333 0.43703703703703706 0.06145833333333333 0.037037037037037035
0 0.21927083333333333 0.575 0.04895833333333333 0.03888888888888889
0 0.9411458333333333 0.3861111111111111 0.065625 0.03888888888888889
0 0.7630208333333334 0.39166666666666666 0.06145833333333333 0.04259259259259259
0 0.8791666666666667 0.4305555555555556 0.05625 0.046296296296296294
0 0.275 0.29074074074074074 0.052083333333333336 0.037037037037037035
0 0.275 0.675 0.05625 0.04259259259259259
0 0.45729166666666665 0.040740740740740744 0.05625 0.044444444444444446
0 0.4296875 0.774074074074074 0.057291666666666664 0.040740740740740744
0 0.6098958333333333 0.8805555555555555 0.06354166666666666 0.04259259259259259
0 0.7609375 0.3351851851851852 0.053125 0.040740740740740744
0 0.5364583333333334 0.8222222222222222 0.06041666666666667 0.044444444444444446
0 0.40520833333333334 0.8814814814814815 0.09166666666666666 0.05185185185185185
0 0.4328125 0.7166666666666667 0.06145833333333333 0.040740740740740744
0 0.37864583333333335 0.6277777777777778 0.053125 0.044444444444444446
0 0.125 0.387037037037037 0.0375 0.040740740740740744
0 0.7619791666666667 0.18611111111111112 0.07604166666666666 0.05
0 0.5994791666666667 0.5805555555555556 0.051041666666666666 0.04259259259259259
0 0.2755208333333333 0.575 0.051041666666666666 0.03888888888888889
0 0.1203125 0.43425925925925923 0.05520833333333333 0.03888888888888889
0 0.7640625 0.5768518518518518 0.057291666666666664 0.04259259259259259
0 0.37395833333333334 0.8222222222222222 0.052083333333333336 0.040740740740740744
0 0.7072916666666667 0.7240740740740741 0.05416666666666667 0.040740740740740744
0 0.5395833333333333 0.387037037037037 0.05625 0.040740740740740744
0 0.057291666666666664 0.48518518518518516 0.05416666666666667 0.037037037037037035
0 0.43697916666666664 0.575925925925926 0.05520833333333333 0.040740740740740744
0 0.2755208333333333 0.24444444444444444 0.051041666666666666 0.040740740740740744
0 0.5411458333333333 0.725925925925926 0.06354166666666666 0.044444444444444446
0 0.053125 0.5268518518518519 0.05625 0.03888888888888889
0 0.76875 0.6805555555555556 0.0625 0.03518518518518519
0 0.8875 0.48148148148148145 0.0625 0.037037037037037035
0 0.8869791666666667 0.5324074074074074 0.057291666666666664 0.03888888888888889
0 0.059895833333333336 0.4361111111111111 0.051041666666666666 0.03888888888888889
0 0.10625 0.8703703703703703 0.058333333333333334 0.040740740740740744
0 0.10677083333333333 0.5407407407407407 0.06770833333333333 0.044444444444444446
0 0.2078125 0.8777777777777778 0.051041666666666666 0.044444444444444446
0 0.7005208333333334 0.30092592592592593 0.04895833333333333 0.04259259259259259
0 0.11302083333333333 0.674074074074074 0.051041666666666666 0.040740740740740744
0 0.5953125 0.7805555555555556 0.06145833333333333 0.04259259259259259
0 0.7677083333333333 0.7222222222222222 0.05625 0.037037037037037035
0 0.7614583333333333 0.8675925925925926 0.06666666666666667 0.04259259259259259
0 0.9307291666666667 0.20185185185185187 0.051041666666666666 0.040740740740740744
0 0.9505208333333334 0.8712962962962963 0.06145833333333333 0.04259259259259259
0 0.9432291666666667 0.2935185185185185 0.051041666666666666 0.03888888888888889
0 0.6005208333333333 0.6296296296296297 0.06145833333333333 0.040740740740740744
0 0.1125 0.7222222222222222 0.04375 0.037037037037037035
0 0.27239583333333334 0.8212962962962963 0.05520833333333333 0.03518518518518519
0 0.9479166666666666 0.7712962962962963 0.05625 0.03888888888888889
0 0.26979166666666665 0.3814814814814815 0.05 0.040740740740740744
0 0.5354166666666667 0.8851851851851852 0.06041666666666667 0.044444444444444446
0 0.3796875 0.33611111111111114 0.046875 0.03888888888888889
0 0.8828125 0.575925925925926 0.051041666666666666 0.037037037037037035
0 0.7666666666666667 0.6314814814814815 0.058333333333333334 0.040740740740740744
0 0.4322916666666667 0.43148148148148147 0.05416666666666667 0.037037037037037035
0 0.4348958333333333 0.38425925925925924 0.05520833333333333 0.03888888888888889
0 0.5390625 0.48703703703703705 0.06354166666666666 0.040740740740740744
0 0.11822916666666666 0.9611111111111111 0.06145833333333333 0.04814814814814815
0 0.2682291666666667 0.4351851851851852 0.04895833333333333 0.037037037037037035
0 0.6057291666666667 0.33564814814814814 0.07604166666666666 0.05277777777777778
0 0.753125 0.49166666666666664 0.04791666666666667 0.03888888888888889
0 0.7635416666666667 0.8212962962962963 0.052083333333333336 0.03518518518518519
0 0.1171875 0.4824074074074074 0.046875 0.03518518518518519
0 0.7578125 0.24537037037037038 0.051041666666666666 0.03888888888888889
0 0.053125 0.7175925925925926 0.05416666666666667 0.03148148148148148
0 0.6010416666666667 0.4305555555555556 0.058333333333333334 0.046296296296296294
0 0.2708333333333333 0.8703703703703703 0.05625 0.040740740740740744
0 0.8755208333333333 0.20462962962962963 0.051041666666666666 0.03888888888888889
0 0.109375 0.8212962962962963 0.052083333333333336 0.03518518518518519
0 0.8875 0.8175925925925925 0.05 0.04259259259259259
0 0.7041666666666667 0.6305555555555555 0.05416666666666667 0.03888888888888889
0 0.9489583333333333 0.8175925925925925 0.06041666666666667 0.03518518518518519
0 0.5416666666666666 0.43333333333333335 0.05416666666666667 0.040740740740740744
0 0.21875 0.6240740740740741 0.052083333333333336 0.040740740740740744
0 0.0609375 0.29814814814814816 0.051041666666666666 0.040740740740740744
0 0.2203125 0.3388888888888889 0.046875 0.040740740740740744
0 0.109375 0.7703703703703704 0.04583333333333333 0.037037037037037035
0 0.06822916666666666 0.25092592592592594 0.04895833333333333 0.03888888888888889
0 0.12395833333333334 0.24814814814814815 0.05 0.037037037037037035
0 0.43697916666666664 0.4875 0.053125 0.04537037037037037
0 0.23151041666666666 0.11481481481481481 0.0671875 0.06296296296296296
0 0.3848958333333333 0.19814814814814816 0.046875 0.040740740740740744
0 0.3848958333333333 0.25092592592592594 0.04895833333333333 0.03888888888888889
0 0.26666666666666666 0.4824074074074074 0.06666666666666667 0.04259259259259259
0 0.7 0.387037037037037 0.05625 0.040740740740740744
0 0.05 0.5814814814814815 0.05625 0.037037037037037035
0 0.8864583333333333 0.7722222222222223 0.052083333333333336 0.037037037037037035
0 0.43802083333333336 0.6296296296296297 0.05520833333333333 0.04814814814814815
0 0.05520833333333333 0.6472222222222223 0.052083333333333336 0.03888888888888889
0 0.21770833333333334 0.7694444444444445 0.052083333333333336 0.03888888888888889
0 0.05364583333333333 0.7712962962962963 0.05520833333333333 0.04259259259259259
0 0.21875 0.387037037037037 0.052083333333333336 0.040740740740740744
0 0.38359375 0.10972222222222222 0.0546875 0.05648148148148148
0 0.7635416666666667 0.7731481481481481 0.058333333333333334 0.04259259259259259
0 0.8729166666666667 0.1050925925925926 0.059375 0.05462962962962963
0 0.9458333333333333 0.7194444444444444 0.06041666666666667 0.03888888888888889
0 0.6984375 0.47314814814814815 0.06145833333333333 0.053703703703703705
0 0.44114583333333335 0.1935185185185185 0.05520833333333333 0.04259259259259259
0 0.5473958333333333 0.6305555555555555 0.051041666666666666 0.04259259259259259
0 0.8880208333333334 0.8722222222222222 0.06145833333333333 0.044444444444444446
0 0.65625 0.6 0.035416666666666666 0.09259259259259259
0 0.9927083333333333 0.35555555555555557 0.014583333333333334 0.1
0 0.22083333333333333 0.29074074074074074 0.04791666666666667 0.040740740740740744
0 0.5411458333333333 0.10972222222222222 0.05520833333333333 0.049074074074074076
0 0.215625 0.8203703703703704 0.041666666666666664 0.037037037037037035
0 0.70625 0.7722222222222223 0.05 0.044444444444444446