0 0.8885416666666667 0.13333333333333333 0.8934895833333333 0.14027777777777778 0.8958333333333334 0.16898148148148148 0.8963541666666667 0.21157407407407408 0.8953125 0.2412037037037037 0.8911458333333333 0.24814814814814815 0.88671875 0.24953703703703703 0.8736979166666666 0.24861111111111112 0.86875 0.23842592592592593 0.86640625 0.1574074074074074 0.8690104166666667 0.14074074074074075 0.871875 0.13518518518518519 0.88828125 0.13333333333333333
0 0.5424479166666667 0.6851851851851852 0.5484375 0.6884259259259259 0.5515625 0.6958333333333333 0.5533854166666666 0.7810185185185186 0.55078125 0.7967592592592593 0.54296875 0.8037037037037037 0.53046875 0.8009259259259259 0.52578125 0.7902777777777777 0.5247395833333334 0.7412037037037037 0.528125 0.7305555555555555 0.52421875 0.7111111111111111 0.5270833333333333 0.6898148148148148 0.53515625 0.6851851851851852 0.5421875 0.6851851851851852
0 0.77109375 0.12685185185185185 0.7794270833333333 0.12916666666666668 0.7825520833333334 0.13703703703703704 0.7846354166666667 0.18518518518518517 0.78359375 0.22037037037037038 0.7794270833333333 0.2273148148148148 0.77265625 0.23148148148148148 0.7643229166666666 0.22870370370370371 0.7622395833333333 0.21898148148148147 0.7578125 0.2175925925925926 0.7565104166666666 0.18564814814814815 0.7559895833333333 0.14351851851851852 0.7572916666666667 0.13333333333333333 0.7619791666666667 0.12777777777777777 0.7708333333333334 0.12685185185185185
0 0.61953125 0.6916666666666667 0.6299479166666667 0.6976851851851852 0.6325520833333333 0.7087962962962963 0.6341145833333334 0.7726851851851851 0.6307291666666667 0.8157407407407408 0.6268229166666667 0.8212962962962963 0.6114583333333333 0.8212962962962963 0.6078125 0.8194444444444444 0.6033854166666667 0.8074074074074075 0.6046875 0.7851851851851852 0.6020833333333333 0.7615740740740741 0.6067708333333334 0.7060185185185185 0.6106770833333334 0.6944444444444444 0.6192708333333333 0.6921296296296297
0 0.7015625 0.13194444444444445 0.7065104166666667 0.13472222222222222 0.7083333333333334 0.1398148148148148 0.7096354166666666 0.2101851851851852 0.7067708333333333 0.22453703703703703 0.6973958333333333 0.22962962962962963 0.68828125 0.22824074074074074 0.6838541666666667 0.2199074074074074 0.684375 0.14583333333333334 0.68515625 0.13703703703703704 0.6875 0.13333333333333333 0.7013020833333333 0.13194444444444445
0 0.9619791666666667 0.13333333333333333 0.9682291666666667 0.13703703703703704 0.9716145833333333 0.14351851851851852 0.9739583333333334 0.17037037037037037 0.9736979166666667 0.22824074074074074 0.9708333333333333 0.2375 0.9619791666666667 0.2439814814814815 0.9526041666666667 0.2412037037037037 0.946875 0.22962962962962963 0.94375 0.1625 0.94453125 0.14814814814814814 0.9489583333333333 0.1361111111111111 0.95625 0.13240740740740742 0.96171875 0.13333333333333333
0 0.8104166666666667 0.11157407407407408 0.815625 0.1162037037037037 0.8192708333333333 0.12685185185185185 0.8208333333333333 0.1865740740740741 0.8182291666666667 0.2064814814814815 0.8145833333333333 0.2111111111111111 0.8080729166666667 0.21296296296296297 0.7981770833333334 0.2101851851851852 0.79375 0.20324074074074075 0.7947916666666667 0.17453703703703705 0.7934895833333333 0.1398148148148148 0.7942708333333334 0.1259259259259259 0.79765625 0.11574074074074074 0.8033854166666666 0.1111111111111111 0.81015625 0.11157407407407408
0 0.8578125 0.700462962962963 0.865625 0.7060185185185185 0.86953125 0.7208333333333333 0.8713541666666667 0.8069444444444445 0.8692708333333333 0.8162037037037037 0.8635416666666667 0.8199074074074074 0.846875 0.8171296296296297 0.8447916666666667 0.8138888888888889 0.8416666666666667 0.7953703703703704 0.84296875 0.7814814814814814 0.8401041666666667 0.7134259259259259 0.8424479166666666 0.7064814814814815 0.846875 0.7018518518518518 0.8575520833333333 0.700462962962963
0 0.9010416666666666 0.2671296296296296 0.90625 0.275 0.9083333333333333 0.2962962962962963 0.9122395833333333 0.30694444444444446 0.909375 0.3138888888888889 0.9111979166666667 0.3439814814814815 0.91015625 0.36944444444444446 0.9075520833333334 0.375 0.9 0.37824074074074077 0.88671875 0.3768518518518518 0.8791666666666667 0.36666666666666664 0.88125 0.3421296296296296 0.8802083333333334 0.30694444444444446 0.8765625 0.29259259259259257 0.8799479166666667 0.2759259259259259 0.8838541666666667 0.2689814814814815 0.890625 0.2652777777777778 0.90078125 0.2671296296296296
0 0.6236979166666666 0.5509259259259259 0.6276041666666666 0.5532407407407407 0.6299479166666667 0.5611111111111111 0.6333333333333333 0.649074074074074 0.6291666666666667 0.6648148148148149 0.62109375 0.6694444444444444 0.61015625 0.6680555555555555 0.6057291666666667 0.6601851851851852 0.6020833333333333 0.5736111111111111 0.6028645833333334 0.5606481481481481 0.60546875 0.5532407407407407 0.6234375 0.5509259259259259
0 0.8596354166666667 0.562962962962963 0.8645833333333334 0.5662037037037037 0.86640625 0.5708333333333333 0.86640625 0.6240740740740741 0.8640625 0.6671296296296296 0.8604166666666667 0.6810185185185185 0.8559895833333333 0.6842592592592592 0.8408854166666667 0.6814814814814815 0.8364583333333333 0.674537037037037 0.8356770833333333 0.662962962962963 0.8388020833333333 0.5879629629629629 0.8419270833333333 0.5685185185185185 0.8442708333333333 0.562962962962963 0.8489583333333334 0.5606481481481481 0.859375 0.562962962962963
0 0.7411458333333333 0.26296296296296295 0.74609375 0.26851851851851855 0.7484375 0.2763888888888889 0.7502604166666667 0.30277777777777776 0.7515625 0.35694444444444445 0.74921875 0.3662037037037037 0.7450520833333333 0.3680555555555556 0.73046875 0.36574074074074076 0.7268229166666667 0.3592592592592593 0.7263020833333333 0.34953703703703703 0.72421875 0.2763888888888889 0.7302083333333333 0.26435185185185184 0.7408854166666666 0.26296296296296295
0 0.6598958333333333 0.1300925925925926 0.6703125 0.13333333333333333 0.6731770833333334 0.14537037037037037 0.6736979166666667 0.15833333333333333 0.671875 0.2300925925925926 0.6690104166666667 0.23842592592592593 0.659375 0.24537037037037038 0.6544270833333333 0.2449074074074074 0.64765625 0.2388888888888889 0.6450520833333333 0.2324074074074074 0.6440104166666667 0.22037037037037038 0.6489583333333333 0.1412037037037037 0.6528645833333333 0.13194444444444445 0.6596354166666667 0.1300925925925926
0 0.7411458333333333 0.5472222222222223 0.74609375 0.549537037037037 0.7489583333333333 0.5597222222222222 0.7481770833333333 0.6314814814814815 0.7455729166666667 0.6476851851851851 0.7385416666666667 0.6518518518518519 0.72734375 0.6504629629629629 0.7231770833333333 0.6425925925925926 0.7229166666666667 0.5601851851851852 0.7239583333333334 0.5523148148148148 0.72734375 0.5476851851851852 0.7408854166666666 0.5472222222222223
0 0.5901041666666667 0.12916666666666668 0.59609375 0.13333333333333333 0.5989583333333334 0.14074074074074075 0.5989583333333334 0.175 0.5966145833333333 0.18888888888888888 0.5955729166666667 0.23055555555555557 0.5919270833333333 0.23796296296296296 0.5856770833333333 0.2412037037037037 0.575 0.2375 0.5708333333333333 0.22777777777777777 0.5716145833333334 0.1550925925925926 0.5747395833333333 0.13240740740740742 0.58203125 0.1287037037037037 0.58984375 0.12916666666666668
0 0.015885416666666666 0.8472222222222222 0.019010416666666665 0.850462962962963 0.021354166666666667 0.8671296296296296 0.021354166666666667 0.8731481481481481 0.014322916666666666 0.8800925925925925 0.020052083333333335 0.8833333333333333 0.016927083333333332 0.9138888888888889 0.014322916666666666 0.9194444444444444 0.0067708333333333336 0.9208333333333333 0.0015625 0.9273148148148148 0 0.9273148148148148 0 0.8486111111111111 0.015625 0.8472222222222222
0 0.9322916666666666 0.5592592592592592 0.9388020833333334 0.5634259259259259 0.9432291666666667 0.575 0.9466145833333334 0.6212962962962963 0.9455729166666667 0.6708333333333333 0.9424479166666667 0.6796296296296296 0.93515625 0.6833333333333333 0.9247395833333333 0.6824074074074075 0.9182291666666667 0.6717592592592593 0.9138020833333333 0.6064814814814815 0.91484375 0.5675925925925925 0.92109375 0.5601851851851852 0.93203125 0.5592592592592592
0 0.5825520833333333 0.6976851851851852 0.5916666666666667 0.7027777777777777 0.5940104166666667 0.7106481481481481 0.5932291666666667 0.7532407407407408 0.59140625 0.7611111111111111 0.59296875 0.787962962962963 0.5893229166666667 0.8189814814814815 0.5783854166666667 0.8268518518518518 0.5692708333333333 0.825 0.5658854166666667 0.8185185185185185 0.5635416666666667 0.8069444444444445 0.5658854166666667 0.7930555555555555 0.5651041666666666 0.775 0.5684895833333333 0.7064814814814815 0.5713541666666667 0.6995370370370371 0.5822916666666667 0.6976851851851852
0 0.7010416666666667 0.5648148148148148 0.7098958333333333 0.5671296296296297 0.7111979166666667 0.5708333333333333 0.7135416666666666 0.5916666666666667 0.71328125 0.6240740740740741 0.7125 0.6300925925925925 0.7098958333333333 0.6333333333333333 0.6921875 0.6328703703703704 0.68828125 0.6296296296296297 0.6903645833333333 0.6060185185185185 0.6893229166666667 0.5680555555555555 0.70078125 0.5648148148148148
0 0.6971354166666667 0.6907407407407408 0.7065104166666667 0.6953703703703704 0.7109375 0.7097222222222223 0.709375 0.8009259259259259 0.7075520833333333 0.8078703703703703 0.7028645833333333 0.8101851851851852 0.6848958333333334 0.8083333333333333 0.6796875 0.8004629629629629 0.6825520833333333 0.7032407407407407 0.68515625 0.6949074074074074 0.6885416666666667 0.6912037037037037 0.696875 0.6907407407407408
0 0.7346354166666667 0.700925925925926 0.7411458333333333 0.7041666666666667 0.7442708333333333 0.7129629629629629 0.7484375 0.7819444444444444 0.7481770833333333 0.7907407407407407 0.74609375 0.7958333333333333 0.7361979166666667 0.799537037037037 0.7231770833333333 0.7962962962962963 0.7197916666666667 0.7652777777777777 0.7182291666666667 0.7236111111111111 0.7182291666666667 0.7097222222222223 0.7200520833333334 0.7055555555555556 0.734375 0.700925925925926
0 0.16223958333333333 0.9087962962962963 0.16822916666666668 0.9138888888888889 0.1703125 0.9208333333333333 0.16692708333333334 0.9935185185185185 0.16536458333333334 0.999537037037037 0.13932291666666666 0.999537037037037 0.1390625 0.9962962962962963 0.14010416666666667 0.9495370370370371 0.14401041666666667 0.925 0.15052083333333333 0.9106481481481481 0.16197916666666667 0.9087962962962963
0 0.6625 0.274537037037037 0.6682291666666667 0.27824074074074073 0.6708333333333333 0.28935185185185186 0.6690104166666667 0.35694444444444445 0.6625 0.36203703703703705 0.6481770833333333 0.36064814814814816 0.6447916666666667 0.35555555555555557 0.64609375 0.2824074074074074 0.65078125 0.275 0.6622395833333333 0.274537037037037
0 0.5442708333333334 0.5425925925925926 0.5544270833333333 0.5449074074074074 0.5578125 0.5504629629629629 0.5575520833333333 0.6453703703703704 0.5536458333333333 0.6578703703703703 0.54453125 0.6615740740740741 0.5330729166666667 0.6574074074074074 0.5299479166666666 0.6453703703703704 0.5330729166666667 0.5467592592592593 0.5440104166666667 0.5425925925925926
0 0.6984375 0.25833333333333336 0.7083333333333334 0.2652777777777778 0.7104166666666667 0.29305555555555557 0.7096354166666666 0.35694444444444445 0.70625 0.3638888888888889 0.7 0.36527777777777776 0.6924479166666667 0.3648148148148148 0.6854166666666667 0.3592592592592593 0.6830729166666667 0.2972222222222222 0.6848958333333334 0.26481481481481484 0.6890625 0.25972222222222224 0.6981770833333333 0.25833333333333336
0 0.6299479166666667 0.24722222222222223 0.6348958333333333 0.2523148148148148 0.6375 0.26805555555555555 0.6372395833333333 0.3375 0.6338541666666667 0.35324074074074074 0.6236979166666666 0.3587962962962963 0.6130208333333333 0.3560185185185185 0.61015625 0.34814814814814815 0.6091145833333333 0.25833333333333336 0.6161458333333333 0.24722222222222223 0.6296875 0.24722222222222223
0 0.8955729166666667 0.5694444444444444 0.9026041666666667 0.5740740740740741 0.9041666666666667 0.5810185185185185 0.9052083333333333 0.6583333333333333 0.9010416666666666 0.6722222222222223 0.8942708333333333 0.6773148148148148 0.8833333333333333 0.6759259259259259 0.8786458333333333 0.6717592592592593 0.878125 0.6430555555555556 0.8755208333333333 0.6185185185185185 0.8770833333333333 0.5745370370370371 0.8828125 0.5694444444444444 0.8953125 0.5694444444444444
0 0.5541666666666667 0.3726851851851852 0.5645833333333333 0.3921296296296296 0.565625 0.3990740740740741 0.5640625 0.40694444444444444 0.5294270833333333 0.47129629629629627 0.5205729166666667 0.4810185185185185 0.51484375 0.48009259259259257 0.5057291666666667 0.46620370370370373 0.5033854166666667 0.4550925925925926 0.5052083333333334 0.44305555555555554 0.53984375 0.3814814814814815 0.5471354166666667 0.3726851851851852 0.55390625 0.3726851851851852
0 0.65859375 0.9810185185185185 0.6653645833333334 0.9861111111111112 0.6697916666666667 0.999537037037037 0.6421875 0.999537037037037 0.6432291666666666 0.9902777777777778 0.6463541666666667 0.9842592592592593 0.6583333333333333 0.9810185185185185
0 0.8513020833333333 0.2564814814814815 0.85625 0.2601851851851852 0.86015625 0.27175925925925926 0.8640625 0.3398148148148148 0.8630208333333333 0.3537037037037037 0.8609375 0.3587962962962963 0.85 0.362962962962963 0.8416666666666667 0.36157407407407405 0.8372395833333334 0.35555555555555557 0.8317708333333333 0.27546296296296297 0.8341145833333333 0.26435185185185184 0.8375 0.2587962962962963 0.8510416666666667 0.2564814814814815
0 0.8510416666666667 0.1425925925925926 0.8559895833333333 0.14722222222222223 0.85703125 0.1537037037037037 0.8565104166666667 0.22870370370370371 0.8536458333333333 0.23842592592592593 0.84375 0.24166666666666667 0.834375 0.23981481481481481 0.8309895833333333 0.23333333333333334 0.8309895833333333 0.1537037037037037 0.8346354166666666 0.14351851851851852 0.85078125 0.1425925925925926
0 0.7013020833333333 0.38657407407407407 0.7380208333333333 0.38981481481481484 0.7450520833333333 0.39351851851851855 0.7471354166666667 0.40925925925925927 0.7453125 0.4305555555555556 0.7416666666666667 0.4356481481481482 0.7330729166666666 0.4361111111111111 0.6916666666666667 0.43333333333333335 0.6859375 0.42916666666666664 0.6838541666666667 0.41898148148148145 0.6856770833333333 0.39351851851851855 0.6921875 0.387037037037037 0.7010416666666667 0.38657407407407407
0 0.6236979166666666 0.1125 0.6299479166666667 0.1162037037037037 0.63359375 0.12407407407407407 0.6359375 0.175 0.6338541666666667 0.21712962962962962 0.628125 0.22407407407407406 0.6213541666666667 0.2263888888888889 0.61171875 0.22453703703703703 0.6088541666666667 0.2175925925925926 0.60859375 0.13194444444444445 0.6088541666666667 0.12638888888888888 0.6125 0.11805555555555555 0.6234375 0.1125
0 0.96015625 0.2574074074074074 0.9669270833333333 0.25972222222222224 0.9713541666666666 0.2657407407407407 0.9755208333333333 0.2962962962962963 0.9760416666666667 0.3384259259259259 0.9736979166666667 0.3453703703703704 0.9736979166666667 0.35555555555555557 0.9705729166666667 0.36527777777777776 0.9622395833333334 0.37083333333333335 0.9497395833333333 0.3675925925925926 0.9419270833333333 0.35324074074074074 0.9455729166666667 0.29305555555555557 0.9424479166666667 0.2851851851851852 0.9424479166666667 0.27546296296296297 0.9486979166666667 0.2601851851851852 0.9598958333333333 0.2574074074074074
0 0.7799479166666666 0.5601851851851852 0.7846354166666667 0.5643518518518519 0.7864583333333334 0.5726851851851852 0.7893229166666667 0.6305555555555555 0.7880208333333333 0.6569444444444444 0.7859375 0.6620370370370371 0.7794270833333333 0.6662037037037037 0.76796875 0.6657407407407407 0.7627604166666667 0.6546296296296297 0.7604166666666666 0.5726851851851852 0.76484375 0.5615740740740741 0.7796875 0.5601851851851852
0 0.640625 0.4351851851851852 0.64453125 0.4388888888888889 0.6541666666666667 0.4666666666666667 0.6614583333333334 0.5078703703703704 0.6645833333333333 0.512962962962963 0.6684895833333333 0.5296296296296297 0.6684895833333333 0.5402777777777777 0.6661458333333333 0.5444444444444444 0.6518229166666667 0.5541666666666667 0.64765625 0.5518518518518518 0.6440104166666667 0.5449074074074074 0.6395833333333333 0.5222222222222223 0.6299479166666667 0.49583333333333335 0.62265625 0.4671296296296296 0.6231770833333333 0.44814814814814813 0.6309895833333333 0.4388888888888889 0.6403645833333333 0.4351851851851852
0 0.6544270833333333 0.7023148148148148 0.66953125 0.7060185185185185 0.6716145833333333 0.7125 0.67265625 0.7337962962962963 0.6705729166666666 0.749537037037037 0.6705729166666666 0.799074074074074 0.6674479166666667 0.8106481481481481 0.6598958333333333 0.8180555555555555 0.6466145833333333 0.8143518518518519 0.6440104166666667 0.8097222222222222 0.64296875 0.8013888888888889 0.6450520833333333 0.7782407407407408 0.6455729166666667 0.7129629629629629 0.64765625 0.7046296296296296 0.6541666666666667 0.7023148148148148
0 0.7796875 0.6912037037037037 0.7869791666666667 0.6958333333333333 0.7877604166666666 0.7 0.7901041666666667 0.7856481481481481 0.78984375 0.7976851851851852 0.7872395833333333 0.8069444444444445 0.7794270833333333 0.8134259259259259 0.7682291666666666 0.8111111111111111 0.7627604166666667 0.8027777777777778 0.7614583333333333 0.7212962962962963 0.7619791666666667 0.6981481481481482 0.7638020833333333 0.6925925925925925 0.7794270833333333 0.6912037037037037
0 0.7375 0.09953703703703703 0.7447916666666666 0.10324074074074074 0.7473958333333334 0.10925925925925926 0.7479166666666667 0.15787037037037038 0.7455729166666667 0.2125 0.7411458333333333 0.2199074074074074 0.734375 0.22175925925925927 0.7239583333333334 0.22037037037037038 0.7205729166666667 0.21712962962962962 0.7184895833333333 0.2023148148148148 0.7221354166666667 0.11064814814814815 0.7268229166666667 0.10138888888888889 0.7372395833333333 0.09953703703703703
0 0.8130208333333333 0.5578703703703703 0.8182291666666667 0.5606481481481481 0.8216145833333334 0.5680555555555555 0.8239583333333333 0.5981481481481481 0.8234375 0.6611111111111111 0.82109375 0.6671296296296296 0.8169270833333333 0.6694444444444444 0.803125 0.6689814814814815 0.79765625 0.6625 0.7963541666666667 0.5666666666666667 0.8002604166666667 0.5587962962962963 0.8127604166666667 0.5578703703703703
0 0.8140625 0.2462962962962963 0.8184895833333333 0.24861111111111112 0.8216145833333334 0.25462962962962965 0.8236979166666667 0.30324074074074076 0.8229166666666666 0.3282407407407407 0.8216145833333334 0.33194444444444443 0.8151041666666666 0.3351851851851852 0.8036458333333333 0.33425925925925926 0.79921875 0.3277777777777778 0.7997395833333333 0.29305555555555557 0.7979166666666667 0.27037037037037037 0.7979166666666667 0.25833333333333336 0.8002604166666667 0.24953703703703703 0.8138020833333334 0.2462962962962963
0 0.7768229166666667 0.2439814814814815 0.784375 0.2490740740740741 0.78828125 0.262037037037037 0.7895833333333333 0.3236111111111111 0.7877604166666666 0.3490740740740741 0.784375 0.3541666666666667 0.7786458333333334 0.3560185185185185 0.76796875 0.35509259259259257 0.7635416666666667 0.3490740740740741 0.7604166666666666 0.2935185185185185 0.7614583333333333 0.2550925925925926 0.7682291666666666 0.24583333333333332 0.7765625 0.2439814814814815
0 0.8135416666666667 0.6958333333333333 0.8221354166666667 0.7027777777777777 0.8252604166666667 0.7550925925925925 0.8231770833333333 0.7972222222222223 0.8208333333333333 0.8032407407407407 0.8145833333333333 0.8074074074074075 0.8065104166666667 0.8069444444444445 0.8002604166666667 0.8023148148148148 0.79609375 0.7814814814814814 0.7981770833333334 0.7578703703703704 0.796875 0.7064814814814815 0.8 0.6981481481481482 0.81328125 0.6958333333333333