0 0.8875 0.1259259259259259 0.89375 0.12916666666666668 0.8953125 0.13425925925925927 0.8984375 0.19398148148148148 0.89609375 0.23657407407407408 0.88828125 0.24259259259259258 0.87578125 0.24166666666666667 0.8708333333333333 0.2337962962962963 0.8692708333333333 0.22546296296296298 0.8700520833333333 0.19537037037037036 0.8682291666666667 0.15833333333333333 0.8697916666666666 0.13703703703703704 0.87265625 0.12916666666666668 0.8872395833333333 0.1259259259259259
0 0.8114583333333333 0.10462962962962963 0.8177083333333334 0.1111111111111111 0.8205729166666667 0.11944444444444445 0.8229166666666666 0.16342592592592592 0.8205729166666667 0.19583333333333333 0.81796875 0.20324074074074075 0.8109375 0.2064814814814815 0.7994791666666666 0.20416666666666666 0.7947916666666667 0.1962962962962963 0.7966145833333333 0.16712962962962963 0.7940104166666667 0.12638888888888888 0.8002604166666667 0.10787037037037037 0.8111979166666666 0.10462962962962963
0 0.6278645833333333 0.6875 0.6315104166666666 0.6916666666666667 0.63359375 0.7060185185185185 0.6354166666666666 0.7689814814814815 0.63359375 0.8013888888888889 0.6302083333333334 0.812962962962963 0.6268229166666667 0.8152777777777778 0.6122395833333333 0.8148148148148148 0.60546875 0.8083333333333333 0.6044270833333333 0.7615740740740741 0.6075520833333333 0.7347222222222223 0.60703125 0.7087962962962963 0.609375 0.6925925925925925 0.6158854166666666 0.6865740740740741 0.6276041666666666 0.6875
0 0.7416666666666667 0.2564814814814815 0.7481770833333333 0.262037037037037 0.7518229166666667 0.2851851851851852 0.7528645833333333 0.3527777777777778 0.7515625 0.35833333333333334 0.7442708333333333 0.3611111111111111 0.7322916666666667 0.3597222222222222 0.72734375 0.3509259259259259 0.7247395833333333 0.2796296296296296 0.7247395833333333 0.2722222222222222 0.7307291666666667 0.25833333333333336 0.74140625 0.2564814814814815
0 0.7015625 0.25277777777777777 0.7075520833333333 0.25555555555555554 0.7109375 0.26481481481481484 0.7111979166666667 0.34814814814814815 0.7083333333333334 0.35555555555555557 0.6997395833333333 0.35833333333333334 0.6901041666666666 0.35555555555555557 0.6869791666666667 0.3509259259259259 0.6854166666666667 0.26805555555555555 0.6885416666666667 0.25462962962962965 0.7013020833333333 0.25277777777777777
0 0.965625 0.12731481481481483 0.9708333333333333 0.13194444444444445 0.9744791666666667 0.14027777777777778 0.97578125 0.21203703703703702 0.97421875 0.22916666666666666 0.9651041666666667 0.23657407407407408 0.9552083333333333 0.2351851851851852 0.9484375 0.2263888888888889 0.946875 0.1638888888888889 0.9450520833333333 0.15185185185185185 0.9473958333333333 0.13703703703703704 0.9513020833333333 0.12916666666666668 0.9578125 0.12546296296296297 0.9653645833333333 0.12731481481481483
0 0.8497395833333333 0.13564814814814816 0.8559895833333333 0.1375 0.8583333333333333 0.14351851851851852 0.85859375 0.21481481481481482 0.8557291666666667 0.22916666666666666 0.8479166666666667 0.23472222222222222 0.83828125 0.23425925925925925 0.8322916666666667 0.22685185185185186 0.8322916666666667 0.15231481481481482 0.8348958333333333 0.13703703703703704 0.8494791666666667 0.13564814814814816
0 0.8177083333333334 0.5523148148148148 0.821875 0.5564814814814815 0.8244791666666667 0.5689814814814815 0.8255208333333334 0.6518518518518519 0.8216145833333334 0.6611111111111111 0.8140625 0.6643518518518519 0.80390625 0.662962962962963 0.7989583333333333 0.6569444444444444 0.7989583333333333 0.5986111111111111 0.796875 0.5736111111111111 0.8 0.5537037037037037 0.8174479166666667 0.5523148148148148
0 0.6856770833333333 0.39861111111111114 0.6893229166666667 0.4023148148148148 0.6924479166666667 0.41388888888888886 0.7015625 0.4837962962962963 0.6994791666666667 0.5023148148148148 0.6859375 0.5101851851851852 0.6802083333333333 0.5083333333333333 0.6752604166666667 0.49675925925925923 0.6645833333333333 0.42083333333333334 0.66484375 0.41064814814814815 0.6684895833333333 0.40370370370370373 0.6791666666666667 0.39814814814814814 0.6854166666666667 0.39861111111111114
0 0.8596354166666667 0.6935185185185185 0.8666666666666667 0.6981481481481482 0.8697916666666666 0.7037037037037037 0.8734375 0.7620370370370371 0.87265625 0.8069444444444445 0.8697916666666666 0.812037037037037 0.8627604166666667 0.8143518518518519 0.84765625 0.8106481481481481 0.84375 0.7986111111111112 0.8432291666666667 0.7902777777777777 0.84453125 0.7402777777777778 0.8419270833333333 0.725 0.8419270833333333 0.7087962962962963 0.8447916666666667 0.7 0.8489583333333334 0.6953703703703704 0.859375 0.6935185185185185
0 0.5924479166666666 0.24444444444444444 0.5971354166666667 0.24583333333333332 0.5994791666666667 0.25046296296296294 0.60234375 0.3101851851851852 0.60078125 0.31851851851851853 0.6005208333333333 0.3578703703703704 0.5963541666666666 0.36574074074074076 0.5903645833333333 0.36944444444444446 0.5744791666666667 0.3662037037037037 0.57265625 0.3490740740740741 0.5729166666666666 0.3138888888888889 0.575 0.2513888888888889 0.578125 0.24583333333333332 0.5921875 0.24444444444444444
0 0.62109375 0.5435185185185185 0.6283854166666667 0.5467592592592593 0.6315104166666666 0.5569444444444445 0.6346354166666667 0.6453703703703704 0.63046875 0.6592592592592592 0.6200520833333333 0.662962962962963 0.61171875 0.6615740740740741 0.6072916666666667 0.6537037037037037 0.6036458333333333 0.5638888888888889 0.6044270833333333 0.5537037037037037 0.60703125 0.5467592592592593 0.6208333333333333 0.5435185185185185
0 0.89765625 0.562962962962963 0.9052083333333333 0.5703703703703704 0.9078125 0.6300925925925925 0.90703125 0.6578703703703703 0.9044270833333333 0.6662037037037037 0.8984375 0.6717592592592593 0.8859375 0.6712962962962963 0.8799479166666667 0.6652777777777777 0.878125 0.6092592592592593 0.8796875 0.5671296296296297 0.8869791666666667 0.5625 0.8973958333333333 0.562962962962963
0 0.6614583333333334 0.12361111111111112 0.6723958333333333 0.12824074074074074 0.6752604166666667 0.15 0.67421875 0.22685185185185186 0.6614583333333334 0.2388888888888889 0.6505208333333333 0.23564814814814813 0.6471354166666666 0.23055555555555557 0.6455729166666667 0.22037037037037038 0.6497395833333334 0.1361111111111111 0.6533854166666667 0.1259259259259259 0.6611979166666667 0.12361111111111112
0 0.7796875 0.5527777777777778 0.78515625 0.5564814814814815 0.7880208333333333 0.5666666666666667 0.7903645833333334 0.6370370370370371 0.7888020833333333 0.6541666666666667 0.7776041666666667 0.6606481481481481 0.76953125 0.6592592592592592 0.7645833333333333 0.649537037037037 0.76171875 0.5689814814814815 0.7651041666666667 0.5564814814814815 0.7794270833333333 0.5527777777777778
0 0.5916666666666667 0.12268518518518519 0.5979166666666667 0.1259259259259259 0.6002604166666666 0.13657407407407407 0.5994791666666667 0.2111111111111111 0.5963541666666666 0.22685185185185186 0.5861979166666667 0.2351851851851852 0.57734375 0.23148148148148148 0.571875 0.22037037037037038 0.5739583333333333 0.13796296296296295 0.5744791666666667 0.12962962962962962 0.5776041666666667 0.12407407407407407 0.59140625 0.12268518518518519
0 0.8544270833333333 0.5550925925925926 0.8661458333333333 0.5587962962962963 0.86875 0.5731481481481482 0.86640625 0.6592592592592592 0.86328125 0.6726851851851852 0.8565104166666667 0.6787037037037037 0.84296875 0.6754629629629629 0.83828125 0.6680555555555555 0.8375 0.6620370370370371 0.8419270833333333 0.5708333333333333 0.846875 0.5569444444444445 0.8541666666666666 0.5550925925925926
0 0.9380208333333333 0.5541666666666667 0.9442708333333333 0.5634259259259259 0.94609375 0.575462962962963 0.9479166666666666 0.6625 0.9453125 0.6722222222222223 0.9375 0.6768518518518518 0.9252604166666667 0.674537037037037 0.9203125 0.6652777777777777 0.9171875 0.6263888888888889 0.9182291666666667 0.6046296296296296 0.9158854166666667 0.5657407407407408 0.9169270833333333 0.5606481481481481 0.92265625 0.5537037037037037 0.9377604166666667 0.5541666666666667
0 0.58203125 0.6916666666666667 0.5919270833333333 0.6949074074074074 0.59453125 0.6990740740740741 0.5958333333333333 0.7175925925925926 0.5940104166666667 0.725462962962963 0.5942708333333333 0.7694444444444445 0.5919270833333333 0.8083333333333333 0.5895833333333333 0.8175925925925925 0.5802083333333333 0.8212962962962963 0.5705729166666667 0.8189814814814815 0.56640625 0.8111111111111111 0.5653645833333333 0.799537037037037 0.5658854166666667 0.7648148148148148 0.5708333333333333 0.6962962962962963 0.57421875 0.6925925925925925 0.5817708333333333 0.6916666666666667
0 0.7 0.6847222222222222 0.70703125 0.6884259259259259 0.7119791666666667 0.7037037037037037 0.7119791666666667 0.7731481481481481 0.7104166666666667 0.7949074074074074 0.7083333333333334 0.8018518518518518 0.7033854166666667 0.8041666666666667 0.6861979166666666 0.8018518518518518 0.6825520833333333 0.7972222222222223 0.68125 0.7912037037037037 0.6838541666666667 0.7518518518518519 0.6830729166666667 0.7203703703703703 0.6846354166666667 0.6935185185185185 0.6901041666666666 0.6851851851851852 0.6997395833333333 0.6847222222222222
0 0.73828125 0.6953703703703704 0.7434895833333334 0.6990740740740741 0.74609375 0.7092592592592593 0.7494791666666667 0.7828703703703703 0.7466145833333333 0.7902777777777777 0.7377604166666667 0.7935185185185185 0.7270833333333333 0.7930555555555555 0.7239583333333334 0.7870370370370371 0.7190104166666667 0.7263888888888889 0.7192708333333333 0.7078703703703704 0.7216145833333333 0.6995370370370371 0.7380208333333333 0.6953703703703704
0 0.5411458333333333 0.6782407407407407 0.5518229166666667 0.6842592592592592 0.5541666666666667 0.6962962962962963 0.5536458333333333 0.7833333333333333 0.5502604166666667 0.7930555555555555 0.5432291666666667 0.7972222222222223 0.5296875 0.7939814814814815 0.5268229166666667 0.7837962962962963 0.5263020833333333 0.7708333333333334 0.5260416666666666 0.6935185185185185 0.5276041666666667 0.6861111111111111 0.5309895833333333 0.6819444444444445 0.5408854166666667 0.6782407407407407
0 0.7026041666666667 0.12546296296296297 0.70859375 0.1287037037037037 0.7106770833333333 0.13842592592592592 0.7104166666666667 0.20925925925925926 0.7075520833333333 0.21944444444444444 0.6984375 0.22314814814814815 0.6888020833333334 0.2212962962962963 0.6854166666666667 0.21481481481481482 0.6856770833333333 0.13472222222222222 0.6888020833333334 0.12731481481481483 0.70234375 0.12546296296296297
0 0.8138020833333334 0.6893518518518519 0.8244791666666667 0.6958333333333333 0.8263020833333333 0.7273148148148149 0.8255208333333334 0.7907407407407407 0.8213541666666667 0.7981481481481482 0.8153645833333333 0.8009259259259259 0.80703125 0.8 0.8 0.7925925925925926 0.7971354166666667 0.7138888888888889 0.7971354166666667 0.7027777777777777 0.8002604166666667 0.6935185185185185 0.8135416666666667 0.6893518518518519
0 0.6666666666666666 0.26851851851851855 0.6713541666666667 0.2759259259259259 0.6729166666666667 0.29814814814814816 0.6713541666666667 0.30648148148148147 0.6705729166666666 0.34675925925925927 0.6684895833333333 0.3527777777777778 0.6651041666666667 0.3541666666666667 0.6471354166666666 0.35138888888888886 0.6463541666666667 0.2898148148148148 0.6473958333333333 0.27546296296296297 0.6505208333333333 0.26851851851851855 0.66640625 0.26851851851851855
0 0.5434895833333333 0.5361111111111111 0.5557291666666667 0.5388888888888889 0.559375 0.5453703703703704 0.5578125 0.6407407407407407 0.5549479166666667 0.6518518518518519 0.5481770833333334 0.6550925925925926 0.5359375 0.6527777777777778 0.5325520833333334 0.6481481481481481 0.53125 0.6407407407407407 0.5338541666666666 0.5435185185185185 0.5361979166666667 0.537962962962963 0.5432291666666667 0.5361111111111111
0 0.7877604166666666 0.4046296296296296 0.83203125 0.4111111111111111 0.8403645833333333 0.4148148148148148 0.8427083333333333 0.425462962962963 0.8419270833333333 0.45 0.8385416666666666 0.45601851851851855 0.8322916666666667 0.45925925925925926 0.7822916666666667 0.4532407407407407 0.7760416666666666 0.4486111111111111 0.7723958333333333 0.43703703703703706 0.77421875 0.41435185185185186 0.778125 0.4074074074074074 0.7875 0.4046296296296296
0 0.6234375 0.23935185185185184 0.634375 0.24351851851851852 0.6377604166666667 0.25416666666666665 0.6380208333333334 0.3402777777777778 0.63515625 0.3486111111111111 0.62734375 0.3523148148148148 0.6140625 0.3490740740740741 0.6119791666666666 0.3435185185185185 0.6111979166666667 0.3277777777777778 0.61171875 0.2523148148148148 0.61484375 0.24351851851851852 0.6231770833333333 0.23935185185185184
0 0.39375 0.5416666666666666 0.40078125 0.5467592592592593 0.4046875 0.5550925925925926 0.4046875 0.575925925925926 0.38359375 0.649537037037037 0.3768229166666667 0.6560185185185186 0.36276041666666664 0.6462962962962963 0.36015625 0.6402777777777777 0.36041666666666666 0.6287037037037037 0.365625 0.6023148148148149 0.38125 0.5509259259259259 0.38723958333333336 0.5416666666666666 0.39348958333333334 0.5416666666666666
0 0.6661458333333333 0.9875 0.6713541666666667 0.999537037037037 0.64609375 0.999537037037037 0.6510416666666666 0.9875 0.6658854166666667 0.9875
0 0.853125 0.25 0.8583333333333333 0.25462962962962965 0.8614583333333333 0.26296296296296295 0.8640625 0.2828703703703704 0.8661458333333333 0.33935185185185185 0.8625 0.35324074074074074 0.8463541666666666 0.35648148148148145 0.8419270833333333 0.35509259259259257 0.83828125 0.3449074074074074 0.834375 0.2638888888888889 0.83828125 0.25324074074074077 0.8528645833333334 0.25
0 0.778125 0.23703703703703705 0.7869791666666667 0.24444444444444444 0.7901041666666667 0.25972222222222224 0.78984375 0.3365740740740741 0.7869791666666667 0.3453703703703704 0.7809895833333333 0.3486111111111111 0.7671875 0.3453703703703704 0.7638020833333333 0.3384259259259259 0.7630208333333334 0.3282407407407407 0.7627604166666667 0.2513888888888889 0.7677083333333333 0.24027777777777778 0.7778645833333333 0.23703703703703705
0 0.7411458333333333 0.5393518518518519 0.7481770833333333 0.5430555555555555 0.75 0.5476851851851852 0.7505208333333333 0.6083333333333333 0.7489583333333333 0.6370370370370371 0.74453125 0.6439814814814815 0.7393229166666667 0.6458333333333334 0.7291666666666666 0.6439814814814815 0.7247395833333333 0.6370370370370371 0.7252604166666666 0.5546296296296296 0.72734375 0.5425925925925926 0.7408854166666666 0.5393518518518519
0 0.6236979166666666 0.10601851851851851 0.6302083333333334 0.10833333333333334 0.634375 0.11435185185185186 0.6377604166666667 0.1550925925925926 0.6359375 0.20601851851851852 0.6330729166666667 0.21435185185185185 0.62578125 0.21944444444444444 0.6169270833333333 0.21898148148148147 0.6111979166666667 0.21342592592592594 0.6091145833333333 0.18611111111111112 0.6106770833333334 0.11944444444444445 0.6153645833333333 0.1087962962962963 0.6234375 0.10601851851851851
0 0.9635416666666666 0.25046296296296294 0.9708333333333333 0.2550925925925926 0.9739583333333334 0.26157407407407407 0.9763020833333333 0.28888888888888886 0.975 0.3527777777777778 0.971875 0.3597222222222222 0.96484375 0.3638888888888889 0.9528645833333333 0.36203703703703705 0.9486979166666667 0.3574074074074074 0.9440104166666666 0.3458333333333333 0.9458333333333333 0.30185185185185187 0.9442708333333333 0.27175925925925926 0.9510416666666667 0.2537037037037037 0.96328125 0.25046296296296294
0 0.70859375 0.5592592592592592 0.7127604166666667 0.5638888888888889 0.7143229166666667 0.5805555555555556 0.7143229166666667 0.6226851851851852 0.7114583333333333 0.6268518518518519 0.6934895833333333 0.6268518518518519 0.68984375 0.6199074074074075 0.6903645833333333 0.5638888888888889 0.6973958333333333 0.5583333333333333 0.7083333333333334 0.5592592592592592
0 0.66328125 0.6967592592592593 0.6684895833333333 0.6981481481481482 0.6731770833333334 0.7055555555555556 0.6739583333333333 0.7546296296296297 0.671875 0.7930555555555555 0.66953125 0.8032407407407407 0.6619791666666667 0.812037037037037 0.6515625 0.8111111111111111 0.6458333333333334 0.8037037037037037 0.6447916666666667 0.7560185185185185 0.6458333333333334 0.7129629629629629 0.6473958333333333 0.7060185185185185 0.653125 0.6962962962962963 0.6630208333333333 0.6967592592592593
0 0.07942708333333333 0.009259259259259259 0.09244791666666667 0.014351851851851852 0.09479166666666666 0.025925925925925925 0.09244791666666667 0.03009259259259259 0.09348958333333333 0.043055555555555555 0.08854166666666667 0.06805555555555555 0.0859375 0.09861111111111111 0.08151041666666667 0.10972222222222222 0.07473958333333333 0.11481481481481481 0.06770833333333333 0.11296296296296296 0.06041666666666667 0.1037037037037037 0.06015625 0.08148148148148149 0.0703125 0.01990740740740741 0.07447916666666667 0.011111111111111112 0.07916666666666666 0.009259259259259259
0 0.7854166666666667 0.6861111111111111 0.78828125 0.6916666666666667 0.7908854166666667 0.7129629629629629 0.7924479166666667 0.7833333333333333 0.7903645833333334 0.7967592592592593 0.7825520833333334 0.8069444444444445 0.7700520833333333 0.8046296296296296 0.7635416666666667 0.7930555555555555 0.7638020833333333 0.7375 0.7619791666666667 0.7078703703703704 0.7651041666666667 0.6865740740740741 0.7739583333333333 0.6842592592592592 0.78515625 0.6861111111111111
0 0.8169270833333333 0.24027777777777778 0.8205729166666667 0.24305555555555555 0.82265625 0.24953703703703703 0.8252604166666667 0.30092592592592593 0.8244791666666667 0.32175925925925924 0.821875 0.3263888888888889 0.8158854166666667 0.3282407407407407 0.8044270833333333 0.32731481481481484 0.8002604166666667 0.32083333333333336 0.8015625 0.2884259259259259 0.7986979166666667 0.2550925925925926 0.8033854166666666 0.2412037037037037 0.8166666666666667 0.24027777777777778
0 0.7760416666666666 0.12037037037037036 0.7833333333333333 0.12685185185185185 0.7856770833333333 0.2037037037037037 0.7822916666666667 0.21898148148148147 0.7729166666666667 0.22453703703703703 0.7635416666666667 0.22175925925925927 0.76171875 0.21388888888888888 0.7578125 0.20972222222222223 0.7565104166666666 0.13703703703703704 0.75859375 0.12638888888888888 0.7619791666666667 0.12175925925925926 0.77578125 0.12037037037037036
0 0.89921875 0.2587962962962963 0.9078125 0.26851851851851855 0.91328125 0.30092592592592593 0.9114583333333334 0.31342592592592594 0.9130208333333333 0.3416666666666667 0.9119791666666667 0.362962962962963 0.9075520833333334 0.36944444444444446 0.8986979166666667 0.37175925925925923 0.8885416666666667 0.3699074074074074 0.8809895833333333 0.3592592592592593 0.8807291666666667 0.3486111111111111 0.8833333333333333 0.3351851851851852 0.8825520833333333 0.30416666666666664 0.878125 0.28564814814814815 0.8817708333333333 0.2689814814814815 0.8854166666666666 0.26157407407407407 0.8989583333333333 0.2587962962962963
0 0.9997395833333333 0.4722222222222222 0.9997395833333333 0.5430555555555555 0.9981770833333333 0.5430555555555555 0.98828125 0.5125 0.9856770833333334 0.49212962962962964 0.9880208333333333 0.48009259259259257 0.9942708333333333 0.4736111111111111 0.9994791666666667 0.4722222222222222