0 0.8875 0.12407407407407407 0.8942708333333333 0.12731481481481483 0.8963541666666667 0.13425925925925927 0.8994791666666667 0.2 0.8984375 0.2273148148148148 0.8963541666666667 0.23703703703703705 0.8838541666666667 0.24166666666666667 0.8752604166666667 0.23981481481481481 0.8708333333333333 0.23055555555555557 0.87109375 0.18518518518518517 0.8684895833333334 0.15092592592592594 0.8731770833333333 0.1287037037037037 0.8770833333333333 0.125 0.8872395833333333 0.12407407407407407
0 0.81171875 0.10324074074074074 0.815625 0.1050925925925926 0.82109375 0.11574074074074074 0.8231770833333333 0.14351851851851852 0.8216145833333334 0.1962962962962963 0.8138020833333334 0.20462962962962963 0.8002604166666667 0.20277777777777778 0.7958333333333333 0.19398148148148148 0.7979166666666667 0.1726851851851852 0.7950520833333333 0.13194444444444445 0.7958333333333333 0.11944444444444445 0.8015625 0.10555555555555556 0.8114583333333333 0.10324074074074074
0 0.6236979166666666 0.6847222222222222 0.6296875 0.687037037037037 0.6328125 0.6925925925925925 0.6356770833333333 0.7273148148148149 0.6356770833333333 0.7842592592592592 0.6341145833333334 0.8037037037037037 0.6302083333333334 0.812962962962963 0.6247395833333333 0.8148148148148148 0.6104166666666667 0.812037037037037 0.60546875 0.8009259259259259 0.60703125 0.7796296296296297 0.60546875 0.7601851851851852 0.60859375 0.7356481481481482 0.60859375 0.6976851851851852 0.6125 0.6875 0.6234375 0.6847222222222222
0 0.7416666666666667 0.25462962962962965 0.7466145833333333 0.25787037037037036 0.7515625 0.2722222222222222 0.7541666666666667 0.34675925925925927 0.7518229166666667 0.35694444444444445 0.7393229166666667 0.3597222222222222 0.73125 0.35648148148148145 0.7286458333333333 0.3490740740740741 0.7255208333333333 0.2722222222222222 0.7307291666666667 0.2574074074074074 0.74140625 0.25462962962962965
0 0.7013020833333333 0.25092592592592594 0.7088541666666667 0.25462962962962965 0.71171875 0.26157407407407407 0.71171875 0.3458333333333333 0.70859375 0.35324074074074074 0.7 0.3560185185185185 0.69296875 0.35509259259259257 0.68828125 0.34953703703703703 0.6856770833333333 0.28055555555555556 0.68828125 0.25462962962962965 0.7010416666666667 0.25092592592592594
0 0.9625 0.12407407407407407 0.9721354166666667 0.12962962962962962 0.97578125 0.1398148148148148 0.9763020833333333 0.22268518518518518 0.9739583333333334 0.2300925925925926 0.9671875 0.23564814814814813 0.9526041666666667 0.23148148148148148 0.94921875 0.22592592592592592 0.9473958333333333 0.21666666666666667 0.94765625 0.16342592592592592 0.9455729166666667 0.1550925925925926 0.94609375 0.14537037037037037 0.9526041666666667 0.12731481481481483 0.9622395833333334 0.12407407407407407
0 0.84921875 0.13333333333333333 0.8567708333333334 0.13657407407407407 0.859375 0.1425925925925926 0.8606770833333334 0.19953703703703704 0.8588541666666667 0.22407407407407406 0.8544270833333333 0.23148148148148148 0.8458333333333333 0.2337962962962963 0.8364583333333333 0.23148148148148148 0.8333333333333334 0.22407407407407406 0.83359375 0.14305555555555555 0.8346354166666666 0.13703703703703704 0.8377604166666667 0.13425925925925927 0.8489583333333334 0.13333333333333333
0 0.81484375 0.55 0.82109375 0.5527777777777778 0.8231770833333333 0.5569444444444445 0.8265625 0.5847222222222223 0.8263020833333333 0.6532407407407408 0.8244791666666667 0.6587962962962963 0.81484375 0.663425925925926 0.8033854166666666 0.6606481481481481 0.7994791666666666 0.6537037037037037 0.7981770833333334 0.5805555555555556 0.8 0.5537037037037037 0.8145833333333333 0.55
0 0.6885416666666667 0.41944444444444445 0.6927083333333334 0.42453703703703705 0.6947916666666667 0.4425925925925926 0.6963541666666667 0.5101851851851852 0.6940104166666666 0.524074074074074 0.6856770833333333 0.5296296296296297 0.675 0.5291666666666667 0.6697916666666667 0.5180555555555556 0.6682291666666667 0.43425925925925923 0.671875 0.4203703703703704 0.678125 0.41759259259259257 0.68828125 0.41944444444444445
0 0.8578125 0.6921296296296297 0.86796875 0.6958333333333333 0.8708333333333333 0.7027777777777777 0.8729166666666667 0.7171296296296297 0.8739583333333333 0.8037037037037037 0.8708333333333333 0.8111111111111111 0.8651041666666667 0.8134259259259259 0.8513020833333333 0.8115740740740741 0.8473958333333333 0.8069444444444445 0.8442708333333333 0.7967592592592593 0.8453125 0.7333333333333333 0.84296875 0.7097222222222223 0.8447916666666667 0.7 0.8473958333333333 0.6962962962962963 0.8575520833333333 0.6921296296296297
0 0.8984375 0.2569444444444444 0.9080729166666667 0.26481481481481484 0.91484375 0.2967592592592593 0.9127604166666666 0.31203703703703706 0.9135416666666667 0.3587962962962963 0.9104166666666667 0.3662037037037037 0.9018229166666667 0.3699074074074074 0.8872395833333333 0.36712962962962964 0.8815104166666666 0.35555555555555557 0.8838541666666667 0.337037037037037 0.8833333333333333 0.300462962962963 0.8791666666666667 0.2884259259259259 0.8799479166666667 0.2791666666666667 0.8856770833333333 0.2611111111111111 0.8981770833333333 0.2569444444444444
0 0.6234375 0.5425925925925926 0.6299479166666667 0.5462962962962963 0.63203125 0.5532407407407407 0.6356770833333333 0.638425925925926 0.6338541666666667 0.6537037037037037 0.6265625 0.6615740740740741 0.6145833333333334 0.6611111111111111 0.60859375 0.6550925925925926 0.6052083333333333 0.6064814814814815 0.6057291666666667 0.5504629629629629 0.609375 0.5444444444444444 0.6231770833333333 0.5425925925925926
0 0.8950520833333333 0.5611111111111111 0.9028645833333333 0.5638888888888889 0.9065104166666667 0.5703703703703704 0.90859375 0.625 0.9078125 0.6583333333333333 0.9026041666666667 0.6685185185185185 0.8958333333333334 0.6703703703703704 0.8833333333333333 0.6689814814814815 0.8809895833333333 0.6648148148148149 0.8794270833333333 0.6060185185185185 0.88046875 0.5671296296296297 0.884375 0.5625 0.8947916666666667 0.5611111111111111
0 0.6684895833333333 0.12314814814814815 0.6734375 0.12685185185185185 0.6755208333333333 0.1361111111111111 0.6755208333333333 0.22407407407407406 0.6731770833333334 0.22916666666666666 0.6625 0.23703703703703705 0.6520833333333333 0.23472222222222222 0.6471354166666666 0.2273148148148148 0.64609375 0.21666666666666667 0.64765625 0.18194444444444444 0.6518229166666667 0.12962962962962962 0.6575520833333334 0.12268518518518519 0.6682291666666667 0.12314814814814815
0 0.7802083333333333 0.5518518518518518 0.7864583333333334 0.5555555555555556 0.7885416666666667 0.5611111111111111 0.7916666666666666 0.6138888888888889 0.790625 0.6509259259259259 0.7864583333333334 0.6574074074074074 0.7809895833333333 0.6592592592592592 0.77109375 0.6583333333333333 0.765625 0.6476851851851851 0.7627604166666667 0.5851851851851851 0.7645833333333333 0.5578703703703703 0.7723958333333333 0.5518518518518518 0.7799479166666666 0.5518518518518518
0 0.5955729166666667 0.12222222222222222 0.5994791666666667 0.12638888888888888 0.6005208333333333 0.13472222222222222 0.5994791666666667 0.2175925925925926 0.5955729166666667 0.22777777777777777 0.58671875 0.23333333333333334 0.5776041666666667 0.22916666666666666 0.5731770833333333 0.21944444444444444 0.575 0.12962962962962962 0.57734375 0.12361111111111112 0.5809895833333333 0.12129629629629629 0.5953125 0.12222222222222222
0 0.5903645833333333 0.24212962962962964 0.59765625 0.2449074074074074 0.6002604166666666 0.2513888888888889 0.6028645833333334 0.34120370370370373 0.5994791666666667 0.3625 0.5901041666666667 0.3680555555555556 0.5776041666666667 0.36527777777777776 0.57421875 0.3592592592592593 0.5734375 0.350462962962963 0.5752604166666667 0.2550925925925926 0.5791666666666667 0.24444444444444444 0.5901041666666667 0.24212962962962964
0 0.9361979166666666 0.5513888888888889 0.9424479166666667 0.5560185185185185 0.9466145833333334 0.5680555555555555 0.94921875 0.6509259259259259 0.9489583333333333 0.6643518518518519 0.9466145833333334 0.6717592592592593 0.9364583333333333 0.6763888888888889 0.925 0.6731481481481482 0.9213541666666667 0.6648148148148149 0.91640625 0.5722222222222222 0.9171875 0.5615740740740741 0.9213541666666667 0.5541666666666667 0.9359375 0.5513888888888889
0 0.70078125 0.6837962962962963 0.7106770833333333 0.6907407407407408 0.7130208333333333 0.7013888888888888 0.7111979166666667 0.7958333333333333 0.7098958333333333 0.8004629629629629 0.7052083333333333 0.8027777777777778 0.6885416666666667 0.8013888888888889 0.6846354166666667 0.7981481481481482 0.6822916666666666 0.7912037037037037 0.6854166666666667 0.6939814814814815 0.6901041666666666 0.6847222222222222 0.7005208333333334 0.6837962962962963
0 0.7427083333333333 0.6962962962962963 0.7463541666666667 0.7032407407407407 0.7481770833333333 0.7180555555555556 0.7505208333333333 0.7796296296296297 0.74765625 0.7893518518518519 0.7393229166666667 0.7925925925925926 0.728125 0.7916666666666666 0.725 0.7865740740740741 0.7197916666666667 0.7064814814814815 0.72265625 0.6986111111111111 0.7265625 0.6958333333333333 0.7424479166666667 0.6962962962962963
0 0.7036458333333333 0.12407407407407407 0.7091145833333333 0.12685185185185185 0.71171875 0.13657407407407407 0.7111979166666667 0.20972222222222223 0.7080729166666667 0.21805555555555556 0.7 0.2212962962962963 0.6895833333333333 0.21944444444444444 0.6859375 0.20972222222222223 0.6864583333333333 0.13287037037037036 0.6903645833333333 0.1259259259259259 0.7033854166666667 0.12407407407407407
0 0.6684895833333333 0.2675925925925926 0.6716145833333333 0.2722222222222222 0.6731770833333334 0.28055555555555556 0.6736979166666667 0.3106481481481482 0.67109375 0.3486111111111111 0.66484375 0.3537037037037037 0.6510416666666666 0.35324074074074074 0.6473958333333333 0.3490740740740741 0.6473958333333333 0.2847222222222222 0.6481770833333333 0.27546296296296297 0.6513020833333333 0.2675925925925926 0.6578125 0.2652777777777778 0.6682291666666667 0.2675925925925926
0 0.5486979166666667 0.5356481481481481 0.5596354166666667 0.5416666666666666 0.5604166666666667 0.5814814814814815 0.56015625 0.6300925925925925 0.55703125 0.649074074074074 0.5502604166666667 0.6541666666666667 0.5356770833333333 0.6509259259259259 0.53203125 0.6412037037037037 0.53515625 0.5398148148148149 0.5385416666666667 0.5361111111111111 0.5484375 0.5356481481481481
0 0.8002604166666667 0.40370370370370373 0.8375 0.4111111111111111 0.8416666666666667 0.41435185185185186 0.8434895833333333 0.42962962962962964 0.8419270833333333 0.45185185185185184 0.83671875 0.4564814814814815 0.8291666666666667 0.45740740740740743 0.77890625 0.449537037037037 0.77578125 0.44537037037037036 0.77265625 0.4310185185185185 0.77578125 0.41064814814814815 0.7833333333333333 0.4041666666666667 0.8 0.4041666666666667
0 0.6325520833333333 0.23935185185185184 0.6369791666666667 0.24305555555555555 0.6390625 0.2523148148148148 0.6375 0.3037037037037037 0.6401041666666667 0.324537037037037 0.6375 0.3449074074074074 0.6283854166666667 0.350462962962963 0.6166666666666667 0.3490740740740741 0.6122395833333333 0.34120370370370373 0.6119791666666666 0.25 0.6130208333333333 0.24444444444444444 0.6184895833333334 0.23935185185185184 0.6322916666666667 0.23935185185185184
0 0.42421875 0.49166666666666664 0.052083333333333336 0.07222222222222222
0 0.66171875 0.9787037037037037 0.6716145833333333 0.9875 0.67421875 0.999537037037037 0.6458333333333334 0.999537037037037 0.65 0.9814814814814815 0.6614583333333334 0.9787037037037037
0 0.8497395833333333 0.24768518518518517 0.8575520833333333 0.25092592592592594 0.8630208333333333 0.2625 0.8669270833333333 0.32916666666666666 0.8640625 0.35185185185185186 0.85078125 0.35509259259259257 0.8440104166666667 0.3541666666666667 0.8403645833333333 0.3486111111111111 0.83515625 0.26805555555555555 0.83828125 0.2537037037037037 0.8494791666666667 0.24768518518518517
0 0.7786458333333334 0.23564814814814813 0.7864583333333334 0.24074074074074073 0.790625 0.2513888888888889 0.79140625 0.2824074074074074 0.7908854166666667 0.3347222222222222 0.7875 0.3449074074074074 0.7799479166666666 0.34814814814814815 0.76875 0.3449074074074074 0.7651041666666667 0.3384259259259259 0.7630208333333334 0.2796296296296296 0.76484375 0.24444444444444444 0.7713541666666667 0.23657407407407408 0.7783854166666667 0.23564814814814813
0 0.7403645833333333 0.538425925925926 0.7502604166666667 0.5439814814814815 0.7518229166666667 0.5601851851851852 0.7518229166666667 0.6064814814814815 0.7494791666666667 0.6375 0.74453125 0.6435185185185185 0.7380208333333333 0.6449074074074074 0.7307291666666667 0.6435185185185185 0.7270833333333333 0.6402777777777777 0.72578125 0.6351851851851852 0.7260416666666667 0.549074074074074 0.7291666666666666 0.5402777777777777 0.7401041666666667 0.538425925925926
0 0.6244791666666667 0.10416666666666667 0.6302083333333334 0.10601851851851851 0.63515625 0.11203703703703703 0.63828125 0.1574074074074074 0.6369791666666667 0.20555555555555555 0.6338541666666667 0.21342592592592594 0.6265625 0.21805555555555556 0.6158854166666666 0.21712962962962962 0.6119791666666666 0.2125 0.61015625 0.2050925925925926 0.6122395833333333 0.1388888888888889 0.6111979166666667 0.11990740740740741 0.615625 0.10833333333333334 0.62421875 0.10416666666666667
0 0.965625 0.25 0.971875 0.2537037037037037 0.97578125 0.262037037037037 0.97734375 0.32731481481481484 0.9744791666666667 0.35648148148148145 0.9638020833333333 0.362962962962963 0.9520833333333333 0.3587962962962963 0.9447916666666667 0.3449074074074074 0.9471354166666667 0.3055555555555556 0.9450520833333333 0.27361111111111114 0.94609375 0.2652777777777778 0.9513020833333333 0.25324074074074077 0.95625 0.25 0.9653645833333333 0.25
0 0.8536458333333333 0.5537037037037037 0.8661458333333333 0.5574074074074075 0.86875 0.5606481481481481 0.8697916666666666 0.5671296296296297 0.86640625 0.6611111111111111 0.86328125 0.6722222222222223 0.8557291666666667 0.6773148148148148 0.8416666666666667 0.6717592592592593 0.8388020833333333 0.6611111111111111 0.8419270833333333 0.5773148148148148 0.8450520833333334 0.5606481481481481 0.8486979166666667 0.5546296296296296 0.8533854166666667 0.5537037037037037
0 0.6635416666666667 0.6967592592592593 0.6716145833333333 0.6986111111111111 0.6736979166666667 0.7027777777777777 0.6744791666666666 0.7449074074074075 0.67265625 0.7930555555555555 0.66875 0.8069444444444445 0.6627604166666666 0.8111111111111111 0.6541666666666667 0.8106481481481481 0.6466145833333333 0.8037037037037037 0.6458333333333334 0.7518518518518519 0.6479166666666667 0.7064814814814815 0.6515625 0.6986111111111111 0.66328125 0.6967592592592593
0 0.7049479166666667 0.5569444444444445 0.7119791666666667 0.5601851851851852 0.7145833333333333 0.5675925925925925 0.7153645833333333 0.6199074074074075 0.71328125 0.6259259259259259 0.6950520833333333 0.625462962962963 0.6911458333333333 0.6203703703703703 0.6911458333333333 0.5634259259259259 0.6955729166666667 0.5583333333333333 0.7046875 0.5569444444444445
0 0.78203125 0.6828703703703703 0.7872395833333333 0.6856481481481481 0.790625 0.6953703703703704 0.7932291666666667 0.7791666666666667 0.7901041666666667 0.8004629629629629 0.7833333333333333 0.8060185185185185 0.77265625 0.8041666666666667 0.7661458333333333 0.7962962962962963 0.76640625 0.774074074074074 0.7627604166666667 0.7134259259259259 0.7658854166666667 0.6865740740740741 0.77265625 0.6828703703703703 0.7817708333333333 0.6828703703703703
0 0.54140625 0.6773148148148148 0.55078125 0.6810185185185185 0.5536458333333333 0.687037037037037 0.5546875 0.6990740740740741 0.5541666666666667 0.7833333333333333 0.55078125 0.7921296296296296 0.5440104166666667 0.7967592592592593 0.5317708333333333 0.7930555555555555 0.52890625 0.7870370370370371 0.52734375 0.7694444444444445 0.5286458333333334 0.7449074074074075 0.52734375 0.6921296296296297 0.53203125 0.6805555555555556 0.5411458333333333 0.6773148148148148
0 0.8140625 0.2375 0.8208333333333333 0.24074074074074073 0.8244791666666667 0.25416666666666665 0.8255208333333334 0.32083333333333336 0.82109375 0.32592592592592595 0.80703125 0.32685185185185184 0.8013020833333333 0.32037037037037036 0.8002604166666667 0.24768518518518517 0.8036458333333333 0.24027777777777778 0.8138020833333334 0.23796296296296296
0 0.7786458333333334 0.11898148148148148 0.7828125 0.12175925925925926 0.7841145833333333 0.12685185185185185 0.7869791666666667 0.20046296296296295 0.7828125 0.21805555555555556 0.7731770833333333 0.22361111111111112 0.76640625 0.22037037037037038 0.7627604166666667 0.2125 0.7588541666666667 0.20972222222222223 0.75703125 0.1388888888888889 0.75859375 0.12824074074074074 0.76171875 0.12129629629629629 0.7783854166666667 0.11898148148148148
0 0.8111979166666666 0.6884259259259259 0.8247395833333333 0.6935185185185185 0.8270833333333333 0.7046296296296296 0.8263020833333333 0.7893518518518519 0.8244791666666667 0.7944444444444444 0.8166666666666667 0.8 0.80390625 0.7953703703703704 0.7997395833333333 0.7810185185185186 0.8005208333333333 0.7337962962962963 0.7986979166666667 0.7273148148148149 0.7984375 0.7013888888888888 0.8018229166666667 0.6916666666666667 0.8109375 0.6884259259259259
0 0.5848958333333333 0.6907407407407408 0.5921875 0.6939814814814815 0.5953125 0.6995370370370371 0.5963541666666666 0.7157407407407408 0.5942708333333333 0.7328703703703704 0.59296875 0.8083333333333333 0.5890625 0.8175925925925925 0.5815104166666667 0.8203703703703704 0.5713541666666667 0.8175925925925925 0.5671875 0.8106481481481481 0.5671875 0.7680555555555556 0.56953125 0.7532407407407408 0.57109375 0.6962962962962963 0.5770833333333333 0.6907407407407408 0.5846354166666666 0.6907407407407408