0 0.8932291666666666 0.12129629629629629 0.8966145833333333 0.1259259259259259 0.8979166666666667 0.1361111111111111 0.8994791666666667 0.2175925925925926 0.8986979166666667 0.2263888888888889 0.8947916666666667 0.23472222222222222 0.8856770833333333 0.23796296296296296 0.87578125 0.2351851851851852 0.871875 0.225 0.871875 0.17962962962962964 0.8692708333333333 0.14722222222222223 0.8747395833333333 0.12314814814814815 0.8833333333333333 0.11944444444444445 0.89296875 0.12129629629629629
0 0.7736979166666667 0.11435185185185186 0.7809895833333333 0.11574074074074074 0.7846354166666667 0.11990740740740741 0.7877604166666666 0.17083333333333334 0.7864583333333334 0.20555555555555555 0.7825520833333334 0.21574074074074073 0.7763020833333333 0.21898148148148147 0.7677083333333333 0.21712962962962962 0.7604166666666666 0.20601851851851852 0.7604166666666666 0.1712962962962963 0.7580729166666667 0.14074074074074075 0.7591145833333334 0.12685185185185185 0.7622395833333333 0.1175925925925926 0.7734375 0.11435185185185186
0 0.6231770833333333 0.6731481481481482 0.6309895833333333 0.6763888888888889 0.6346354166666667 0.6814814814814815 0.6369791666666667 0.7157407407407408 0.6364583333333333 0.7842592592592592 0.63359375 0.8037037037037037 0.6270833333333333 0.8101851851851852 0.6109375 0.8074074074074075 0.6072916666666667 0.8027777777777778 0.6052083333333333 0.7944444444444444 0.6075520833333333 0.7759259259259259 0.60625 0.7574074074074074 0.6088541666666667 0.6986111111111111 0.6145833333333334 0.6777777777777778 0.6229166666666667 0.6731481481481482
0 0.7057291666666666 0.24768518518518517 0.71015625 0.2513888888888889 0.7122395833333334 0.2587962962962963 0.7143229166666667 0.32685185185185184 0.7111979166666667 0.3476851851851852 0.70390625 0.35185185185185186 0.6924479166666667 0.3509259259259259 0.68828125 0.3453703703703704 0.68671875 0.28935185185185186 0.6888020833333334 0.2513888888888889 0.6950520833333333 0.24675925925925926 0.70546875 0.24768518518518517
0 0.7041666666666667 0.11944444444444445 0.7104166666666667 0.12314814814814815 0.7114583333333333 0.12824074074074074 0.7119791666666667 0.19675925925925927 0.7109375 0.21064814814814814 0.70234375 0.2175925925925926 0.6911458333333333 0.21666666666666667 0.6872395833333333 0.2101851851851852 0.6875 0.13194444444444445 0.6895833333333333 0.12222222222222222 0.70390625 0.11944444444444445
0 0.96328125 0.11990740740740741 0.97109375 0.12314814814814815 0.9752604166666666 0.12916666666666668 0.9776041666666667 0.15694444444444444 0.97734375 0.2175925925925926 0.97421875 0.22592592592592592 0.965625 0.23148148148148148 0.9557291666666666 0.22870370370370371 0.95078125 0.22083333333333333 0.94765625 0.1763888888888889 0.9486979166666667 0.13240740740740742 0.95546875 0.12129629629629629 0.9630208333333333 0.11990740740740741
0 0.8109375 0.09861111111111111 0.8174479166666667 0.10231481481481482 0.821875 0.1111111111111111 0.8247395833333333 0.15046296296296297 0.8247395833333333 0.17314814814814813 0.8223958333333333 0.1925925925925926 0.8145833333333333 0.20046296296296295 0.8 0.19722222222222222 0.7966145833333333 0.18935185185185185 0.7981770833333334 0.17824074074074073 0.796875 0.11388888888888889 0.8020833333333334 0.10138888888888889 0.8106770833333333 0.09861111111111111
0 0.8140625 0.5453703703703704 0.8208333333333333 0.5476851851851852 0.8247395833333333 0.5537037037037037 0.8265625 0.5745370370370371 0.8268229166666666 0.6453703703703704 0.82421875 0.6550925925925926 0.8182291666666667 0.6578703703703703 0.80625 0.6569444444444444 0.8002604166666667 0.65 0.79921875 0.5546296296296296 0.8028645833333333 0.5467592592592593 0.8138020833333334 0.5453703703703704
0 0.8606770833333334 0.687962962962963 0.8697916666666666 0.6949074074074074 0.8729166666666667 0.7134259259259259 0.8739583333333333 0.7976851851851852 0.8705729166666667 0.8060185185185185 0.86484375 0.8083333333333333 0.84921875 0.8041666666666667 0.8450520833333334 0.7930555555555555 0.8440104166666667 0.7833333333333333 0.8458333333333333 0.7615740740740741 0.8434895833333333 0.7050925925925926 0.8484375 0.6907407407407408 0.8604166666666667 0.687962962962963
0 0.6622395833333333 0.9694444444444444 0.6661458333333333 0.9717592592592592 0.671875 0.9837962962962963 0.6736979166666667 0.999537037037037 0.6447916666666667 0.999537037037037 0.6455729166666667 0.9847222222222223 0.6486979166666667 0.9731481481481481 0.6526041666666667 0.9699074074074074 0.6619791666666667 0.9694444444444444
0 0.5546875 0.5328703703703703 0.5606770833333333 0.537962962962963 0.559375 0.5912037037037037 0.5609375 0.625 0.5575520833333333 0.6453703703703704 0.5502604166666667 0.65 0.53828125 0.6472222222222223 0.53359375 0.6375 0.5361979166666667 0.5361111111111111 0.5440104166666667 0.5314814814814814 0.5544270833333333 0.5328703703703703
0 0.6231770833333333 0.538425925925926 0.6302083333333334 0.5416666666666666 0.6330729166666667 0.5509259259259259 0.6364583333333333 0.6407407407407407 0.63125 0.6550925925925926 0.6171875 0.6592592592592592 0.6109375 0.6537037037037037 0.6080729166666666 0.6407407407407407 0.6057291666666667 0.5527777777777778 0.6091145833333333 0.5412037037037037 0.6229166666666667 0.538425925925926
0 0.74453125 0.25092592592592594 0.7489583333333333 0.25462962962962965 0.7520833333333333 0.2625 0.7546875 0.3375 0.7533854166666667 0.350462962962963 0.7458333333333333 0.35509259259259257 0.7338541666666667 0.3537037037037037 0.73046875 0.34814814814814815 0.7260416666666667 0.2740740740740741 0.7268229166666667 0.26481481481481484 0.7307291666666667 0.25462962962962965 0.7372395833333333 0.25046296296296294 0.7442708333333333 0.25092592592592594
0 0.6674479166666667 0.11805555555555555 0.67421875 0.12314814814814815 0.6768229166666667 0.1375 0.67578125 0.21574074074074073 0.67265625 0.225 0.6619791666666667 0.23333333333333334 0.6544270833333333 0.2310185185185185 0.6494791666666667 0.22453703703703703 0.6473958333333333 0.21435185185185185 0.64765625 0.19814814814814816 0.65234375 0.12685185185185185 0.6567708333333333 0.11944444444444445 0.6671875 0.11805555555555555
0 0.7799479166666666 0.5472222222222223 0.78671875 0.5504629629629629 0.790625 0.5606481481481481 0.7921875 0.6370370370370371 0.7895833333333333 0.6509259259259259 0.77734375 0.6550925925925926 0.76953125 0.6523148148148148 0.765625 0.6412037037037037 0.7658854166666667 0.5921296296296297 0.7630208333333334 0.5634259259259259 0.76484375 0.5532407407407407 0.7674479166666667 0.55 0.7796875 0.5472222222222223
0 0.5934895833333333 0.1175925925925926 0.59921875 0.12083333333333333 0.6010416666666667 0.12731481481481483 0.60078125 0.20046296296296295 0.59921875 0.2199074074074074 0.5893229166666667 0.22962962962962963 0.5796875 0.2273148148148148 0.57421875 0.21666666666666667 0.57578125 0.12731481481481483 0.5770833333333333 0.12175925925925926 0.5809895833333333 0.11805555555555555 0.5932291666666667 0.1175925925925926
0 0.9359375 0.5467592592592593 0.9411458333333333 0.55 0.9450520833333333 0.5574074074074075 0.9489583333333333 0.5898148148148148 0.9489583333333333 0.6574074074074074 0.9455729166666667 0.6689814814814815 0.9393229166666667 0.6717592592592593 0.9276041666666667 0.6703703703703704 0.921875 0.6606481481481481 0.9166666666666666 0.5763888888888888 0.9169270833333333 0.5611111111111111 0.9205729166666666 0.5513888888888889 0.9252604166666667 0.5476851851851852 0.9356770833333333 0.5467592592592593
0 0.5833333333333334 0.6861111111111111 0.5958333333333333 0.6925925925925925 0.5971354166666667 0.7157407407407408 0.5940104166666667 0.8004629629629629 0.5919270833333333 0.8083333333333333 0.584375 0.8148148148148148 0.5755208333333334 0.8143518518518519 0.57109375 0.8106481481481481 0.56875 0.8069444444444445 0.56796875 0.7972222222222223 0.5700520833333333 0.7731481481481481 0.56875 0.7620370370370371 0.5708333333333333 0.7486111111111111 0.5716145833333334 0.6967592592592593 0.57421875 0.6888888888888889 0.5830729166666667 0.6861111111111111
0 0.69609375 0.6787037037037037 0.7098958333333333 0.6837962962962963 0.71328125 0.6976851851851852 0.7130208333333333 0.7736111111111111 0.7114583333333333 0.7944444444444444 0.7065104166666667 0.7981481481481482 0.6927083333333334 0.7976851851851852 0.6859375 0.7944444444444444 0.6833333333333333 0.7898148148148149 0.6854166666666667 0.6953703703703704 0.6890625 0.6814814814814815 0.6958333333333333 0.6791666666666667
0 0.7390625 0.6893518518518519 0.74453125 0.6925925925925925 0.7481770833333333 0.7032407407407407 0.7518229166666667 0.7754629629629629 0.7484375 0.7842592592592592 0.7403645833333333 0.7875 0.7299479166666667 0.7870370370370371 0.7260416666666667 0.7828703703703703 0.7208333333333333 0.7064814814814815 0.7236979166666667 0.6935185185185185 0.7388020833333333 0.6893518518518519
0 0.5510416666666667 0.6763888888888889 0.55390625 0.6810185185185185 0.55546875 0.6986111111111111 0.55625 0.7694444444444445 0.5533854166666666 0.7847222222222222 0.5450520833333333 0.7916666666666666 0.5356770833333333 0.7902777777777777 0.5294270833333333 0.7791666666666667 0.528125 0.6912037037037037 0.5291666666666667 0.6814814814814815 0.5328125 0.6754629629629629 0.54453125 0.6736111111111112 0.55078125 0.6763888888888889
0 0.84375 0.8449074074074074 0.85 0.8472222222222222 0.85390625 0.8555555555555555 0.8552083333333333 0.8768518518518519 0.85234375 0.8902777777777777 0.8432291666666667 0.8930555555555556 0.8002604166666667 0.8939814814814815 0.79296875 0.8935185185185185 0.784375 0.8870370370370371 0.78203125 0.8625 0.7828125 0.8527777777777777 0.7848958333333333 0.8486111111111111 0.7932291666666667 0.8439814814814814 0.8434895833333333 0.8449074074074074
0 0.6674479166666667 0.26296296296296295 0.6723958333333333 0.2675925925925926 0.6752604166666667 0.28888888888888886 0.6729166666666667 0.3425925925925926 0.6716145833333333 0.3476851851851852 0.6674479166666667 0.35 0.65078125 0.3490740740740741 0.6481770833333333 0.3449074074074074 0.64765625 0.3375 0.6494791666666667 0.3212962962962963 0.6484375 0.2851851851851852 0.6497395833333334 0.2689814814814815 0.65546875 0.2625 0.6671875 0.26296296296296295
0 0.8526041666666667 0.24351851851851852 0.8614583333333333 0.25092592592592594 0.86640625 0.2759259259259259 0.8674479166666667 0.3347222222222222 0.86484375 0.3453703703703704 0.8591145833333333 0.35 0.8453125 0.35 0.8421875 0.34675925925925927 0.83828125 0.3189814814814815 0.8359375 0.2587962962962963 0.840625 0.24722222222222223 0.85234375 0.24351851851851852
0 0.74609375 0.06527777777777778 0.7518229166666667 0.0712962962962963 0.7528645833333333 0.07777777777777778 0.75078125 0.12314814814814815 0.7434895833333334 0.17824074074074073 0.7411458333333333 0.1837962962962963 0.7354166666666667 0.18611111111111112 0.7229166666666667 0.1824074074074074 0.7169270833333333 0.17546296296296296 0.7190104166666667 0.14629629629629629 0.7255208333333333 0.08842592592592592 0.7294270833333333 0.07083333333333333 0.734375 0.06388888888888888 0.7458333333333333 0.06527777777777778
0 0.5958333333333333 0.23935185185185184 0.6002604166666666 0.24212962962962964 0.6018229166666667 0.2537037037037037 0.6028645833333334 0.3425925925925926 0.60234375 0.3527777777777778 0.5997395833333333 0.36018518518518516 0.5927083333333333 0.3648148148148148 0.58125 0.3648148148148148 0.5765625 0.3574074074074074 0.57421875 0.34814814814814815 0.5744791666666667 0.3277777777777778 0.5778645833333333 0.24259259259259258 0.58828125 0.23796296296296296 0.5955729166666667 0.23935185185185184
0 0.8528645833333334 0.12962962962962962 0.8583333333333333 0.13287037037037036 0.8604166666666667 0.14074074074074075 0.8609375 0.20601851851851852 0.8596354166666667 0.22083333333333333 0.8557291666666667 0.2263888888888889 0.8489583333333334 0.22916666666666666 0.83828125 0.22777777777777777 0.8341145833333333 0.22037037037037038 0.8348958333333333 0.13796296296296295 0.83828125 0.13055555555555556 0.8526041666666667 0.12962962962962962
0 0.7161458333333334 0.37453703703703706 0.75234375 0.3787037037037037 0.75859375 0.3819444444444444 0.7609375 0.3912037037037037 0.7611979166666667 0.4050925925925926 0.759375 0.4212962962962963 0.7557291666666667 0.425 0.7075520833333333 0.4222222222222222 0.70078125 0.4185185185185185 0.6981770833333333 0.4097222222222222 0.6994791666666667 0.3824074074074074 0.70390625 0.3763888888888889 0.7158854166666667 0.37453703703703706
0 0.6307291666666667 0.23425925925925925 0.6375 0.24074074074074073 0.63984375 0.25092592592592594 0.6393229166666666 0.30694444444444446 0.6411458333333333 0.325 0.6372395833333333 0.34305555555555556 0.6286458333333333 0.34675925925925927 0.6184895833333334 0.3458333333333333 0.6138020833333333 0.3375 0.6127604166666667 0.25092592592592594 0.61640625 0.2375 0.63046875 0.23425925925925925
0 0.8963541666666667 0.5564814814814815 0.9052083333333333 0.562037037037037 0.9078125 0.575462962962963 0.9083333333333333 0.6509259259259259 0.90546875 0.6601851851851852 0.9 0.6657407407407407 0.8830729166666667 0.662962962962963 0.8802083333333334 0.6462962962962963 0.8802083333333334 0.5638888888888889 0.8833333333333333 0.5583333333333333 0.89609375 0.5564814814814815
0 0.9015625 0.25324074074074077 0.9049479166666666 0.25462962962962965 0.909375 0.2625 0.9151041666666667 0.2967592592592593 0.9135416666666667 0.3 0.9140625 0.35555555555555557 0.9098958333333333 0.36342592592592593 0.9013020833333333 0.3662037037037037 0.8875 0.3638888888888889 0.8828125 0.35462962962962963 0.8822916666666667 0.3425925925925926 0.8846354166666667 0.33240740740740743 0.8841145833333334 0.29212962962962963 0.8796875 0.28379629629629627 0.8799479166666667 0.2759259259259259 0.8856770833333333 0.25787037037037036 0.8908854166666667 0.2537037037037037 0.9013020833333333 0.25324074074074077
0 0.7390625 0.5347222222222222 0.7481770833333333 0.5375 0.7513020833333334 0.5430555555555555 0.75078125 0.5925925925925926 0.7520833333333333 0.6027777777777777 0.7505208333333333 0.6282407407407408 0.7484375 0.6365740740740741 0.74140625 0.6398148148148148 0.73046875 0.637962962962963 0.7270833333333333 0.6337962962962963 0.7263020833333333 0.6268518518518519 0.7270833333333333 0.5421296296296296 0.7296875 0.5365740740740741 0.7388020833333333 0.5347222222222222
0 0.7078125 0.5527777777777778 0.71328125 0.5555555555555556 0.71484375 0.5601851851851852 0.7161458333333334 0.6162037037037037 0.7135416666666666 0.6208333333333333 0.6986979166666667 0.6212962962962963 0.6924479166666667 0.6203703703703703 0.6916666666666667 0.6166666666666667 0.69296875 0.5967592592592592 0.6919270833333333 0.5597222222222222 0.6958333333333333 0.5541666666666667 0.7075520833333333 0.5527777777777778
0 0.6315104166666666 0.10324074074074074 0.6346354166666667 0.10648148148148148 0.6375 0.1162037037037037 0.6393229166666666 0.1685185185185185 0.6372395833333333 0.2050925925925926 0.634375 0.2111111111111111 0.6276041666666666 0.21481481481481482 0.61640625 0.21296296296296297 0.61171875 0.2037037037037037 0.6122395833333333 0.11851851851851852 0.6140625 0.10925925925925926 0.6200520833333333 0.10185185185185185 0.63125 0.10324074074074074
0 0.9643229166666667 0.2449074074074074 0.9713541666666666 0.24722222222222223 0.9747395833333333 0.2518518518518518 0.9783854166666667 0.2875 0.9776041666666667 0.3384259259259259 0.9760416666666667 0.3486111111111111 0.9713541666666666 0.3560185185185185 0.9638020833333333 0.35833333333333334 0.95625 0.35694444444444445 0.9497395833333333 0.35138888888888886 0.94609375 0.3425925925925926 0.9458333333333333 0.33240740740740743 0.94765625 0.3023148148148148 0.94609375 0.2652777777777778 0.94921875 0.25416666666666665 0.9533854166666667 0.24768518518518517 0.9640625 0.2449074074074074
0 0.8208333333333333 0.6851851851851852 0.8247395833333333 0.6884259259259259 0.82734375 0.6958333333333333 0.8270833333333333 0.7800925925925926 0.8252604166666667 0.7898148148148149 0.81640625 0.7949074074074074 0.803125 0.7902777777777777 0.8 0.7791666666666667 0.7994791666666666 0.6972222222222222 0.8015625 0.6893518518518519 0.80546875 0.6847222222222222 0.8205729166666667 0.6851851851851852
0 0.65078125 0.6902777777777778 0.6739583333333333 0.6953703703703704 0.67578125 0.7212962962962963 0.6744791666666666 0.7805555555555556 0.671875 0.7953703703703704 0.6645833333333333 0.8050925925925926 0.6497395833333334 0.8027777777777778 0.646875 0.7962962962962963 0.6458333333333334 0.7819444444444444 0.6473958333333333 0.7129629629629629 0.65078125 0.6907407407407408
0 0.11380208333333333 0.06574074074074074 0.1203125 0.07037037037037037 0.12760416666666666 0.08425925925925926 0.12552083333333333 0.09861111111111111 0.11640625 0.11481481481481481 0.10625 0.11018518518518519 0.0984375 0.11157407407407408 0.0953125 0.10833333333333334 0.096875 0.08796296296296297 0.10104166666666667 0.07407407407407407 0.10625 0.06620370370370371 0.11354166666666667 0.06574074074074074
0 0.78359375 0.6782407407407407 0.78984375 0.6847222222222222 0.7919270833333333 0.6958333333333333 0.7942708333333334 0.7759259259259259 0.7911458333333333 0.7935185185185185 0.7828125 0.8013888888888889 0.7705729166666667 0.7976851851851852 0.7661458333333333 0.788425925925926 0.7640625 0.6986111111111111 0.7653645833333333 0.6856481481481481 0.7684895833333333 0.6791666666666667 0.7833333333333333 0.6782407407407407
0 0.8161458333333333 0.2337962962962963 0.8213541666666667 0.2361111111111111 0.8231770833333333 0.24027777777777778 0.8255208333333334 0.2537037037037037 0.8265625 0.28935185185185186 0.8255208333333334 0.31805555555555554 0.8153645833333333 0.32314814814814813 0.8075520833333333 0.3226851851851852 0.8026041666666667 0.3175925925925926 0.80078125 0.24768518518518517 0.8036458333333333 0.23703703703703705 0.8158854166666667 0.2337962962962963
0 0.7794270833333333 0.2310185185185185 0.7872395833333333 0.2361111111111111 0.79140625 0.24814814814814815 0.7921875 0.30694444444444446 0.790625 0.3365740740740741 0.78671875 0.3425925925925926 0.78046875 0.3439814814814815 0.771875 0.3425925925925926 0.7671875 0.33796296296296297 0.7643229166666666 0.31203703703703706 0.76484375 0.2449074074074074 0.7682291666666666 0.23657407407407408 0.7755208333333333 0.23055555555555557 0.7791666666666667 0.2310185185185185
0 0.5950520833333334 0.4111111111111111 0.6341145833333334 0.44583333333333336 0.64375 0.4587962962962963 0.6440104166666667 0.4685185185185185 0.6388020833333333 0.49074074074074076 0.634375 0.49583333333333335 0.62265625 0.4912037037037037 0.61328125 0.47962962962962963 0.5979166666666667 0.46805555555555556 0.5799479166666667 0.449537037037037 0.5778645833333333 0.43796296296296294 0.5815104166666667 0.4212962962962963 0.5880208333333333 0.4115740740740741 0.5947916666666667 0.4111111111111111
0 0.85546875 0.549074074074074 0.8677083333333333 0.5537037037037037 0.8705729166666667 0.5662037037037037 0.8669270833333333 0.6574074074074074 0.8635416666666667 0.6685185185185185 0.8565104166666667 0.6726851851851852 0.8434895833333333 0.6685185185185185 0.8408854166666667 0.6648148148148149 0.8390625 0.6541666666666667 0.8427083333333333 0.5675925925925925 0.8447916666666667 0.5569444444444445 0.8484375 0.55 0.8552083333333333 0.549074074074074