0 0.8890625 0.11527777777777778 0.8950520833333333 0.11805555555555555 0.89765625 0.1259259259259259 0.8997395833333334 0.17083333333333334 0.89921875 0.2175925925925926 0.89609375 0.22916666666666666 0.8838541666666667 0.2324074074074074 0.8765625 0.23055555555555557 0.8716145833333333 0.2199074074074074 0.8721354166666667 0.17175925925925925 0.86953125 0.1398148148148148 0.8739583333333333 0.11944444444444445 0.8802083333333334 0.11527777777777778 0.8888020833333333 0.11527777777777778
0 0.8145833333333333 0.09444444444444444 0.8192708333333333 0.09861111111111111 0.82265625 0.10833333333333334 0.8252604166666667 0.14629629629629629 0.821875 0.18935185185185185 0.81484375 0.19537037037037036 0.8033854166666666 0.19444444444444445 0.7979166666666667 0.18888888888888888 0.79609375 0.11805555555555555 0.796875 0.10925925925925926 0.8010416666666667 0.09814814814814815 0.80625 0.09444444444444444 0.8143229166666667 0.09444444444444444
0 0.753125 0.3731481481481482 0.778125 0.37546296296296294 0.7869791666666667 0.3800925925925926 0.7895833333333333 0.38935185185185184 0.7895833333333333 0.4064814814814815 0.7877604166666666 0.4185185185185185 0.7833333333333333 0.42314814814814816 0.753125 0.4217592592592593 0.7341145833333333 0.41898148148148145 0.728125 0.4152777777777778 0.72578125 0.4050925925925926 0.72734375 0.37916666666666665 0.7338541666666667 0.3726851851851852 0.7528645833333333 0.3731481481481482
0 0.7434895833333334 0.24583333333333332 0.7481770833333333 0.2490740740740741 0.7520833333333333 0.25925925925925924 0.7544270833333333 0.3388888888888889 0.7513020833333334 0.3490740740740741 0.7380208333333333 0.35185185185185186 0.7307291666666667 0.3490740740740741 0.72890625 0.3416666666666667 0.72578125 0.26435185185185184 0.7270833333333333 0.2569444444444444 0.73203125 0.24861111111111112 0.7432291666666667 0.24583333333333332
0 0.9643229166666667 0.11527777777777778 0.9716145833333333 0.11944444444444445 0.9763020833333333 0.12777777777777777 0.9776041666666667 0.2013888888888889 0.9752604166666666 0.22037037037037038 0.9640625 0.22685185185185186 0.9549479166666667 0.22407407407407406 0.94921875 0.2125 0.9486979166666667 0.15648148148148147 0.9471354166666667 0.1476851851851852 0.9473958333333333 0.13333333333333333 0.9505208333333334 0.12268518518518519 0.95625 0.1162037037037037 0.9640625 0.11527777777777778
0 0.86171875 0.6837962962962963 0.8682291666666667 0.687962962962963 0.871875 0.7 0.8736979166666666 0.7523148148148148 0.8731770833333333 0.7962962962962963 0.8697916666666666 0.8013888888888889 0.86328125 0.8032407407407407 0.8494791666666667 0.8 0.8455729166666667 0.7898148148148149 0.8450520833333334 0.7291666666666666 0.84296875 0.7046296296296296 0.8432291666666667 0.6962962962962963 0.8481770833333333 0.6856481481481481 0.8614583333333333 0.6837962962962963
0 0.59296875 0.11157407407407408 0.59921875 0.11527777777777778 0.6013020833333333 0.12453703703703704 0.60078125 0.1962962962962963 0.59921875 0.21342592592592594 0.5950520833333334 0.22083333333333333 0.5893229166666667 0.22361111111111112 0.578125 0.22083333333333333 0.5736979166666667 0.20972222222222223 0.5731770833333333 0.1962962962962963 0.57578125 0.11990740740740741 0.5815104166666667 0.1125 0.5927083333333333 0.11157407407407408
0 0.5927083333333333 0.23287037037037037 0.5989583333333334 0.23472222222222222 0.6013020833333333 0.24027777777777778 0.603125 0.325 0.60234375 0.3449074074074074 0.6 0.3523148148148148 0.5958333333333333 0.3574074074074074 0.5893229166666667 0.3592592592592593 0.58125 0.3578703703703704 0.57421875 0.3458333333333333 0.5752604166666667 0.2564814814814815 0.578125 0.2361111111111111 0.58515625 0.2324074074074074 0.5924479166666666 0.23287037037037037
0 0.6239583333333333 0.5337962962962963 0.6302083333333334 0.5365740740740741 0.6328125 0.5467592592592593 0.6359375 0.625 0.6341145833333334 0.6439814814814815 0.6302083333333334 0.65 0.625 0.6523148148148148 0.6138020833333333 0.6509259259259259 0.60859375 0.6444444444444445 0.6052083333333333 0.5898148148148148 0.60625 0.5398148148148149 0.609375 0.5351851851851852 0.6236979166666666 0.5337962962962963
0 0.85234375 0.5439814814814815 0.8661458333333333 0.5481481481481482 0.86953125 0.5583333333333333 0.8669270833333333 0.6453703703703704 0.8638020833333333 0.6643518518518519 0.8583333333333333 0.6671296296296296 0.8450520833333334 0.6657407407407407 0.840625 0.6606481481481481 0.8385416666666666 0.6513888888888889 0.8419270833333333 0.5657407407407408 0.8466145833333333 0.5476851851851852 0.8520833333333333 0.5444444444444444
0 0.7 0.24166666666666667 0.7111979166666667 0.24768518518518517 0.7135416666666666 0.2773148148148148 0.7119791666666667 0.3398148148148148 0.7098958333333333 0.3458333333333333 0.7041666666666667 0.3476851851851852 0.6911458333333333 0.3458333333333333 0.6888020833333334 0.3425925925925926 0.6880208333333333 0.3333333333333333 0.6869791666666667 0.2537037037037037 0.6901041666666666 0.24444444444444444 0.6997395833333333 0.24166666666666667
0 0.6669270833333333 0.11296296296296296 0.6731770833333334 0.1162037037037037 0.6760416666666667 0.12777777777777777 0.6770833333333334 0.14629629629629629 0.6755208333333333 0.18981481481481483 0.678125 0.21435185185185185 0.6739583333333333 0.22175925925925927 0.6625 0.22824074074074074 0.6557291666666667 0.2273148148148148 0.6484375 0.22037037037037038 0.6466145833333333 0.19814814814814816 0.6494791666666667 0.17314814814814813 0.65078125 0.12638888888888888 0.6544270833333333 0.11574074074074074 0.6666666666666666 0.11296296296296296
0 0.8161458333333333 0.5412037037037037 0.82109375 0.5430555555555555 0.8244791666666667 0.5513888888888889 0.8276041666666667 0.5953703703703703 0.8260416666666667 0.6472222222222223 0.815625 0.6532407407407408 0.8033854166666666 0.6513888888888889 0.8 0.6472222222222223 0.7981770833333334 0.5569444444444445 0.8018229166666667 0.5430555555555555 0.8158854166666667 0.5412037037037037
0 0.08671875 0.21342592592592594 0.09791666666666667 0.2175925925925926 0.10104166666666667 0.2273148148148148 0.09010416666666667 0.2967592592592593 0.08854166666666667 0.30092592592592593 0.0828125 0.3037037037037037 0.07057291666666667 0.29814814814814816 0.06640625 0.2851851851851852 0.06875 0.262037037037037 0.07786458333333333 0.21574074074074073 0.08046875 0.2125 0.08645833333333333 0.21342592592592594
0 0.9369791666666667 0.5425925925925926 0.94375 0.55 0.9466145833333334 0.5634259259259259 0.9489583333333333 0.6481481481481481 0.9458333333333333 0.6648148148148149 0.9364583333333333 0.6671296296296296 0.9255208333333333 0.6648148148148149 0.9213541666666667 0.6569444444444444 0.9184895833333333 0.6199074074074075 0.9171875 0.5560185185185185 0.91796875 0.55 0.9213541666666667 0.5453703703703704 0.93671875 0.5425925925925926
0 0.696875 0.6736111111111112 0.7083333333333334 0.6777777777777778 0.7109375 0.6824074074074075 0.7125 0.6925925925925925 0.7122395833333334 0.7777777777777778 0.7109375 0.7898148148148149 0.7065104166666667 0.7935185185185185 0.6890625 0.7916666666666666 0.6825520833333333 0.7828703703703703 0.68515625 0.6851851851851852 0.6888020833333334 0.6754629629629629 0.6966145833333334 0.6736111111111112
0 0.73828125 0.6842592592592592 0.74375 0.6875 0.7466145833333333 0.6953703703703704 0.7502604166666667 0.7666666666666667 0.7479166666666667 0.7791666666666667 0.7388020833333333 0.7828703703703703 0.7291666666666666 0.7819444444444444 0.7255208333333333 0.7777777777777778 0.7203125 0.700925925925926 0.7205729166666667 0.6925925925925925 0.7229166666666667 0.6884259259259259 0.7380208333333333 0.6842592592592592
0 0.6 0.425462962962963 0.64140625 0.4444444444444444 0.65078125 0.4513888888888889 0.65234375 0.46064814814814814 0.6502604166666667 0.4837962962962963 0.64609375 0.49166666666666664 0.6338541666666667 0.4912037037037037 0.6265625 0.48564814814814816 0.60078125 0.4777777777777778 0.5885416666666666 0.4708333333333333 0.5848958333333333 0.4625 0.58515625 0.4425925925925926 0.5903645833333333 0.42824074074074076 0.5997395833333333 0.425462962962963
0 0.85703125 0.12685185185185185 0.859375 0.1300925925925926 0.8606770833333334 0.1398148148148148 0.8598958333333333 0.21296296296296297 0.85625 0.2222222222222222 0.8458333333333333 0.22453703703703703 0.8372395833333334 0.2222222222222222 0.8338541666666667 0.2152777777777778 0.8348958333333333 0.13148148148148148 0.8369791666666667 0.12638888888888888 0.8403645833333333 0.125 0.8567708333333334 0.12685185185185185
0 0.6674479166666667 0.25787037037037036 0.6721354166666667 0.26435185185185184 0.6734375 0.275 0.6721354166666667 0.3388888888888889 0.6697916666666667 0.3435185185185185 0.66328125 0.3449074074074074 0.6505208333333333 0.3439814814814815 0.64765625 0.3388888888888889 0.6489583333333333 0.3037037037037037 0.6479166666666667 0.2791666666666667 0.6510416666666666 0.2601851851851852 0.6565104166666667 0.2569444444444444 0.6671875 0.25787037037037036
0 0.8526041666666667 0.2388888888888889 0.8591145833333333 0.24305555555555555 0.8630208333333333 0.2513888888888889 0.8674479166666667 0.31712962962962965 0.86484375 0.34120370370370373 0.8536458333333333 0.3458333333333333 0.8447916666666667 0.3453703703703704 0.8403645833333333 0.3388888888888889 0.8356770833333333 0.25833333333333336 0.8369791666666667 0.24814814814814815 0.8401041666666667 0.24259259259259258 0.85234375 0.2388888888888889
0 0.55078125 0.5263888888888889 0.5596354166666667 0.5310185185185186 0.5606770833333333 0.5509259259259259 0.5588541666666667 0.5796296296296296 0.5598958333333334 0.6263888888888889 0.5572916666666666 0.6398148148148148 0.55078125 0.6444444444444445 0.5364583333333334 0.6416666666666667 0.5325520833333334 0.6310185185185185 0.5346354166666667 0.5962962962962963 0.53515625 0.5319444444444444 0.5403645833333334 0.5263888888888889 0.5505208333333333 0.5263888888888889
0 0.6278645833333333 0.22962962962962963 0.6354166666666666 0.23287037037037037 0.6385416666666667 0.24166666666666667 0.6395833333333333 0.2967592592592593 0.6388020833333333 0.3337962962962963 0.63515625 0.33935185185185185 0.6278645833333333 0.3416666666666667 0.61640625 0.33935185185185185 0.6130208333333333 0.33055555555555555 0.6119791666666666 0.25555555555555554 0.6125 0.2388888888888889 0.6145833333333334 0.2337962962962963 0.61953125 0.2300925925925926 0.6276041666666666 0.22962962962962963
0 0.8973958333333333 0.5518518518518518 0.9044270833333333 0.5560185185185185 0.90625 0.5601851851851852 0.90859375 0.6101851851851852 0.9057291666666667 0.649537037037037 0.90234375 0.6587962962962963 0.8979166666666667 0.6615740740740741 0.8877604166666667 0.6606481481481481 0.8817708333333333 0.6560185185185186 0.8791666666666667 0.6078703703703704 0.8807291666666667 0.5569444444444445 0.8861979166666667 0.5523148148148148 0.8971354166666666 0.5518518518518518
0 0.6583333333333333 0.6851851851851852 0.67265625 0.6907407407407408 0.6752604166666667 0.7074074074074074 0.6736979166666667 0.7787037037037037 0.66953125 0.7958333333333333 0.6630208333333333 0.8009259259259259 0.65078125 0.799537037037037 0.6471354166666666 0.7944444444444444 0.6458333333333334 0.7875 0.6473958333333333 0.6949074074074074 0.6528645833333333 0.6856481481481481 0.6580729166666667 0.6851851851851852
0 0.38697916666666665 0.28379629629629627 0.39947916666666666 0.287962962962963 0.40286458333333336 0.2967592592592593 0.39739583333333334 0.3837962962962963 0.39401041666666664 0.3990740740740741 0.38723958333333336 0.4050925925925926 0.3763020833333333 0.4013888888888889 0.371875 0.3972222222222222 0.3703125 0.3888888888888889 0.3776041666666667 0.30694444444444446 0.38125 0.2865740740740741 0.38671875 0.28425925925925927
0 0.7432291666666667 0.5296296296296297 0.74921875 0.5337962962962963 0.7518229166666667 0.5416666666666666 0.75234375 0.5958333333333333 0.7502604166666667 0.625462962962963 0.7471354166666667 0.6328703703703704 0.7416666666666667 0.6351851851851852 0.7307291666666667 0.6337962962962963 0.7268229166666667 0.6296296296296297 0.7252604166666666 0.6231481481481481 0.7252604166666666 0.5916666666666667 0.7270833333333333 0.5337962962962963 0.73515625 0.5291666666666667 0.74296875 0.5296296296296297
0 0.6614583333333334 0.9643518518518519 0.6651041666666667 0.9666666666666667 0.6713541666666667 0.9787037037037037 0.67265625 0.999537037037037 0.6434895833333333 0.999537037037037 0.64609375 0.9708333333333333 0.65078125 0.9652777777777778 0.6611979166666667 0.9643518518518519
0 0.7802083333333333 0.22685185185185186 0.78828125 0.2337962962962963 0.7919270833333333 0.2490740740740741 0.79140625 0.324537037037037 0.7885416666666667 0.33564814814814814 0.7830729166666667 0.3388888888888889 0.76875 0.33564814814814814 0.765625 0.3287037037037037 0.76484375 0.31712962962962965 0.76484375 0.23796296296296296 0.7721354166666666 0.2273148148148148 0.7799479166666666 0.22685185185185186
0 0.6296875 0.0962962962962963 0.63515625 0.10185185185185185 0.6375 0.11342592592592593 0.6380208333333334 0.18703703703703703 0.6346354166666667 0.20462962962962963 0.6252604166666667 0.20925925925925926 0.6145833333333334 0.2064814814814815 0.6109375 0.19490740740740742 0.61171875 0.11203703703703703 0.6127604166666667 0.10555555555555556 0.6171875 0.09861111111111111 0.6229166666666667 0.09537037037037037 0.6294270833333333 0.0962962962962963
0 0.9682291666666667 0.2412037037037037 0.9752604166666666 0.24814814814814815 0.9776041666666667 0.2611111111111111 0.9786458333333333 0.32083333333333336 0.9776041666666667 0.3384259259259259 0.975 0.34675925925925927 0.9658854166666667 0.35324074074074074 0.95234375 0.350462962962963 0.9458333333333333 0.33796296296296297 0.94765625 0.2967592592592593 0.9458333333333333 0.26296296296296295 0.9494791666666667 0.24768518518518517 0.9526041666666667 0.24305555555555555 0.9596354166666666 0.23981481481481481 0.96796875 0.2412037037037037
0 0.859375 0.9884259259259259 0.8643229166666667 0.9912037037037037 0.86796875 0.999537037037037 0.8411458333333334 0.999537037037037 0.8453125 0.9898148148148148 0.8591145833333333 0.9884259259259259
0 0.78046875 0.5425925925925926 0.7864583333333334 0.5462962962962963 0.78984375 0.5583333333333333 0.7916666666666666 0.6305555555555555 0.78828125 0.6458333333333334 0.77734375 0.65 0.7697916666666667 0.6481481481481481 0.7651041666666667 0.6370370370370371 0.7627604166666667 0.5564814814814815 0.7671875 0.5453703703703704 0.7802083333333333 0.5425925925925926
0 0.6197916666666666 0.6736111111111112 0.6299479166666667 0.6773148148148148 0.6333333333333333 0.6824074074074075 0.6375 0.7236111111111111 0.6375 0.7648148148148148 0.634375 0.7935185185185185 0.6302083333333334 0.8023148148148148 0.62421875 0.8046296296296296 0.6125 0.8032407407407407 0.6080729166666666 0.799074074074074 0.60546875 0.7907407407407407 0.6072916666666667 0.7671296296296296 0.60546875 0.7458333333333333 0.6075520833333333 0.7287037037037037 0.6078125 0.6958333333333333 0.61171875 0.6791666666666667 0.6151041666666667 0.674537037037037 0.61953125 0.6736111111111112
0 0.7299479166666667 0 0.7911458333333333 0 0.7802083333333333 0.01574074074074074 0.7377604166666667 0.049074074074074076 0.7333333333333333 0.04814814814814815 0.7294270833333333 0.04259259259259259 0.7239583333333334 0.023148148148148147 0.7239583333333334 0.015277777777777777 0.7299479166666667 0.000462962962962963
0 0.7067708333333333 0.5476851851851852 0.7130208333333333 0.5513888888888889 0.71484375 0.5597222222222222 0.7158854166666667 0.6032407407407407 0.7151041666666667 0.6129629629629629 0.7125 0.6162037037037037 0.6950520833333333 0.6162037037037037 0.6916666666666667 0.6129629629629629 0.69140625 0.5541666666666667 0.6955729166666667 0.549074074074074 0.7065104166666667 0.5476851851851852
0 0.7807291666666667 0.6726851851851852 0.7869791666666667 0.675 0.7903645833333334 0.6833333333333333 0.7934895833333333 0.7703703703703704 0.7901041666666667 0.7898148148148149 0.7815104166666667 0.7967592592592593 0.7700520833333333 0.7935185185185185 0.7651041666666667 0.7851851851851852 0.7622395833333333 0.7273148148148149 0.7627604166666667 0.6990740740740741 0.7653645833333333 0.6768518518518518 0.78046875 0.6726851851851852
0 0.7057291666666666 0.11481481481481481 0.7098958333333333 0.11805555555555555 0.7111979166666667 0.12314814814814815 0.7119791666666667 0.19444444444444445 0.71015625 0.20694444444444443 0.7002604166666667 0.21296296296296297 0.6890625 0.2101851851851852 0.6869791666666667 0.20462962962962963 0.6875 0.12546296296296297 0.690625 0.1162037037037037 0.70546875 0.11481481481481481
0 0.5473958333333333 0.6685185185185185 0.5518229166666667 0.6717592592592593 0.5541666666666667 0.6782407407407407 0.5552083333333333 0.7592592592592593 0.5533854166666666 0.7787037037037037 0.5502604166666667 0.7837962962962963 0.54375 0.7870370370370371 0.5328125 0.7837962962962963 0.52890625 0.775 0.5276041666666667 0.6837962962962963 0.52890625 0.6754629629629629 0.5330729166666667 0.6703703703703704 0.5471354166666667 0.6685185185185185
0 0.82109375 0.23148148148148148 0.8244791666666667 0.2412037037037037 0.8265625 0.26064814814814813 0.8263020833333333 0.30694444444444446 0.8244791666666667 0.3138888888888889 0.8171875 0.3175925925925926 0.8065104166666667 0.3175925925925926 0.8020833333333334 0.3106481481481482 0.80078125 0.2412037037037037 0.80234375 0.2337962962962963 0.8059895833333334 0.22962962962962963 0.815625 0.22870370370370371 0.8208333333333333 0.23148148148148148
0 0.7744791666666667 0.10925925925925926 0.7825520833333334 0.11157407407407408 0.7848958333333333 0.11574074074074074 0.7877604166666666 0.17175925925925925 0.784375 0.20694444444444443 0.7736979166666667 0.21435185185185185 0.765625 0.20972222222222223 0.7596354166666667 0.19583333333333333 0.7598958333333333 0.1574074074074074 0.7580729166666667 0.12916666666666668 0.75859375 0.12037037037037036 0.7619791666666667 0.1125 0.77421875 0.10925925925925926
0 0.89765625 0.24768518518518517 0.9041666666666667 0.24953703703703703 0.9080729166666667 0.2550925925925926 0.9145833333333333 0.2884259259259259 0.91328125 0.2986111111111111 0.91484375 0.32592592592592595 0.9138020833333333 0.3486111111111111 0.9111979166666667 0.35694444444444445 0.9013020833333333 0.3611111111111111 0.8895833333333333 0.3597222222222222 0.8822916666666667 0.3486111111111111 0.8825520833333333 0.33611111111111114 0.8846354166666667 0.3287037037037037 0.88359375 0.28888888888888886 0.8794270833333333 0.2777777777777778 0.88359375 0.25833333333333336 0.8872395833333333 0.2513888888888889 0.8973958333333333 0.24768518518518517
0 0.5841145833333333 0.6814814814814815 0.59296875 0.6851851851851852 0.5958333333333333 0.6921296296296297 0.5966145833333333 0.700925925925926 0.5950520833333334 0.7092592592592593 0.59375 0.7921296296296296 0.58984375 0.8064814814814815 0.5848958333333333 0.8101851851851852 0.5713541666666667 0.8074074074074075 0.5671875 0.7967592592592593 0.5666666666666667 0.7828703703703703 0.5690104166666666 0.7685185185185185 0.5669270833333333 0.7476851851851852 0.57109375 0.6884259259259259 0.5744791666666667 0.6824074074074075 0.5838541666666667 0.6814814814814815
0 0.8151041666666666 0.6787037037037037 0.8252604166666667 0.6856481481481481 0.8276041666666667 0.7407407407407407 0.82578125 0.7810185185185186 0.8231770833333333 0.7861111111111111 0.8161458333333333 0.7902777777777777 0.8096354166666667 0.7898148148148149 0.8015625 0.7828703703703703 0.7994791666666666 0.7708333333333334 0.7989583333333333 0.7416666666666667 0.80078125 0.7226851851851852 0.7994791666666666 0.7138888888888889 0.8002604166666667 0.6856481481481481 0.80625 0.6791666666666667 0.81484375 0.6787037037037037