0 0.88828125 0.125 0.8940104166666667 0.12824074074074074 0.8953125 0.13240740740740742 0.8989583333333333 0.19953703703703704 0.8958333333333334 0.23657407407407408 0.88515625 0.24166666666666667 0.87578125 0.24074074074074073 0.87265625 0.2375 0.8703125 0.22870370370370371 0.86875 0.15648148148148147 0.8697916666666666 0.13796296296296295 0.8723958333333334 0.12916666666666668 0.8765625 0.12546296296296297 0.8880208333333334 0.125
0 0.70703125 0.5574074074074075 0.7127604166666667 0.562037037037037 0.7143229166666667 0.5805555555555556 0.7143229166666667 0.6217592592592592 0.7088541666666667 0.625 0.6927083333333334 0.625 0.6903645833333333 0.6199074074074075 0.6916666666666667 0.5958333333333333 0.690625 0.5625 0.6958333333333333 0.5574074074074075 0.7067708333333333 0.5574074074074075
0 0.8114583333333333 0.1037037037037037 0.8151041666666666 0.10555555555555556 0.8200520833333333 0.11574074074074074 0.8231770833333333 0.1439814814814815 0.8231770833333333 0.16435185185185186 0.82109375 0.19583333333333333 0.8174479166666667 0.20277777777777778 0.8109375 0.20555555555555555 0.8 0.20324074074074075 0.7955729166666666 0.19537037037037036 0.7966145833333333 0.15 0.7940104166666667 0.12546296296296297 0.8002604166666667 0.10694444444444444 0.8111979166666666 0.1037037037037037
0 0.6302083333333334 0.6865740740740741 0.63359375 0.6953703703703704 0.6356770833333333 0.725462962962963 0.6364583333333333 0.7481481481481481 0.634375 0.7967592592592593 0.6299479166666667 0.8115740740740741 0.6229166666666667 0.8143518518518519 0.609375 0.8115740740740741 0.6052083333333333 0.8023148148148148 0.6052083333333333 0.7481481481481481 0.6067708333333334 0.7439814814814815 0.6072916666666667 0.7055555555555556 0.6088541666666667 0.6925925925925925 0.6127604166666667 0.6865740740740741 0.62109375 0.6842592592592592 0.6299479166666667 0.6865740740740741
0 0.7802083333333333 0.5518518518518518 0.7861979166666667 0.5560185185185185 0.7880208333333333 0.5606481481481481 0.78984375 0.5787037037037037 0.790625 0.6375 0.7880208333333333 0.6546296296296297 0.7760416666666666 0.6592592592592592 0.7690104166666667 0.6574074074074074 0.7645833333333333 0.6472222222222223 0.7619791666666667 0.5657407407407408 0.765625 0.5550925925925926 0.7799479166666666 0.5518518518518518
0 0.7424479166666667 0.25555555555555554 0.74921875 0.26296296296296295 0.7515625 0.2763888888888889 0.7533854166666667 0.3490740740740741 0.7518229166666667 0.3560185185185185 0.7419270833333333 0.3597222222222222 0.7307291666666667 0.35694444444444445 0.72734375 0.3486111111111111 0.7278645833333334 0.3199074074074074 0.7247395833333333 0.2722222222222222 0.73046875 0.2574074074074074 0.7421875 0.25555555555555554
0 0.70234375 0.2513888888888889 0.7078125 0.25462962962962965 0.7111979166666667 0.2625 0.7111979166666667 0.3490740740740741 0.7065104166666667 0.35555555555555557 0.7 0.35648148148148145 0.6893229166666667 0.3537037037037037 0.6872395833333333 0.3490740740740741 0.6854166666666667 0.2689814814814815 0.6885416666666667 0.2537037037037037 0.7020833333333333 0.2513888888888889
0 0.96484375 0.12546296296296297 0.97109375 0.13055555555555556 0.9747395833333333 0.14074074074074075 0.9755208333333333 0.2125 0.9744791666666667 0.2273148148148148 0.9703125 0.2337962962962963 0.9645833333333333 0.2361111111111111 0.9536458333333333 0.23287037037037037 0.94765625 0.22268518518518518 0.94609375 0.18981481481481483 0.9471354166666667 0.1648148148148148 0.9453125 0.15648148148148147 0.94609375 0.14212962962962963 0.9497395833333333 0.1300925925925926 0.9565104166666667 0.12453703703703704 0.9645833333333333 0.12546296296296297
0 0.8528645833333334 0.13518518518518519 0.85625 0.13703703703703704 0.8591145833333333 0.14351851851851852 0.8588541666666667 0.2162037037037037 0.8559895833333333 0.22824074074074074 0.8473958333333333 0.2337962962962963 0.8348958333333333 0.2310185185185185 0.8322916666666667 0.22407407407407406 0.8325520833333333 0.14675925925925926 0.8348958333333333 0.1361111111111111 0.8526041666666667 0.13518518518518519
0 0.68359375 0.38333333333333336 0.6893229166666667 0.3939814814814815 0.7065104166666667 0.4634259259259259 0.7065104166666667 0.47685185185185186 0.7041666666666667 0.48333333333333334 0.6916666666666667 0.4925925925925926 0.6856770833333333 0.4912037037037037 0.68125 0.4837962962962963 0.6716145833333333 0.45046296296296295 0.6630208333333333 0.40694444444444444 0.6635416666666667 0.3972222222222222 0.6682291666666667 0.38796296296296295 0.675 0.38333333333333336 0.6833333333333333 0.38333333333333336
0 0.8591145833333333 0.6916666666666667 0.8661458333333333 0.6949074074074074 0.8700520833333333 0.7032407407407407 0.8729166666666667 0.7481481481481481 0.8729166666666667 0.8027777777777778 0.86953125 0.8106481481481481 0.86328125 0.812962962962963 0.8489583333333334 0.8097222222222222 0.8458333333333333 0.8027777777777778 0.8440104166666667 0.7907407407407407 0.8442708333333333 0.7398148148148148 0.8416666666666667 0.7212962962962963 0.8419270833333333 0.7074074074074074 0.8481770833333333 0.6944444444444444 0.8588541666666667 0.6916666666666667
0 0.9114583333333334 0.4046296296296296 0.9385416666666667 0.4185185185185185 0.9627604166666667 0.43703703703703706 0.96484375 0.4425925925925926 0.9645833333333333 0.449537037037037 0.96328125 0.4597222222222222 0.9583333333333334 0.4736111111111111 0.95625 0.4773148148148148 0.95078125 0.4777777777777778 0.9010416666666666 0.4462962962962963 0.8986979166666667 0.43796296296296294 0.90234375 0.4148148148148148 0.9044270833333333 0.40925925925925927 0.9111979166666667 0.4050925925925926
0 0.54375 0.5347222222222222 0.5575520833333333 0.538425925925926 0.5596354166666667 0.5453703703703704 0.5583333333333333 0.6356481481481482 0.5557291666666667 0.65 0.55 0.6537037037037037 0.5356770833333333 0.6509259259259259 0.5328125 0.6472222222222223 0.5315104166666667 0.6375 0.5346354166666667 0.5986111111111111 0.5348958333333333 0.5398148148148149 0.53671875 0.5365740740740741 0.5434895833333333 0.5347222222222222
0 0.6208333333333333 0.5421296296296296 0.6299479166666667 0.5472222222222223 0.6333333333333333 0.5782407407407407 0.6348958333333333 0.6439814814814815 0.6341145833333334 0.6504629629629629 0.6302083333333334 0.6583333333333333 0.625 0.6611111111111111 0.6158854166666666 0.6611111111111111 0.609375 0.6574074074074074 0.6072916666666667 0.6509259259259259 0.6057291666666667 0.6305555555555555 0.6046875 0.5532407407407407 0.60859375 0.5444444444444444 0.6205729166666667 0.5421296296296296
0 0.8927083333333333 0.5606481481481481 0.9010416666666666 0.5634259259259259 0.9052083333333333 0.5694444444444444 0.9078125 0.6291666666666667 0.90546875 0.6625 0.9010416666666666 0.6689814814814815 0.8940104166666667 0.6708333333333333 0.8833333333333333 0.6689814814814815 0.8802083333333334 0.6643518518518519 0.8783854166666667 0.6148148148148148 0.8794270833333333 0.5662037037037037 0.8833333333333333 0.562037037037037 0.8924479166666667 0.5606481481481481
0 0.66640625 0.12361111111111112 0.671875 0.12638888888888888 0.6744791666666666 0.13564814814814816 0.675 0.21064814814814814 0.6734375 0.2273148148148148 0.6627604166666666 0.2375 0.653125 0.2361111111111111 0.6473958333333333 0.2300925925925926 0.6458333333333334 0.2212962962962963 0.6463541666666667 0.19166666666666668 0.6513020833333333 0.1300925925925926 0.6578125 0.12314814814814815 0.6661458333333333 0.12361111111111112
0 0.8572916666666667 0.5541666666666667 0.86640625 0.5578703703703703 0.86875 0.5666666666666667 0.8666666666666667 0.6583333333333333 0.86328125 0.6712962962962963 0.8572916666666667 0.6768518518518518 0.8419270833333333 0.6731481481481482 0.8377604166666667 0.6620370370370371 0.8419270833333333 0.5708333333333333 0.84765625 0.5550925925925926 0.85703125 0.5541666666666667
0 0.5916666666666667 0.12175925925925926 0.5979166666666667 0.125 0.6 0.13194444444444445 0.5994791666666667 0.21851851851851853 0.5934895833333333 0.23055555555555557 0.5872395833333334 0.2337962962962963 0.5776041666666667 0.23055555555555557 0.5723958333333333 0.22037037037037038 0.5744791666666667 0.13148148148148148 0.57890625 0.12268518518518519 0.59140625 0.12175925925925926
0 0.9341145833333333 0.5509259259259259 0.9403645833333333 0.5541666666666667 0.9447916666666667 0.5643518518518519 0.9473958333333333 0.6046296296296296 0.9473958333333333 0.6648148148148149 0.94375 0.6731481481481482 0.9361979166666666 0.6759259259259259 0.9255208333333333 0.6736111111111112 0.9205729166666666 0.6648148148148149 0.9174479166666667 0.6273148148148148 0.9184895833333333 0.6046296296296296 0.9158854166666667 0.5703703703703704 0.9182291666666667 0.5564814814814815 0.92421875 0.5518518518518518 0.9338541666666667 0.5509259259259259
0 0.7005208333333334 0.6833333333333333 0.7088541666666667 0.6888888888888889 0.7122395833333334 0.7027777777777777 0.7104166666666667 0.7962962962962963 0.70546875 0.8018518518518518 0.6885416666666667 0.8009259259259259 0.684375 0.7981481481481482 0.6817708333333333 0.7921296296296296 0.6848958333333334 0.6921296296296297 0.6888020833333334 0.6842592592592592 0.7002604166666667 0.6833333333333333
0 0.7421875 0.6958333333333333 0.7447916666666666 0.7 0.7471354166666667 0.7162037037037037 0.7494791666666667 0.7810185185185186 0.74609375 0.7893518518518519 0.73828125 0.7916666666666666 0.7276041666666667 0.7912037037037037 0.7239583333333334 0.7861111111111111 0.7192708333333333 0.7097222222222223 0.7205729166666667 0.7 0.7239583333333334 0.6962962962962963 0.7302083333333333 0.6939814814814815 0.7419270833333333 0.6958333333333333
0 0.5424479166666667 0.6768518518518518 0.5515625 0.6819444444444445 0.5544270833333333 0.6944444444444444 0.5549479166666667 0.7754629629629629 0.5518229166666667 0.7893518518518519 0.5440104166666667 0.7958333333333333 0.5354166666666667 0.7949074074074074 0.5294270833333333 0.7898148148148149 0.5263020833333333 0.7486111111111111 0.52734375 0.6856481481481481 0.53203125 0.6791666666666667 0.5421875 0.6768518518518518
0 0.6307291666666667 0.23935185185185184 0.6361979166666667 0.24444444444444444 0.63828125 0.2537037037037037 0.6369791666666667 0.3013888888888889 0.6390625 0.325 0.6372395833333333 0.3449074074074074 0.6268229166666667 0.35138888888888886 0.6158854166666666 0.34953703703703703 0.6119791666666666 0.3425925925925926 0.6111979166666667 0.262037037037037 0.6127604166666667 0.24444444444444444 0.61953125 0.2388888888888889 0.63046875 0.23935185185185184
0 0.9877604166666667 0.05 0.99453125 0.04351851851851852 0.9997395833333333 0.04259259259259259 0.9997395833333333 0.13657407407407407 0.9979166666666667 0.13703703703703704 0.9997395833333333 0.15231481481481482 0.9947916666666666 0.14907407407407408 0.99140625 0.13842592592592592 0.9911458333333333 0.11944444444444445 0.9877604166666667 0.10231481481481482 0.9877604166666667 0.08101851851851852 0.984375 0.06527777777777778 0.9877604166666667 0.050462962962962966
0 0.7072916666666667 0.12546296296296297 0.7106770833333333 0.13657407407407407 0.7104166666666667 0.21064814814814814 0.70703125 0.21898148148148147 0.6966145833333334 0.2222222222222222 0.6888020833333334 0.2199074074074074 0.6854166666666667 0.21203703703703702 0.6859375 0.13333333333333333 0.6875 0.12824074074074074 0.69296875 0.125 0.70703125 0.12546296296296297
0 0.6591145833333333 0.2657407407407407 0.6705729166666666 0.2712962962962963 0.6729166666666667 0.29212962962962963 0.6705729166666666 0.34814814814814815 0.6682291666666667 0.3523148148148148 0.6619791666666667 0.3541666666666667 0.6489583333333333 0.3527777777777778 0.6463541666666667 0.3458333333333333 0.64765625 0.27546296296296297 0.65078125 0.2675925925925926 0.6588541666666666 0.2657407407407407
0 0.7765625 0.11944444444444445 0.78203125 0.12268518518518519 0.78359375 0.12731481481481483 0.7859375 0.2 0.7830729166666667 0.21666666666666667 0.7729166666666667 0.22407407407407406 0.7630208333333334 0.22037037037037038 0.7622395833333333 0.21342592592592594 0.7578125 0.20972222222222223 0.7580729166666667 0.16064814814814815 0.7565104166666666 0.13842592592592592 0.7575520833333333 0.1300925925925926 0.7611979166666667 0.12175925925925926 0.7763020833333333 0.11944444444444445
0 0.59609375 0.2439814814814815 0.6 0.25046296296296294 0.6015625 0.27361111111111114 0.6091145833333333 0.2759259259259259 0.6026041666666667 0.29305555555555557 0.6010416666666667 0.3560185185185185 0.596875 0.36435185185185187 0.5885416666666666 0.3685185185185185 0.5794270833333334 0.36712962962962964 0.57421875 0.3597222222222222 0.57265625 0.32731481481481484 0.5640625 0.30185185185185187 0.5640625 0.2898148148148148 0.5736979166666667 0.28379629629629627 0.5744791666666667 0.25601851851851853 0.5778645833333333 0.2449074074074074 0.5958333333333333 0.2439814814814815
0 0.8 0.40370370370370373 0.8395833333333333 0.4134259259259259 0.8421875 0.41805555555555557 0.8427083333333333 0.4263888888888889 0.8424479166666666 0.4439814814814815 0.840625 0.45185185185185184 0.8348958333333333 0.45694444444444443 0.8263020833333333 0.45740740740740743 0.7828125 0.45231481481481484 0.77578125 0.44675925925925924 0.7721354166666666 0.43194444444444446 0.7723958333333333 0.4203703703703704 0.77578125 0.40925925925925927 0.7822916666666667 0.4041666666666667 0.7997395833333333 0.4041666666666667
0 0.6614583333333334 0.9824074074074074 0.6677083333333333 0.986574074074074 0.6723958333333333 0.999537037037037 0.6450520833333333 0.999537037037037 0.64765625 0.9879629629629629 0.6505208333333333 0.9837962962962963 0.6611979166666667 0.9824074074074074
0 0.8533854166666667 0.2490740740740741 0.8588541666666667 0.25416666666666665 0.8622395833333333 0.2638888888888889 0.8661458333333333 0.3365740740740741 0.8627604166666667 0.3527777777777778 0.8502604166666666 0.35509259259259257 0.8424479166666666 0.3537037037037037 0.83984375 0.3486111111111111 0.834375 0.26481481481481484 0.83515625 0.25833333333333336 0.8403645833333333 0.25092592592592594 0.853125 0.2490740740740741
0 0.7763020833333333 0.23564814814814813 0.7864583333333334 0.24212962962962964 0.7903645833333334 0.26064814814814813 0.78984375 0.33611111111111114 0.7872395833333333 0.3439814814814815 0.7815104166666667 0.3472222222222222 0.7682291666666666 0.3453703703703704 0.7653645833333333 0.3421296296296296 0.7635416666666667 0.33194444444444443 0.7630208333333334 0.25046296296296294 0.7674479166666667 0.23981481481481481 0.7760416666666666 0.23564814814814813
0 0.740625 0.538425925925926 0.7473958333333334 0.5412037037037037 0.7502604166666667 0.5467592592592593 0.7497395833333333 0.5916666666666667 0.7513020833333334 0.6055555555555555 0.7494791666666667 0.6342592592592593 0.7466145833333333 0.6402777777777777 0.7411458333333333 0.6439814814814815 0.7309895833333333 0.6430555555555556 0.7255208333333333 0.6375 0.72578125 0.6106481481481482 0.7239583333333334 0.6023148148148149 0.7263020833333333 0.5430555555555555 0.73046875 0.5393518518518519 0.7403645833333333 0.538425925925926
0 0.625 0.1050925925925926 0.6346354166666667 0.1125 0.6377604166666667 0.14583333333333334 0.63671875 0.2023148148148148 0.6333333333333333 0.21388888888888888 0.6265625 0.21851851851851853 0.6153645833333333 0.21712962962962962 0.6119791666666666 0.21342592592592594 0.61015625 0.20416666666666666 0.6111979166666667 0.11805555555555555 0.615625 0.10833333333333334 0.6247395833333333 0.1050925925925926
0 0.9598958333333333 0.24953703703703703 0.9705729166666667 0.25324074074074077 0.9752604166666666 0.26481481481481484 0.9765625 0.29074074074074074 0.9739583333333334 0.35509259259259257 0.9661458333333334 0.3625 0.9567708333333333 0.3625 0.9494791666666667 0.35694444444444445 0.9440104166666666 0.3453703703703704 0.9458333333333333 0.30416666666666664 0.9442708333333333 0.2722222222222222 0.9497395833333333 0.25416666666666665 0.9596354166666666 0.25
0 0.8145833333333333 0.55 0.8205729166666667 0.5532407407407407 0.8244791666666667 0.5671296296296297 0.8260416666666667 0.6138888888888889 0.8252604166666667 0.6541666666666667 0.821875 0.6597222222222222 0.81484375 0.6625 0.80390625 0.6611111111111111 0.7989583333333333 0.6546296296296297 0.7994791666666666 0.6152777777777778 0.796875 0.575925925925926 0.8 0.5523148148148148 0.8143229166666667 0.55
0 0.6578125 0.6944444444444444 0.671875 0.6990740740740741 0.6739583333333333 0.711574074074074 0.6744791666666666 0.7444444444444445 0.6723958333333333 0.7902777777777777 0.6690104166666667 0.8032407407407407 0.6619791666666667 0.8106481481481481 0.6494791666666667 0.8078703703703703 0.6463541666666667 0.8037037037037037 0.6453125 0.7967592592592593 0.6463541666666667 0.7106481481481481 0.6502604166666667 0.6958333333333333 0.6575520833333334 0.6944444444444444
0 0.4518229166666667 0.03287037037037037 0.45338541666666665 0.05694444444444444 0.4505208333333333 0.07777777777777778 0.44114583333333335 0.09027777777777778 0.43020833333333336 0.09722222222222222 0.42265625 0.09166666666666666 0.41692708333333334 0.07453703703703704 0.4171875 0.06712962962962964 0.43333333333333335 0.046296296296296294 0.4515625 0.03287037037037037
0 0.7830729166666667 0.6828703703703703 0.7877604166666666 0.687962962962963 0.7903645833333334 0.6990740740740741 0.7921875 0.7837962962962963 0.7901041666666667 0.7962962962962963 0.7864583333333334 0.8023148148148148 0.7799479166666666 0.8055555555555556 0.7684895833333333 0.8013888888888889 0.7645833333333333 0.7930555555555555 0.7622395833333333 0.7060185185185185 0.7653645833333333 0.6851851851851852 0.7721354166666666 0.6819444444444445 0.7828125 0.6828703703703703
0 0.5877604166666667 0.6912037037037037 0.5940104166666667 0.6958333333333333 0.59609375 0.7046296296296296 0.59375 0.737037037037037 0.59453125 0.7828703703703703 0.5911458333333334 0.8111111111111111 0.5885416666666666 0.8162037037037037 0.5828125 0.8189814814814815 0.57265625 0.8175925925925925 0.5669270833333333 0.8106481481481481 0.5666666666666667 0.7541666666666667 0.56875 0.7393518518518518 0.5684895833333333 0.7134259259259259 0.57109375 0.6949074074074074 0.57734375 0.6902777777777778 0.5875 0.6912037037037037
0 0.8192708333333333 0.24027777777777778 0.8221354166666667 0.2449074074074074 0.8244791666666667 0.26435185185185184 0.8252604166666667 0.31805555555555554 0.8221354166666667 0.325 0.8143229166666667 0.32731481481481484 0.8041666666666667 0.32592592592592595 0.8010416666666667 0.32037037037037036 0.8018229166666667 0.28888888888888886 0.7986979166666667 0.25462962962962965 0.8 0.2449074074074074 0.8033854166666666 0.24027777777777778 0.8190104166666666 0.24027777777777778
0 0.9018229166666667 0.2587962962962963 0.9078125 0.2671296296296296 0.9138020833333333 0.2967592592592593 0.9119791666666667 0.30694444444444446 0.9130208333333333 0.35324074074074074 0.9096354166666667 0.36574074074074076 0.89921875 0.37037037037037035 0.8872395833333333 0.3675925925925926 0.8815104166666666 0.35833333333333334 0.8828125 0.30648148148148147 0.8815104166666666 0.29444444444444445 0.878125 0.2861111111111111 0.8799479166666667 0.274537037037037 0.8848958333333333 0.2611111111111111 0.8911458333333333 0.2574074074074074 0.9015625 0.2587962962962963
0 0.81484375 0.687962962962963 0.8244791666666667 0.6949074074074074 0.82578125 0.7060185185185185 0.8255208333333334 0.7875 0.8223958333333333 0.7953703703703704 0.81640625 0.799074074074074 0.803125 0.7958333333333333 0.7981770833333334 0.7810185185185186 0.7986979166666667 0.6962962962962963 0.8046875 0.6888888888888889 0.8145833333333333 0.687962962962963