0 0.8864583333333333 0.1300925925925926 0.8921875 0.13287037037037036 0.8947916666666667 0.1398148148148148 0.8971354166666666 0.20555555555555555 0.8958333333333334 0.24027777777777778 0.8872395833333333 0.24722222222222223 0.8763020833333334 0.24675925925925926 0.8697916666666666 0.23703703703703705 0.86875 0.18703703703703703 0.865625 0.15787037037037038 0.871875 0.13333333333333333 0.8861979166666667 0.1300925925925926
0 0.5442708333333334 0.6833333333333333 0.5502604166666667 0.6865740740740741 0.553125 0.6925925925925925 0.5552083333333333 0.7652777777777777 0.5520833333333334 0.7935185185185185 0.54375 0.8013888888888889 0.5328125 0.799537037037037 0.52734375 0.7893518518518519 0.5278645833333333 0.7217592592592592 0.5252604166666667 0.7078703703703704 0.5294270833333333 0.6888888888888889 0.5356770833333333 0.6837962962962963 0.5440104166666667 0.6833333333333333
0 0.8104166666666667 0.10972222222222222 0.8151041666666666 0.1125 0.8200520833333333 0.12314814814814815 0.8221354166666667 0.15462962962962962 0.8221354166666667 0.18611111111111112 0.8197916666666667 0.2023148148148148 0.81796875 0.2074074074074074 0.8106770833333333 0.2111111111111111 0.80078125 0.20972222222222223 0.7950520833333333 0.20277777777777778 0.7953125 0.15787037037037038 0.7932291666666667 0.1412037037037037 0.7966145833333333 0.11712962962962963 0.8015625 0.11064814814814815 0.81015625 0.10972222222222222
0 0.6278645833333333 0.6851851851851852 0.63125 0.6898148148148148 0.6338541666666667 0.7060185185185185 0.6346354166666667 0.7768518518518519 0.6307291666666667 0.8152777777777778 0.621875 0.8199074074074074 0.609375 0.8180555555555555 0.6041666666666666 0.8069444444444445 0.6078125 0.7569444444444444 0.6052083333333333 0.7375 0.6067708333333334 0.7097222222222223 0.6119791666666666 0.6875 0.6158854166666666 0.6842592592592592 0.6276041666666666 0.6851851851851852
0 0.6997395833333333 0.12916666666666668 0.7067708333333333 0.13194444444444445 0.7091145833333333 0.13796296296296295 0.7104166666666667 0.20925925925925926 0.7067708333333333 0.22361111111111112 0.6989583333333333 0.22777777777777777 0.6869791666666667 0.22453703703703703 0.6846354166666667 0.20879629629629629 0.6854166666666667 0.13796296296296295 0.6885416666666667 0.13148148148148148 0.6994791666666667 0.12916666666666668
0 0.9606770833333333 0.13055555555555556 0.9716145833333333 0.13935185185185187 0.9744791666666667 0.15416666666666667 0.97421875 0.22870370370370371 0.9705729166666667 0.23703703703703705 0.9638020833333333 0.24166666666666667 0.95625 0.24074074074074073 0.9479166666666666 0.2310185185185185 0.94375 0.15787037037037038 0.9447916666666667 0.14722222222222223 0.9486979166666667 0.13564814814814816 0.9528645833333333 0.13148148148148148 0.9604166666666667 0.13055555555555556
0 0.8596354166666667 0.6976851851851852 0.8666666666666667 0.7018518518518518 0.8700520833333333 0.712037037037037 0.8723958333333334 0.7680555555555556 0.8716145833333333 0.8101851851851852 0.86953125 0.8148148148148148 0.8627604166666667 0.8175925925925925 0.8473958333333333 0.8138888888888889 0.84375 0.8037037037037037 0.8427083333333333 0.7907407407407407 0.8440104166666667 0.7689814814814815 0.84140625 0.7097222222222223 0.846875 0.6995370370370371 0.859375 0.6976851851851852
0 0.8966145833333333 0.26296296296296295 0.9020833333333333 0.26481481481481484 0.90625 0.2708333333333333 0.9096354166666667 0.2949074074074074 0.9125 0.30277777777777776 0.91015625 0.3138888888888889 0.9122395833333333 0.3453703703703704 0.9111979166666667 0.36527777777777776 0.9080729166666667 0.3726851851851852 0.8986979166666667 0.3763888888888889 0.88671875 0.37453703703703706 0.8799479166666667 0.3625 0.8799479166666667 0.35 0.8822916666666667 0.3416666666666667 0.8817708333333333 0.3037037037037037 0.8776041666666666 0.29305555555555557 0.8778645833333333 0.2861111111111111 0.8830729166666667 0.2689814814814815 0.8875 0.26435185185185184 0.8963541666666667 0.26296296296296295
0 0.02265625 0.38981481481481484 0.03203125 0.3972222222222222 0.03463541666666667 0.4115740740740741 0.026041666666666668 0.47453703703703703 0.022916666666666665 0.4847222222222222 0.01640625 0.49166666666666664 0.009635416666666667 0.4912037037037037 0 0.48518518518518516 0 0.43425925925925923 0.0018229166666666667 0.4337962962962963 0.007291666666666667 0.3972222222222222 0.010677083333333334 0.39305555555555555 0.022395833333333334 0.38981481481481484
0 0.6260416666666667 0.549074074074074 0.6299479166666667 0.5532407407407407 0.63203125 0.5671296296296297 0.6346354166666667 0.649537037037037 0.6296875 0.6643518518518519 0.6213541666666667 0.6671296296296296 0.6098958333333333 0.6652777777777777 0.6059895833333333 0.6537037037037037 0.603125 0.5726851851851852 0.6057291666666667 0.5523148148148148 0.6127604166666667 0.5486111111111112 0.62578125 0.549074074074074
0 0.8572916666666667 0.5597222222222222 0.8661458333333333 0.5652777777777778 0.8677083333333333 0.5814814814814815 0.8651041666666667 0.6662037037037037 0.8611979166666667 0.6787037037037037 0.85703125 0.6814814814814815 0.8416666666666667 0.6791666666666667 0.83828125 0.674074074074074 0.8369791666666667 0.6662037037037037 0.8380208333333333 0.6194444444444445 0.8416666666666667 0.5712962962962963 0.8458333333333333 0.5606481481481481 0.85703125 0.5597222222222222
0 0.74140625 0.26064814814814813 0.74921875 0.2708333333333333 0.7515625 0.29768518518518516 0.7526041666666666 0.35694444444444445 0.7515625 0.36203703703703705 0.7453125 0.3662037037037037 0.7307291666666667 0.36342592592592593 0.728125 0.35833333333333334 0.7268229166666667 0.34814814814814815 0.725 0.27314814814814814 0.7322916666666667 0.26157407407407407 0.7411458333333333 0.26064814814814813
0 0.6638020833333333 0.1287037037037037 0.6713541666666667 0.13240740740740742 0.6747395833333333 0.14675925925925926 0.6734375 0.22916666666666666 0.6700520833333333 0.2375 0.6609375 0.24351851851851852 0.65 0.23935185185185184 0.6458333333333334 0.23055555555555557 0.6447916666666667 0.22037037037037038 0.6502604166666667 0.13657407407407407 0.6541666666666667 0.12962962962962962 0.6635416666666667 0.1287037037037037
0 0.7411458333333333 0.5444444444444444 0.7481770833333333 0.5486111111111112 0.7497395833333333 0.5537037037037037 0.7494791666666667 0.6310185185185185 0.7473958333333334 0.6439814814814815 0.7450520833333333 0.6476851851851851 0.7377604166666667 0.65 0.72734375 0.6476851851851851 0.7239583333333334 0.6402777777777777 0.7244791666666667 0.5541666666666667 0.72734375 0.5462962962962963 0.7408854166666666 0.5444444444444444
0 0.9330729166666667 0.5564814814814815 0.9393229166666667 0.5601851851851852 0.9440104166666666 0.5712962962962963 0.946875 0.6083333333333333 0.9463541666666667 0.6699074074074074 0.94296875 0.6782407407407407 0.9348958333333334 0.6814814814814815 0.9244791666666666 0.6791666666666667 0.9208333333333333 0.674537037037037 0.9182291666666667 0.6648148148148149 0.9182291666666667 0.6194444444444445 0.9145833333333333 0.5745370370370371 0.91796875 0.5611111111111111 0.9328125 0.5564814814814815
0 0.5809895833333333 0.6953703703703704 0.5903645833333333 0.6986111111111111 0.5940104166666667 0.7032407407407407 0.5955729166666667 0.7310185185185185 0.5932291666666667 0.749537037037037 0.5942708333333333 0.7773148148148148 0.59296875 0.8069444444444445 0.5890625 0.8217592592592593 0.5807291666666666 0.825 0.5708333333333333 0.8236111111111111 0.5666666666666667 0.8162037037037037 0.565625 0.7662037037037037 0.5692708333333333 0.7060185185185185 0.5723958333333333 0.6976851851851852 0.5807291666666666 0.6953703703703704
0 0.7036458333333333 0.562962962962963 0.7104166666666667 0.5652777777777778 0.71328125 0.5740740740740741 0.7140625 0.624537037037037 0.71328125 0.6300925925925925 0.7111979166666667 0.6310185185185185 0.6927083333333334 0.6310185185185185 0.6893229166666667 0.625462962962963 0.6911458333333333 0.6106481481481482 0.6901041666666666 0.5671296296296297 0.7033854166666667 0.562962962962963
0 0.6971354166666667 0.6884259259259259 0.7072916666666667 0.6925925925925925 0.7109375 0.7055555555555556 0.71171875 0.7759259259259259 0.71015625 0.8032407407407407 0.7065104166666667 0.8078703703703703 0.6893229166666667 0.8074074074074075 0.68359375 0.8037037037037037 0.6809895833333334 0.7972222222222223 0.684375 0.6986111111111111 0.6890625 0.6893518518518519 0.696875 0.6884259259259259
0 0.7403645833333333 0.7 0.74375 0.7041666666666667 0.7463541666666667 0.7171296296296297 0.7489583333333333 0.7828703703703703 0.74609375 0.7939814814814815 0.7385416666666667 0.7972222222222223 0.7270833333333333 0.7967592592592593 0.7236979166666667 0.7925925925925926 0.7190104166666667 0.7083333333333334 0.7239583333333334 0.700925925925926 0.7401041666666667 0.7
0 0.19739583333333333 0.20462962962962963 0.20833333333333334 0.20925925925925926 0.21041666666666667 0.22407407407407406 0.19947916666666668 0.29074074074074074 0.19609375 0.30324074074074076 0.19270833333333334 0.30787037037037035 0.17604166666666668 0.3 0.17421875 0.28935185185185186 0.18515625 0.2175925925925926 0.1890625 0.20601851851851852 0.19713541666666667 0.20462962962962963
0 0.8518229166666667 0.14027777777777778 0.8565104166666667 0.14444444444444443 0.8575520833333333 0.15231481481481482 0.8575520833333333 0.2222222222222222 0.85546875 0.23425925925925925 0.8479166666666667 0.2388888888888889 0.8354166666666667 0.2375 0.8315104166666667 0.22962962962962963 0.8330729166666667 0.18055555555555555 0.83203125 0.15092592592592594 0.8333333333333334 0.14444444444444443 0.8377604166666667 0.14027777777777778 0.8515625 0.14027777777777778
0 0.8143229166666667 0.6930555555555555 0.821875 0.6972222222222222 0.8244791666666667 0.7041666666666667 0.8260416666666667 0.7550925925925925 0.82421875 0.7930555555555555 0.8208333333333333 0.8013888888888889 0.8140625 0.8050925925925926 0.8036458333333333 0.8023148148148148 0.7997395833333333 0.7958333333333333 0.79921875 0.7333333333333333 0.7973958333333333 0.7134259259259259 0.7979166666666667 0.7027777777777777 0.8010416666666667 0.6958333333333333 0.8140625 0.6930555555555555
0 0.6580729166666667 0.27175925925925926 0.66875 0.2759259259259259 0.671875 0.28703703703703703 0.6703125 0.3560185185185185 0.6619791666666667 0.36018518518518516 0.6494791666666667 0.3592592592592593 0.6453125 0.3523148148148148 0.6473958333333333 0.2796296296296296 0.6513020833333333 0.27314814814814814 0.6578125 0.27175925925925926
0 0.59453125 0.2569444444444444 0.5981770833333333 0.25925925925925924 0.5997395833333333 0.26481481481481484 0.60078125 0.35648148148148145 0.5966145833333333 0.37592592592592594 0.5875 0.3819444444444444 0.5770833333333333 0.37962962962962965 0.57109375 0.36203703703703705 0.5736979166666667 0.27037037037037037 0.5776041666666667 0.25787037037037036 0.5942708333333333 0.2569444444444444
0 0.54375 0.5407407407407407 0.5567708333333333 0.5435185185185185 0.559375 0.549537037037037 0.5575520833333333 0.6486111111111111 0.55390625 0.6569444444444444 0.5479166666666667 0.6597222222222222 0.5364583333333334 0.6574074074074074 0.5330729166666667 0.6541666666666667 0.5315104166666667 0.6458333333333334 0.5341145833333333 0.5717592592592593 0.5333333333333333 0.5467592592592593 0.5354166666666667 0.5425925925925926 0.5434895833333333 0.5407407407407407
0 0.7036458333333333 0.25787037037037036 0.70859375 0.262037037037037 0.7109375 0.2722222222222222 0.7109375 0.3509259259259259 0.7091145833333333 0.3592592592592593 0.70078125 0.362962962962963 0.6890625 0.36018518518518516 0.6864583333333333 0.35509259259259257 0.684375 0.2875 0.68515625 0.2652777777777778 0.6877604166666667 0.2601851851851852 0.69375 0.2569444444444444 0.7033854166666667 0.25787037037037036
0 0.63125 0.24583333333333332 0.6372395833333333 0.25462962962962965 0.6385416666666667 0.3333333333333333 0.6369791666666667 0.3490740740740741 0.6270833333333333 0.35694444444444445 0.6158854166666666 0.35555555555555557 0.6119791666666666 0.34814814814814815 0.6104166666666667 0.25972222222222224 0.6119791666666666 0.25092592592592594 0.61640625 0.24583333333333332 0.6309895833333333 0.24583333333333332
0 0.8919270833333334 0.5662037037037037 0.9010416666666666 0.5699074074074074 0.9044270833333333 0.5768518518518518 0.9065104166666667 0.6259259259259259 0.9052083333333333 0.6620370370370371 0.9005208333333333 0.6726851851851852 0.8942708333333333 0.6754629629629629 0.8838541666666667 0.6736111111111112 0.8796875 0.6680555555555555 0.8765625 0.6226851851851852 0.8778645833333333 0.5740740740740741 0.88203125 0.5675925925925925 0.8916666666666667 0.5662037037037037
0 0.6588541666666666 0.9787037037037037 0.66640625 0.9837962962962963 0.67109375 0.999537037037037 0.6424479166666667 0.999537037037037 0.6424479166666667 0.9939814814814815 0.64609375 0.9837962962962963 0.65859375 0.9787037037037037
0 0.85234375 0.25416666666666665 0.8578125 0.25972222222222224 0.8614583333333333 0.27175925925925926 0.8653645833333333 0.3347222222222222 0.8627604166666667 0.35833333333333334 0.85703125 0.36018518518518516 0.84296875 0.3597222222222222 0.8385416666666666 0.3560185185185185 0.83359375 0.2824074074074074 0.834375 0.2652777777777778 0.8380208333333333 0.2569444444444444 0.8520833333333333 0.25416666666666665
0 0.6276041666666666 0.11203703703703703 0.6346354166666667 0.12268518518518519 0.6369791666666667 0.1685185185185185 0.634375 0.21574074074074073 0.6247395833333333 0.22453703703703703 0.6153645833333333 0.22361111111111112 0.6104166666666667 0.2175925925925926 0.60859375 0.20185185185185187 0.60859375 0.16296296296296298 0.61015625 0.14583333333333334 0.609375 0.12962962962962962 0.6111979166666667 0.12083333333333333 0.6182291666666667 0.11203703703703703 0.62734375 0.11203703703703703
0 0.9614583333333333 0.2550925925925926 0.9674479166666666 0.2574074074074074 0.9721354166666667 0.26342592592592595 0.97578125 0.29259259259259257 0.9739583333333334 0.3578703703703704 0.97109375 0.3638888888888889 0.9640625 0.3680555555555556 0.9494791666666667 0.3648148148148148 0.9427083333333334 0.3486111111111111 0.9453125 0.30787037037037035 0.9450520833333333 0.2912037037037037 0.94296875 0.2810185185185185 0.9442708333333333 0.26944444444444443 0.95078125 0.2574074074074074 0.9611979166666667 0.2550925925925926
0 0.7854166666666667 0.6898148148148148 0.78828125 0.6944444444444444 0.7901041666666667 0.7129629629629629 0.7916666666666666 0.7861111111111111 0.7885416666666667 0.8037037037037037 0.78125 0.8106481481481481 0.7677083333333333 0.8074074074074075 0.7630208333333334 0.7967592592592593 0.7619791666666667 0.7092592592592593 0.7640625 0.6935185185185185 0.7661458333333333 0.6898148148148148 0.78515625 0.6898148148148148
0 0.78125 0.5583333333333333 0.7859375 0.5625 0.7875 0.5675925925925925 0.7903645833333334 0.6328703703703704 0.78828125 0.6574074074074074 0.7854166666666667 0.6615740740740741 0.7776041666666667 0.6643518518518519 0.7677083333333333 0.6620370370370371 0.76328125 0.6504629629629629 0.76171875 0.6231481481481481 0.76328125 0.6060185185185185 0.7609375 0.5708333333333333 0.7653645833333333 0.5597222222222222 0.7716145833333333 0.5569444444444445 0.7809895833333333 0.5583333333333333
0 0.6208333333333333 0.4236111111111111 0.6263020833333334 0.4273148148148148 0.6377604166666667 0.4462962962962963 0.66171875 0.5018518518518519 0.6609375 0.5143518518518518 0.6479166666666667 0.5324074074074074 0.6432291666666666 0.5305555555555556 0.6369791666666667 0.5208333333333334 0.6143229166666667 0.4703703703703704 0.6057291666666667 0.45740740740740743 0.6059895833333333 0.4412037037037037 0.6125 0.42916666666666664 0.6205729166666667 0.4236111111111111
0 0.58828125 0.12685185185185185 0.5989583333333334 0.13333333333333333 0.6002604166666666 0.17314814814814813 0.5984375 0.22314814814814815 0.59453125 0.23472222222222222 0.5885416666666666 0.23935185185185184 0.5768229166666666 0.2375 0.5723958333333333 0.22824074074074074 0.5708333333333333 0.2162037037037037 0.5744791666666667 0.13425925925925927 0.5776041666666667 0.12916666666666668 0.5880208333333333 0.12685185185185185
0 0.66640625 0.7023148148148148 0.6716145833333333 0.7060185185185185 0.6729166666666667 0.711574074074074 0.671875 0.7865740740740741 0.6692708333333334 0.8069444444444445 0.6614583333333334 0.8157407407407408 0.6497395833333334 0.8138888888888889 0.6450520833333333 0.8055555555555556 0.6458333333333334 0.7171296296296297 0.65 0.7018518518518518 0.6661458333333333 0.7023148148148148
0 0.7221354166666667 0.38472222222222224 0.7533854166666667 0.3921296296296296 0.7552083333333334 0.3972222222222222 0.7549479166666667 0.42592592592592593 0.7526041666666666 0.43287037037037035 0.746875 0.4351851851851852 0.7026041666666667 0.43194444444444446 0.6940104166666666 0.4263888888888889 0.6924479166666667 0.4041666666666667 0.6953125 0.38935185185185184 0.7028645833333333 0.38472222222222224 0.721875 0.38472222222222224
0 0.7380208333333333 0.09768518518518518 0.7450520833333333 0.10092592592592593 0.7486979166666666 0.11018518518518519 0.74921875 0.1587962962962963 0.7466145833333333 0.20972222222222223 0.7411458333333333 0.21805555555555556 0.7346354166666667 0.2199074074074074 0.7236979166666667 0.2175925925925926 0.7192708333333333 0.2101851851851852 0.7213541666666666 0.16944444444444445 0.7205729166666667 0.1259259259259259 0.7223958333333333 0.10972222222222222 0.72578125 0.10185185185185185 0.7377604166666667 0.09768518518518518
0 0.8125 0.5555555555555556 0.8182291666666667 0.5574074074074075 0.8221354166666667 0.5625 0.825 0.5953703703703703 0.8244791666666667 0.6606481481481481 0.8169270833333333 0.6675925925925926 0.8020833333333334 0.6662037037037037 0.7994791666666666 0.6638888888888889 0.7981770833333334 0.6578703703703703 0.796875 0.5666666666666667 0.8010416666666667 0.5569444444444445 0.8122395833333333 0.5555555555555556
0 0.8158854166666667 0.24444444444444444 0.821875 0.25277777777777777 0.8244791666666667 0.29583333333333334 0.8231770833333333 0.32685185185185184 0.8213541666666667 0.33101851851851855 0.8166666666666667 0.33287037037037037 0.8036458333333333 0.33240740740740743 0.8 0.32407407407407407 0.7997395833333333 0.25092592592592594 0.8046875 0.2449074074074074 0.815625 0.24444444444444444
0 0.7760416666666666 0.24166666666666667 0.7854166666666667 0.24768518518518517 0.78984375 0.26157407407407407 0.7901041666666667 0.3388888888888889 0.7880208333333333 0.3486111111111111 0.78203125 0.35324074074074074 0.7705729166666667 0.35324074074074074 0.7658854166666667 0.35 0.7627604166666667 0.33101851851851855 0.7622395833333333 0.25462962962962965 0.7666666666666667 0.2449074074074074 0.77578125 0.24166666666666667
0 0.7796875 0.12731481481481483 0.7830729166666667 0.13564814814814816 0.7859375 0.175 0.7838541666666666 0.21851851851851853 0.7817708333333333 0.22407407407407406 0.77265625 0.2300925925925926 0.7643229166666666 0.22546296296296298 0.7635416666666667 0.2199074074074074 0.7578125 0.21342592592592594 0.7567708333333333 0.14027777777777778 0.7583333333333333 0.13055555555555556 0.7622395833333333 0.12638888888888888 0.7794270833333333 0.12731481481481483
0 0.57109375 0.8541666666666666 0.5752604166666667 0.8662037037037037 0.5755208333333334 0.8888888888888888 0.5734375 0.8976851851851851 0.5674479166666667 0.9013888888888889 0.5255208333333333 0.9087962962962963 0.5153645833333333 0.9087962962962963 0.50859375 0.9009259259259259 0.50703125 0.8791666666666667 0.51015625 0.8643518518518518 0.5182291666666666 0.8592592592592593 0.5708333333333333 0.8541666666666666