0 0.8875 0.12314814814814815 0.8940104166666667 0.12546296296296297 0.8966145833333333 0.13055555555555556 0.9005208333333333 0.19675925925925927 0.89765625 0.23333333333333334 0.8942708333333333 0.2388888888888889 0.8861979166666667 0.24027777777777778 0.8765625 0.23935185185185184 0.871875 0.22824074074074074 0.8697916666666666 0.15092592592592594 0.8734375 0.1287037037037037 0.87734375 0.12453703703703704 0.8872395833333333 0.12314814814814815
0 0.65546875 0.6949074074074074 0.671875 0.6976851851851852 0.6755208333333333 0.7055555555555556 0.6739583333333333 0.7203703703703703 0.675 0.7453703703703703 0.6734375 0.7902777777777777 0.66875 0.8069444444444445 0.6622395833333333 0.8097222222222222 0.65 0.8069444444444445 0.646875 0.799537037037037 0.64609375 0.7902777777777777 0.6486979166666667 0.7689814814814815 0.6471354166666666 0.7560185185185185 0.6481770833333333 0.7125 0.6513020833333333 0.6958333333333333 0.6552083333333333 0.6949074074074074
0 0.8143229166666667 0.10324074074074074 0.821875 0.11481481481481481 0.8252604166666667 0.15833333333333333 0.8252604166666667 0.175 0.821875 0.1962962962962963 0.8145833333333333 0.2037037037037037 0.8002604166666667 0.20092592592592592 0.7966145833333333 0.1925925925925926 0.7984375 0.18194444444444444 0.7973958333333333 0.1162037037037037 0.8033854166666666 0.1037037037037037 0.8140625 0.10324074074074074
0 0.6309895833333333 0.6768518518518518 0.634375 0.6814814814814815 0.6369791666666667 0.7199074074074074 0.6359375 0.7921296296296296 0.6346354166666667 0.8041666666666667 0.63046875 0.8125 0.6205729166666667 0.8143518518518519 0.61171875 0.8111111111111111 0.6057291666666667 0.8 0.60859375 0.7060185185185185 0.6114583333333333 0.6888888888888889 0.61640625 0.6754629629629629 0.6307291666666667 0.6768518518518518
0 0.7424479166666667 0.25416666666666665 0.7494791666666667 0.26064814814814813 0.75234375 0.2759259259259259 0.7549479166666667 0.3435185185185185 0.75234375 0.3560185185185185 0.7432291666666667 0.35833333333333334 0.73359375 0.35694444444444445 0.7299479166666667 0.35138888888888886 0.7283854166666667 0.29305555555555557 0.7260416666666667 0.27685185185185185 0.7265625 0.2689814814814815 0.7309895833333333 0.25787037037037036 0.7421875 0.25416666666666665
0 0.70078125 0.25046296296296294 0.7080729166666667 0.25277777777777777 0.7119791666666667 0.25833333333333336 0.71328125 0.3106481481481482 0.7122395833333334 0.3486111111111111 0.7098958333333333 0.35324074074074074 0.7010416666666667 0.3560185185185185 0.6916666666666667 0.3537037037037037 0.6880208333333333 0.3453703703703704 0.68671875 0.2865740740740741 0.6890625 0.25416666666666665 0.7005208333333334 0.25046296296296294
0 0.9619791666666667 0.12268518518518519 0.9731770833333333 0.12916666666666668 0.9768229166666667 0.14351851851851852 0.97734375 0.2199074074074074 0.97421875 0.22962962962962963 0.9674479166666666 0.23472222222222222 0.9565104166666667 0.2324074074074074 0.9481770833333333 0.2199074074074074 0.9489583333333333 0.19027777777777777 0.946875 0.14351851851851852 0.953125 0.12638888888888888 0.96171875 0.12268518518518519
0 0.8494791666666667 0.13287037037037036 0.8583333333333333 0.13657407407407407 0.8606770833333334 0.14351851851851852 0.8611979166666667 0.19953703703703704 0.859375 0.22453703703703703 0.8546875 0.2310185185185185 0.8486979166666667 0.23287037037037037 0.83828125 0.23148148148148148 0.8348958333333333 0.22777777777777777 0.83359375 0.19907407407407407 0.8348958333333333 0.1388888888888889 0.8385416666666666 0.13333333333333333 0.84921875 0.13287037037037036
0 0.8114583333333333 0.5486111111111112 0.8197916666666667 0.55 0.8234375 0.5546296296296296 0.8270833333333333 0.5805555555555556 0.8265625 0.6532407407407408 0.8244791666666667 0.6583333333333333 0.81484375 0.6615740740740741 0.8036458333333333 0.6587962962962963 0.8002604166666667 0.6518518518518519 0.7994791666666666 0.5569444444444445 0.8028645833333333 0.55 0.8111979166666666 0.5486111111111112
0 0.8604166666666667 0.6912037037037037 0.8661458333333333 0.6925925925925925 0.8700520833333333 0.6976851851851852 0.875 0.7375 0.8736979166666666 0.7444444444444445 0.87421875 0.8018518518518518 0.87265625 0.8074074074074075 0.8658854166666666 0.8115740740740741 0.85 0.8087962962962963 0.8442708333333333 0.7925925925925926 0.8463541666666666 0.762962962962963 0.8427083333333333 0.7175925925925926 0.8434895833333333 0.7069444444444445 0.8481770833333333 0.6949074074074074 0.86015625 0.6912037037037037
0 0.9028645833333333 0.2569444444444444 0.9091145833333333 0.26481481481481484 0.9153645833333334 0.2967592592592593 0.9145833333333333 0.3560185185185185 0.9111979166666667 0.36527777777777776 0.903125 0.36898148148148147 0.88984375 0.36712962962962964 0.8833333333333333 0.3592592592592593 0.8822916666666667 0.34814814814814815 0.8846354166666667 0.33796296296296297 0.8833333333333333 0.29259259259259257 0.8796875 0.28703703703703703 0.8802083333333334 0.2791666666666667 0.8861979166666667 0.2601851851851852 0.8934895833333333 0.25601851851851853 0.9026041666666667 0.2569444444444444
0 0.5520833333333334 0.5351851851851852 0.5609375 0.5398148148148149 0.5614583333333333 0.5833333333333334 0.5596354166666667 0.5972222222222222 0.5606770833333333 0.6305555555555555 0.5591145833333333 0.6439814814814815 0.55703125 0.6504629629629629 0.5513020833333333 0.6532407407407408 0.5361979166666667 0.649074074074074 0.5338541666666666 0.6425925925925926 0.5333333333333333 0.6300925925925925 0.5364583333333334 0.537962962962963 0.53984375 0.5351851851851852 0.5518229166666667 0.5351851851851852
0 0.6278645833333333 0.10462962962962963 0.63359375 0.1087962962962963 0.6369791666666667 0.1175925925925926 0.6388020833333333 0.15092592592592594 0.6369791666666667 0.17685185185185184 0.6380208333333334 0.2037037037037037 0.634375 0.21435185185185185 0.6278645833333333 0.21805555555555556 0.6197916666666666 0.21805555555555556 0.6140625 0.21388888888888888 0.6114583333333333 0.20694444444444443 0.6111979166666667 0.19305555555555556 0.6127604166666667 0.11666666666666667 0.6192708333333333 0.10555555555555556 0.6276041666666666 0.10462962962962963
0 0.89453125 0.5597222222222222 0.90546875 0.5657407407407408 0.9080729166666667 0.5888888888888889 0.9083333333333333 0.6564814814814814 0.9041666666666667 0.6657407407407407 0.8981770833333333 0.6689814814814815 0.8838541666666667 0.6671296296296296 0.88125 0.6597222222222222 0.8807291666666667 0.5671296296296297 0.88359375 0.5615740740740741 0.8942708333333333 0.5597222222222222
0 0.6661458333333333 0.12175925925925926 0.6729166666666667 0.12453703703703704 0.6755208333333333 0.13148148148148148 0.6776041666666667 0.1685185185185185 0.6768229166666667 0.1962962962962963 0.675 0.22546296296296298 0.6661458333333333 0.23564814814814813 0.66171875 0.23703703703703705 0.6533854166666667 0.23425925925925925 0.6494791666666667 0.22962962962962963 0.6473958333333333 0.22361111111111112 0.6473958333333333 0.2074074074074074 0.65234375 0.13055555555555556 0.6575520833333334 0.12268518518518519 0.6658854166666667 0.12175925925925926
0 0.7815104166666667 0.5509259259259259 0.7869791666666667 0.5541666666666667 0.7901041666666667 0.5625 0.7921875 0.6412037037037037 0.7885416666666667 0.6546296296296297 0.7796875 0.6583333333333333 0.7705729166666667 0.6564814814814814 0.765625 0.6439814814814815 0.7651041666666667 0.5916666666666667 0.7627604166666667 0.5662037037037037 0.7645833333333333 0.5569444444444445 0.7677083333333333 0.5532407407407407 0.78125 0.5509259259259259
0 0.5893229166666667 0.12037037037037036 0.59609375 0.12175925925925926 0.6005208333333333 0.12638888888888888 0.6020833333333333 0.16157407407407406 0.5997395833333333 0.2212962962962963 0.59453125 0.2300925925925926 0.58828125 0.23287037037037037 0.58125 0.23148148148148148 0.5752604166666667 0.22361111111111112 0.5736979166666667 0.2037037037037037 0.5763020833333333 0.12777777777777777 0.5802083333333333 0.12175925925925926 0.5890625 0.12037037037037036
0 0.8598958333333333 0.5532407407407407 0.8661458333333333 0.5555555555555556 0.86953125 0.5606481481481481 0.8703125 0.5861111111111111 0.8669270833333333 0.663425925925926 0.8630208333333333 0.6722222222222223 0.8572916666666667 0.6754629629629629 0.8489583333333334 0.675 0.8421875 0.6703703703703704 0.83984375 0.6648148148148149 0.8393229166666667 0.65 0.8440104166666667 0.5648148148148148 0.8489583333333334 0.5537037037037037 0.8596354166666667 0.5532407407407407
0 0.03802083333333333 0.5842592592592593 0.05078125 0.5986111111111111 0.05234375 0.6111111111111112 0.04583333333333333 0.6527777777777778 0.0453125 0.6782407407407407 0.04088541666666667 0.6907407407407408 0.03619791666666667 0.6949074074074074 0.022135416666666668 0.6902777777777778 0.019010416666666665 0.6833333333333333 0.018489583333333334 0.6712962962962963 0.022135416666666668 0.6407407407407407 0.0234375 0.5990740740740741 0.027864583333333335 0.5884259259259259 0.037760416666666664 0.5842592592592593
0 0.59765625 0.24212962962962964 0.60078125 0.2449074074074074 0.60234375 0.2537037037037037 0.60234375 0.35509259259259257 0.5994791666666667 0.3625 0.5953125 0.3662037037037037 0.5854166666666667 0.3680555555555556 0.5778645833333333 0.36342592592592593 0.5744791666666667 0.35185185185185186 0.5765625 0.25416666666666665 0.5778645833333333 0.24583333333333332 0.58125 0.24305555555555555 0.5973958333333333 0.24212962962962964
0 0.9372395833333333 0.5504629629629629 0.9434895833333333 0.5560185185185185 0.946875 0.5666666666666667 0.9494791666666667 0.638425925925926 0.9489583333333333 0.6648148148148149 0.9458333333333333 0.6722222222222223 0.9380208333333333 0.674537037037037 0.9255208333333333 0.6722222222222223 0.921875 0.6643518518518519 0.9190104166666667 0.6402777777777777 0.91640625 0.5717592592592593 0.9177083333333333 0.5606481481481481 0.9216145833333333 0.5532407407407407 0.9369791666666667 0.5504629629629629
0 0.5875 0.6898148148148148 0.5958333333333333 0.6972222222222222 0.5971354166666667 0.7277777777777777 0.5942708333333333 0.8037037037037037 0.59140625 0.812962962962963 0.5846354166666666 0.8185185185185185 0.5770833333333333 0.8180555555555555 0.5708333333333333 0.812962962962963 0.56796875 0.8069444444444445 0.5674479166666667 0.7949074074074074 0.5700520833333333 0.7736111111111111 0.5729166666666666 0.6958333333333333 0.57734375 0.6902777777777778 0.5872395833333334 0.6898148148148148
0 0.7002604166666667 0.6824074074074075 0.7104166666666667 0.6875 0.7138020833333333 0.700925925925926 0.7135416666666666 0.7722222222222223 0.7114583333333333 0.7967592592592593 0.7078125 0.8009259259259259 0.6901041666666666 0.8 0.6833333333333333 0.7930555555555555 0.6864583333333333 0.6921296296296297 0.68984375 0.6842592592592592 0.7 0.6824074074074075
0 0.7393229166666667 0.6930555555555555 0.7447916666666666 0.6962962962962963 0.7481770833333333 0.7064814814814815 0.7515625 0.7773148148148148 0.7481770833333333 0.787962962962963 0.7333333333333333 0.7907407407407407 0.72734375 0.7893518518518519 0.725 0.7796296296296297 0.72109375 0.7060185185185185 0.7223958333333333 0.6995370370370371 0.7255208333333333 0.6958333333333333 0.7390625 0.6930555555555555
0 0.5466145833333333 0.6768518518518518 0.5526041666666667 0.6805555555555556 0.5546875 0.6861111111111111 0.5565104166666667 0.7699074074074074 0.5541666666666667 0.7865740740740741 0.5497395833333333 0.7935185185185185 0.5434895833333333 0.7958333333333333 0.5317708333333333 0.7907407407407407 0.5283854166666667 0.7796296296296297 0.5278645833333333 0.6995370370370371 0.5291666666666667 0.6847222222222222 0.5325520833333334 0.6787037037037037 0.5463541666666667 0.6768518518518518
0 0.62734375 0.23703703703703705 0.6377604166666667 0.24305555555555555 0.6403645833333333 0.2662037037037037 0.63828125 0.29259259259259257 0.6403645833333333 0.3347222222222222 0.6372395833333333 0.34629629629629627 0.6286458333333333 0.35 0.6158854166666666 0.3472222222222222 0.6135416666666667 0.3416666666666667 0.6125 0.32546296296296295 0.6130208333333333 0.24861111111111112 0.61875 0.23935185185185184 0.6270833333333333 0.23703703703703705
0 0.6294270833333333 0.5439814814814815 0.63359375 0.5574074074074075 0.6369791666666667 0.6347222222222222 0.6341145833333334 0.6546296296296297 0.62578125 0.6606481481481481 0.6127604166666667 0.6601851851851852 0.6091145833333333 0.6513888888888889 0.60546875 0.5652777777777778 0.60625 0.5509259259259259 0.6083333333333333 0.5453703703703704 0.6192708333333333 0.5416666666666666 0.6291666666666667 0.5439814814814815
0 0.7052083333333333 0.12314814814814815 0.7111979166666667 0.12777777777777777 0.7127604166666667 0.18888888888888888 0.7109375 0.21481481481481482 0.7036458333333333 0.22083333333333333 0.6916666666666667 0.2199074074074074 0.68671875 0.21064814814814814 0.6875 0.13148148148148148 0.6890625 0.12638888888888888 0.6921875 0.12453703703703704 0.7049479166666667 0.12314814814814815
0 0.81484375 0.687037037037037 0.8223958333333333 0.6888888888888889 0.8276041666666667 0.6958333333333333 0.8286458333333333 0.7231481481481481 0.8268229166666666 0.788425925925926 0.8247395833333333 0.7939814814814815 0.8153645833333333 0.7986111111111112 0.80546875 0.7953703703703704 0.8013020833333333 0.7842592592592592 0.8 0.763425925925926 0.8020833333333334 0.7337962962962963 0.79921875 0.7041666666666667 0.7997395833333333 0.6962962962962963 0.80234375 0.6907407407407408 0.8145833333333333 0.687037037037037
0 0.6697916666666667 0.2675925925925926 0.6731770833333334 0.274537037037037 0.675 0.2916666666666667 0.67265625 0.3453703703703704 0.6713541666666667 0.35 0.6651041666666667 0.3527777777777778 0.6513020833333333 0.35185185185185186 0.6479166666666667 0.3458333333333333 0.6497395833333334 0.3138888888888889 0.6489583333333333 0.2791666666666667 0.6505208333333333 0.2708333333333333 0.6541666666666667 0.2662037037037037 0.6622395833333333 0.26481481481481484 0.66953125 0.2675925925925926
0 0.7182291666666667 0.37824074074074077 0.7481770833333333 0.3819444444444444 0.7559895833333333 0.3861111111111111 0.7580729166666667 0.4078703703703704 0.7557291666666667 0.425462962962963 0.73828125 0.42824074074074076 0.7036458333333333 0.425 0.69609375 0.4199074074074074 0.6950520833333333 0.3976851851851852 0.6973958333333333 0.38333333333333336 0.7041666666666667 0.37824074074074077 0.71796875 0.37824074074074077
0 0.6588541666666666 0.9726851851851852 0.6651041666666667 0.975 0.6716145833333333 0.9861111111111112 0.6736979166666667 0.999537037037037 0.6447916666666667 0.999537037037037 0.6471354166666666 0.9805555555555555 0.6513020833333333 0.975 0.65859375 0.9726851851851852
0 0.8544270833333333 0.24768518518518517 0.8596354166666667 0.2523148148148148 0.8638020833333333 0.262037037037037 0.8677083333333333 0.3365740740740741 0.8643229166666667 0.35138888888888886 0.8515625 0.3541666666666667 0.8440104166666667 0.3527777777777778 0.840625 0.3453703703703704 0.8359375 0.26296296296296295 0.8380208333333333 0.25416666666666665 0.8416666666666667 0.24953703703703703 0.8541666666666666 0.24768518518518517
0 0.7817708333333333 0.2361111111111111 0.7877604166666666 0.24027777777777778 0.7919270833333333 0.2518518518518518 0.7921875 0.32546296296296295 0.78984375 0.3425925925925926 0.7807291666666667 0.3476851851851852 0.76875 0.3439814814814815 0.765625 0.3375 0.7643229166666666 0.2513888888888889 0.7653645833333333 0.2439814814814815 0.76875 0.2388888888888889 0.775 0.2351851851851852 0.7815104166666667 0.2361111111111111
0 0.7450520833333333 0.5388888888888889 0.75 0.5421296296296296 0.7515625 0.5472222222222223 0.7526041666666666 0.6060185185185185 0.75 0.6365740740740741 0.74140625 0.6435185185185185 0.7307291666666667 0.6416666666666667 0.7268229166666667 0.6351851851851852 0.7270833333333333 0.5462962962962963 0.7315104166666667 0.5388888888888889 0.7447916666666666 0.5388888888888889
0 0.9651041666666667 0.24861111111111112 0.9716145833333333 0.2513888888888889 0.9755208333333333 0.25833333333333336 0.9778645833333334 0.2875 0.9765625 0.3476851851851852 0.9739583333333334 0.35694444444444445 0.9658854166666667 0.36157407407407405 0.95625 0.36064814814814816 0.9518229166666666 0.35694444444444445 0.94609375 0.3476851851851852 0.9453125 0.3425925925925926 0.9473958333333333 0.30324074074074076 0.9463541666666667 0.2662037037037037 0.95234375 0.2518518518518518 0.96484375 0.24861111111111112
0 0.7833333333333333 0.6814814814814815 0.7885416666666667 0.6851851851851852 0.79140625 0.6953703703703704 0.7940104166666667 0.7837962962962963 0.7903645833333334 0.7981481481481482 0.7828125 0.8041666666666667 0.7713541666666667 0.8013888888888889 0.765625 0.7902777777777777 0.7640625 0.6995370370370371 0.7674479166666667 0.6842592592592592 0.7830729166666667 0.6814814814814815
0 0.7072916666666667 0.5564814814814815 0.7143229166666667 0.5611111111111111 0.7161458333333334 0.5819444444444445 0.7158854166666667 0.6199074074074075 0.7135416666666666 0.624537037037037 0.7080729166666667 0.625 0.6958333333333333 0.625 0.6916666666666667 0.6194444444444445 0.69296875 0.6027777777777777 0.6921875 0.5615740740740741 0.6971354166666667 0.5569444444444445 0.70703125 0.5564814814814815
0 0.69921875 0.8462962962962963 0.7390625 0.8467592592592592 0.7479166666666667 0.8486111111111111 0.7513020833333334 0.8523148148148149 0.7536458333333333 0.8648148148148148 0.7518229166666667 0.8925925925925926 0.72734375 0.8958333333333334 0.6950520833333333 0.8953703703703704 0.6859375 0.8907407407407407 0.68359375 0.8763888888888889 0.6846354166666667 0.8523148148148149 0.6890625 0.8472222222222222 0.6989583333333333 0.8462962962962963
0 0.7380208333333333 0.08888888888888889 0.7447916666666666 0.09027777777777778 0.74921875 0.09537037037037037 0.7515625 0.11435185185185186 0.7484375 0.2023148148148148 0.7455729166666667 0.20879629629629629 0.7388020833333333 0.21203703703703702 0.7260416666666667 0.20972222222222223 0.7229166666666667 0.20601851851851852 0.7216145833333333 0.1986111111111111 0.72421875 0.14583333333333334 0.7236979166666667 0.12083333333333333 0.7260416666666667 0.09953703703703703 0.73046875 0.09074074074074075 0.7377604166666667 0.08888888888888889
0 0.81875 0.23842592592592593 0.8223958333333333 0.24166666666666667 0.825 0.2513888888888889 0.8265625 0.3023148148148148 0.8252604166666667 0.32175925925925924 0.8174479166666667 0.32592592592592595 0.8075520833333333 0.32546296296296295 0.80234375 0.3194444444444444 0.80234375 0.274537037037037 0.8005208333333333 0.2537037037037037 0.80390625 0.23981481481481481 0.8184895833333333 0.23842592592592593
0 0.7768229166666667 0.11805555555555555 0.7828125 0.12037037037037036 0.7848958333333333 0.12685185185185185 0.7877604166666666 0.18055555555555555 0.7872395833333333 0.20277777777777778 0.7828125 0.21851851851851853 0.7705729166666667 0.2222222222222222 0.7645833333333333 0.22037037037037038 0.7606770833333333 0.20972222222222223 0.7604166666666666 0.17777777777777778 0.7583333333333333 0.16712962962962963 0.7588541666666667 0.13333333333333333 0.7611979166666667 0.12314814814814815 0.7640625 0.11944444444444445 0.7765625 0.11805555555555555
0 0.60625 0.4162037037037037 0.6440104166666667 0.4601851851851852 0.6497395833333334 0.4699074074074074 0.65078125 0.4773148148148148 0.6442708333333333 0.4986111111111111 0.6401041666666667 0.5041666666666667 0.6268229166666667 0.4981481481481482 0.60078125 0.4648148148148148 0.5880208333333333 0.45416666666666666 0.5856770833333333 0.4398148148148148 0.5911458333333334 0.4199074074074074 0.5971354166666667 0.41388888888888886 0.6059895833333333 0.4162037037037037