0 0.8875 0.11712962962962963 0.89453125 0.11990740740740741 0.8973958333333333 0.12777777777777777 0.8994791666666667 0.18981481481481483 0.8984375 0.22592592592592592 0.8942708333333333 0.2324074074074074 0.8875 0.2351851851851852 0.8763020833333334 0.2337962962962963 0.871875 0.22453703703703703 0.8721354166666667 0.17731481481481481 0.8700520833333333 0.1486111111111111 0.8729166666666667 0.12361111111111112 0.8765625 0.11898148148148148 0.8872395833333333 0.11712962962962963
0 0.7723958333333333 0.11203703703703703 0.7828125 0.11435185185185186 0.7848958333333333 0.11990740740740741 0.7877604166666666 0.1787037037037037 0.78671875 0.20185185185185187 0.784375 0.20972222222222223 0.7802083333333333 0.21481481481481482 0.7721354166666666 0.21805555555555556 0.76640625 0.21342592592592594 0.7606770833333333 0.20324074074074075 0.75859375 0.12546296296296297 0.7619791666666667 0.11527777777777778 0.7721354166666666 0.1125
0 0.62578125 0.674074074074074 0.6317708333333333 0.6777777777777778 0.6359375 0.6921296296296297 0.6375 0.7652777777777777 0.63359375 0.799537037037037 0.6307291666666667 0.8055555555555556 0.6252604166666667 0.8078703703703703 0.6104166666666667 0.8041666666666667 0.6059895833333333 0.7944444444444444 0.6057291666666667 0.788425925925926 0.6078125 0.7736111111111111 0.6072916666666667 0.7337962962962963 0.6104166666666667 0.6856481481481481 0.61640625 0.674074074074074 0.6255208333333333 0.674074074074074
0 0.7028645833333333 0.24444444444444444 0.7111979166666667 0.25046296296296294 0.7143229166666667 0.2828703703703704 0.7122395833333334 0.3416666666666667 0.7098958333333333 0.34814814814814815 0.70546875 0.35 0.6924479166666667 0.3490740740740741 0.6877604166666667 0.3398148148148148 0.6872395833333333 0.25416666666666665 0.6911458333333333 0.24675925925925926 0.7026041666666667 0.24444444444444444
0 0.7018229166666666 0.11666666666666667 0.7096354166666666 0.11944444444444445 0.7119791666666667 0.1259259259259259 0.71171875 0.20277777777777778 0.7106770833333333 0.20972222222222223 0.7067708333333333 0.21342592592592594 0.6963541666666667 0.21574074074074073 0.6890625 0.21388888888888888 0.6869791666666667 0.20694444444444443 0.6875 0.12638888888888888 0.68984375 0.11944444444444445 0.7015625 0.11666666666666667
0 0.9666666666666667 0.11851851851851852 0.9739583333333334 0.12407407407407407 0.9763020833333333 0.13055555555555556 0.9776041666666667 0.2064814814814815 0.9763020833333333 0.22037037037037038 0.965625 0.22916666666666666 0.95546875 0.2263888888888889 0.9489583333333333 0.21388888888888888 0.9473958333333333 0.1388888888888889 0.9494791666666667 0.12777777777777777 0.953125 0.12083333333333333 0.9583333333333334 0.1175925925925926 0.96640625 0.11851851851851852
0 0.8125 0.09675925925925925 0.81875 0.10092592592592593 0.8221354166666667 0.10925925925925926 0.825 0.1597222222222222 0.821875 0.19212962962962962 0.8177083333333334 0.19675925925925927 0.8109375 0.1986111111111111 0.8002604166666667 0.19537037037037036 0.7971354166666667 0.18981481481481483 0.7979166666666667 0.14675925925925926 0.7963541666666667 0.11435185185185186 0.803125 0.09861111111111111 0.8122395833333333 0.09675925925925925
0 0.8135416666666667 0.5430555555555555 0.8208333333333333 0.5458333333333333 0.8247395833333333 0.5518518518518518 0.82734375 0.6162037037037037 0.8255208333333334 0.6509259259259259 0.8213541666666667 0.6550925925925926 0.8143229166666667 0.6560185185185186 0.8036458333333333 0.6541666666666667 0.7997395833333333 0.6476851851851851 0.8 0.6037037037037037 0.7981770833333334 0.575 0.8002604166666667 0.5476851851851852 0.81328125 0.5430555555555555
0 0.8997395833333334 0.8407407407407408 0.9078125 0.8439814814814814 0.9114583333333334 0.85 0.91328125 0.8689814814814815 0.9109375 0.8856481481481482 0.9033854166666667 0.8893518518518518 0.8666666666666667 0.8912037037037037 0.8494791666666667 0.8902777777777777 0.84140625 0.8833333333333333 0.8393229166666667 0.8541666666666666 0.8419270833333333 0.8449074074074074 0.8489583333333334 0.8412037037037037 0.8994791666666667 0.8407407407407408
0 0.66171875 0.9675925925925926 0.665625 0.9699074074074074 0.6716145833333333 0.9814814814814815 0.6736979166666667 0.999537037037037 0.6442708333333333 0.999537037037037 0.6471354166666666 0.9736111111111111 0.65078125 0.9685185185185186 0.6614583333333334 0.9675925925925926
0 0.5479166666666667 0.5287037037037037 0.5575520833333333 0.5314814814814814 0.5606770833333333 0.5361111111111111 0.5598958333333334 0.6333333333333333 0.5572916666666666 0.6439814814814815 0.5510416666666667 0.6476851851851851 0.5361979166666667 0.6439814814814815 0.5328125 0.6305555555555555 0.5356770833333333 0.5333333333333333 0.5395833333333333 0.5296296296296297 0.54765625 0.5287037037037037
0 0.62421875 0.5361111111111111 0.6299479166666667 0.538425925925926 0.6330729166666667 0.549537037037037 0.6364583333333333 0.6361111111111111 0.6341145833333334 0.6481481481481481 0.63046875 0.6537037037037037 0.61640625 0.6587962962962963 0.6106770833333334 0.6518518518518519 0.6078125 0.6398148148148148 0.6057291666666667 0.5467592592592593 0.6098958333333333 0.538425925925926 0.6239583333333333 0.5361111111111111
0 0.8627604166666667 0.6865740740740741 0.8697916666666666 0.6935185185185185 0.8721354166666667 0.7041666666666667 0.8739583333333333 0.7944444444444444 0.8731770833333333 0.8 0.86953125 0.8041666666666667 0.8598958333333333 0.8064814814814815 0.8486979166666667 0.8023148148148148 0.8447916666666667 0.7861111111111111 0.84375 0.7027777777777777 0.8453125 0.6935185185185185 0.8486979166666667 0.6884259259259259 0.8625 0.6865740740740741
0 0.74453125 0.24861111111111112 0.7486979166666666 0.25277777777777777 0.75234375 0.262037037037037 0.7544270833333333 0.33055555555555555 0.753125 0.3490740740740741 0.746875 0.35324074074074074 0.734375 0.3527777777777778 0.7302083333333333 0.3472222222222222 0.7260416666666667 0.275 0.7268229166666667 0.26157407407407407 0.7307291666666667 0.2523148148148148 0.7375 0.24768518518518517 0.7442708333333333 0.24861111111111112
0 0.66484375 0.11574074074074074 0.67265625 0.11851851851851852 0.6755208333333333 0.12685185185185185 0.6765625 0.21388888888888888 0.67265625 0.225 0.66171875 0.23148148148148148 0.6544270833333333 0.22916666666666666 0.6494791666666667 0.22361111111111112 0.6473958333333333 0.2175925925925926 0.6471354166666666 0.20324074074074075 0.6515625 0.12638888888888888 0.6552083333333333 0.11805555555555555 0.6645833333333333 0.11574074074074074
0 0.7825520833333334 0.5458333333333333 0.7869791666666667 0.549074074074074 0.78984375 0.5587962962962963 0.7916666666666666 0.6361111111111111 0.7885416666666667 0.6486111111111111 0.7794270833333333 0.6527777777777778 0.7705729166666667 0.6509259259259259 0.7653645833333333 0.6393518518518518 0.765625 0.6018518518518519 0.7630208333333334 0.5625 0.7645833333333333 0.5523148148148148 0.7690104166666667 0.5472222222222223 0.7822916666666667 0.5458333333333333
0 0.59296875 0.11481481481481481 0.5989583333333334 0.1175925925925926 0.6015625 0.1259259259259259 0.60078125 0.2 0.5986979166666667 0.21805555555555556 0.59375 0.225 0.5875 0.22777777777777777 0.578125 0.22361111111111112 0.5736979166666667 0.2101851851851852 0.5755208333333334 0.12638888888888888 0.5778645833333333 0.1175925925925926 0.5927083333333333 0.11481481481481481
0 0.590625 0.2361111111111111 0.5981770833333333 0.2375 0.6005208333333333 0.24074074074074073 0.6026041666666667 0.26666666666666666 0.60234375 0.3476851851851852 0.5984375 0.3592592592592593 0.59296875 0.3625 0.58125 0.36203703703703705 0.5768229166666666 0.35555555555555557 0.57421875 0.34629629629629627 0.5768229166666666 0.24351851851851852 0.58125 0.2375 0.5903645833333333 0.2361111111111111
0 0.93671875 0.5449074074074074 0.94140625 0.5486111111111112 0.94609375 0.5597222222222222 0.9489583333333333 0.5907407407407408 0.9489583333333333 0.6546296296296297 0.94609375 0.6652777777777777 0.9388020833333334 0.6694444444444444 0.92734375 0.6685185185185185 0.9213541666666667 0.6587962962962963 0.9171875 0.575 0.9177083333333333 0.5560185185185185 0.9200520833333333 0.549537037037037 0.9263020833333333 0.5453703703703704 0.9364583333333333 0.5449074074074074
0 0.6979166666666666 0.6768518518518518 0.71015625 0.6824074074074075 0.7130208333333333 0.6986111111111111 0.7119791666666667 0.7898148148148149 0.71015625 0.7944444444444444 0.703125 0.7962962962962963 0.6872395833333333 0.7939814814814815 0.6830729166666667 0.7861111111111111 0.6856770833333333 0.6884259259259259 0.6901041666666666 0.6782407407407407 0.69765625 0.6768518518518518
0 0.7377604166666667 0.687037037037037 0.74453125 0.6902777777777778 0.7481770833333333 0.7027777777777777 0.7510416666666667 0.7652777777777777 0.7497395833333333 0.7800925925925926 0.7411458333333333 0.7851851851851852 0.72890625 0.7842592592592592 0.7252604166666666 0.7791666666666667 0.7208333333333333 0.7018518518518518 0.7236979166666667 0.6907407407407408 0.7375 0.687037037037037
0 0.54921875 0.6726851851851852 0.5544270833333333 0.6810185185185185 0.5559895833333334 0.7694444444444445 0.5518229166666667 0.7851851851851852 0.5442708333333334 0.7898148148148149 0.5346354166666667 0.7875 0.5286458333333334 0.7759259259259259 0.5278645833333333 0.6875 0.5291666666666667 0.6782407407407407 0.53203125 0.674074074074074 0.53984375 0.6708333333333333 0.5489583333333333 0.6726851851851852
0 0.8486979166666667 0.12685185185185185 0.8575520833333333 0.12962962962962962 0.8604166666666667 0.1398148148148148 0.8598958333333333 0.21435185185185185 0.8572916666666667 0.22268518518518518 0.8510416666666667 0.2263888888888889 0.8375 0.22453703703703703 0.8348958333333333 0.2212962962962963 0.8338541666666667 0.21435185185185185 0.8348958333333333 0.13333333333333333 0.8380208333333333 0.12824074074074074 0.8484375 0.12685185185185185
0 0.6622395833333333 0.25972222222222224 0.671875 0.26435185185185184 0.6736979166666667 0.27546296296296297 0.6729166666666667 0.3421296296296296 0.6721354166666667 0.3453703703703704 0.6671875 0.34814814814814815 0.6505208333333333 0.34629629629629627 0.6473958333333333 0.337037037037037 0.6489583333333333 0.32314814814814813 0.6489583333333333 0.26851851851851855 0.6526041666666667 0.26157407407407407 0.6619791666666667 0.25972222222222224
0 0.8526041666666667 0.2412037037037037 0.8604166666666667 0.24722222222222223 0.8638020833333333 0.25787037037037036 0.8658854166666666 0.2759259259259259 0.8674479166666667 0.33101851851851855 0.8661458333333333 0.3402777777777778 0.86328125 0.3458333333333333 0.8497395833333333 0.34814814814814815 0.8419270833333333 0.3449074074074074 0.83984375 0.33611111111111114 0.8356770833333333 0.25555555555555554 0.8375 0.24861111111111112 0.84140625 0.2439814814814815 0.85234375 0.2412037037037037
0 0.7453125 0.03888888888888889 0.7549479166666667 0.04675925925925926 0.7565104166666666 0.060648148148148145 0.7432291666666667 0.14722222222222223 0.74140625 0.15462962962962962 0.7364583333333333 0.16018518518518518 0.7268229166666667 0.1587962962962963 0.7184895833333333 0.15231481481481482 0.7161458333333334 0.1476851851851852 0.71640625 0.13287037037037036 0.721875 0.09537037037037037 0.7317708333333334 0.05 0.7375 0.03888888888888889 0.7450520833333333 0.03888888888888889
0 0.7359375 0.37453703703703706 0.753125 0.3763888888888889 0.76015625 0.3819444444444444 0.76171875 0.4046296296296296 0.7598958333333333 0.4185185185185185 0.7559895833333333 0.42268518518518516 0.7065104166666667 0.41944444444444445 0.6994791666666667 0.4134259259259259 0.6986979166666667 0.3888888888888889 0.7020833333333333 0.3763888888888889 0.71328125 0.37222222222222223 0.7356770833333334 0.37453703703703706
0 0.6307291666666667 0.2324074074074074 0.6369791666666667 0.23796296296296296 0.6395833333333333 0.2490740740740741 0.6390625 0.3074074074074074 0.640625 0.324537037037037 0.6385416666666667 0.3388888888888889 0.6361979166666667 0.3425925925925926 0.6299479166666667 0.34444444444444444 0.6174479166666667 0.3425925925925926 0.6135416666666667 0.33425925925925926 0.6119791666666666 0.24814814814814815 0.6135416666666667 0.23842592592592593 0.6169270833333333 0.2337962962962963 0.63046875 0.2324074074074074
0 0.890625 0.5537037037037037 0.9028645833333333 0.5569444444444445 0.9065104166666667 0.5611111111111111 0.9078125 0.5675925925925925 0.9080729166666667 0.649537037037037 0.9046875 0.6578703703703703 0.9015625 0.6625 0.89375 0.6638888888888889 0.8838541666666667 0.6611111111111111 0.8815104166666666 0.6550925925925926 0.8794270833333333 0.6175925925925926 0.8799479166666667 0.562962962962963 0.8833333333333333 0.5564814814814815 0.8903645833333333 0.5541666666666667
0 0.9015625 0.25046296296296294 0.9065104166666667 0.25416666666666665 0.91015625 0.2625 0.91484375 0.2898148148148148 0.9130208333333333 0.29953703703703705 0.9140625 0.3523148148148148 0.9109375 0.3597222222222222 0.9041666666666667 0.36342592592592593 0.8893229166666666 0.3625 0.8828125 0.35324074074074074 0.8817708333333333 0.34305555555555556 0.88515625 0.3314814814814815 0.8838541666666667 0.2898148148148148 0.8794270833333333 0.28055555555555556 0.8796875 0.274537037037037 0.8864583333333333 0.25462962962962965 0.8940104166666667 0.25 0.9013020833333333 0.25046296296296294
0 0.7424479166666667 0.5324074074074074 0.7484375 0.5351851851851852 0.7510416666666667 0.5398148148148149 0.7510416666666667 0.6203703703703703 0.7484375 0.6337962962962963 0.7385416666666667 0.637962962962963 0.73046875 0.6361111111111111 0.7260416666666667 0.6268518518518519 0.7268229166666667 0.5398148148148149 0.7307291666666667 0.5337962962962963 0.7421875 0.5324074074074074
0 0.7104166666666667 0.5518518518518518 0.7140625 0.5560185185185185 0.7161458333333334 0.5745370370370371 0.7153645833333333 0.6162037037037037 0.7122395833333334 0.6189814814814815 0.6971354166666667 0.6194444444444445 0.6927083333333334 0.6185185185185185 0.69140625 0.6134259259259259 0.6932291666666667 0.5935185185185186 0.6916666666666667 0.5560185185185185 0.696875 0.5513888888888889 0.71015625 0.5518518518518518
0 0.6276041666666666 0.09814814814814815 0.6346354166666667 0.10416666666666667 0.6369791666666667 0.11296296296296296 0.6385416666666667 0.1550925925925926 0.6369791666666667 0.20277777777777778 0.6346354166666667 0.2074074074074074 0.6265625 0.2125 0.6158854166666666 0.21064814814814814 0.6127604166666667 0.2074074074074074 0.6104166666666667 0.18425925925925926 0.6125 0.11018518518518519 0.61953125 0.09953703703703703 0.62734375 0.09814814814814815
0 0.9671875 0.24305555555555555 0.9755208333333333 0.2513888888888889 0.9786458333333333 0.287962962962963 0.9768229166666667 0.34120370370370373 0.97421875 0.35 0.96484375 0.35555555555555557 0.9520833333333333 0.3523148148148148 0.94609375 0.3416666666666667 0.94765625 0.28194444444444444 0.9455729166666667 0.2675925925925926 0.9489583333333333 0.2513888888888889 0.9526041666666667 0.24537037037037038 0.9669270833333333 0.24305555555555555
0 0.5815104166666667 0.6837962962962963 0.59296875 0.6875 0.5971354166666667 0.6953703703703704 0.5971354166666667 0.7467592592592592 0.5950520833333334 0.7865740740740741 0.5921875 0.8060185185185185 0.5856770833333333 0.812037037037037 0.5752604166666667 0.8115740740740741 0.57109375 0.8087962962962963 0.5674479166666667 0.7976851851851852 0.5674479166666667 0.7828703703703703 0.56953125 0.7736111111111111 0.5708333333333333 0.6958333333333333 0.57421875 0.6865740740740741 0.58125 0.6842592592592592
0 0.6510416666666666 0.687037037037037 0.6690104166666667 0.6907407407407408 0.6744791666666666 0.6972222222222222 0.6747395833333333 0.7791666666666667 0.66953125 0.799074074074074 0.6622395833333333 0.8037037037037037 0.65234375 0.8023148148148148 0.6489583333333333 0.8 0.6463541666666667 0.7921296296296296 0.6471354166666666 0.7240740740740741 0.65078125 0.6875
0 0.7861979166666667 0.6773148148148148 0.78984375 0.6819444444444445 0.7908854166666667 0.687962962962963 0.7932291666666667 0.7814814814814814 0.7880208333333333 0.7967592592592593 0.7794270833333333 0.799537037037037 0.77109375 0.7967592592592593 0.7658854166666667 0.7865740740740741 0.7666666666666667 0.7611111111111111 0.7645833333333333 0.7490740740740741 0.7635416666666667 0.6958333333333333 0.7651041666666667 0.6814814814814815 0.7671875 0.6777777777777778 0.7859375 0.6773148148148148
0 0.8169270833333333 0.23194444444444445 0.8231770833333333 0.2375 0.8247395833333333 0.24675925925925926 0.8265625 0.2638888888888889 0.8263020833333333 0.30694444444444446 0.82421875 0.3175925925925926 0.81484375 0.3212962962962963 0.80625 0.3199074074074074 0.8018229166666667 0.3125 0.8028645833333333 0.28194444444444444 0.8005208333333333 0.24444444444444444 0.8041666666666667 0.23333333333333334 0.8166666666666667 0.23194444444444445
0 0.7786458333333334 0.22916666666666666 0.78671875 0.2337962962962963 0.7901041666666667 0.24074074074074073 0.7916666666666666 0.25046296296296294 0.7916666666666666 0.32685185185185184 0.7890625 0.3375 0.7828125 0.34120370370370373 0.7690104166666667 0.3388888888888889 0.7653645833333333 0.3282407407407407 0.7645833333333333 0.2449074074074074 0.76796875 0.2337962962962963 0.7783854166666667 0.22916666666666666
0 0.5861979166666667 0.4083333333333333 0.5963541666666666 0.412962962962963 0.6372395833333333 0.449537037037037 0.6380208333333334 0.4666666666666667 0.63359375 0.48657407407407405 0.6307291666666667 0.48842592592592593 0.6166666666666667 0.4842592592592593 0.6059895833333333 0.4722222222222222 0.5736979166666667 0.44814814814814813 0.5716145833333334 0.4388888888888889 0.5747395833333333 0.4222222222222222 0.58125 0.4097222222222222 0.5859375 0.4083333333333333
0 0.8552083333333333 0.5467592592592593 0.86796875 0.5527777777777778 0.8703125 0.5648148148148148 0.8669270833333333 0.6513888888888889 0.86328125 0.6662037037037037 0.8557291666666667 0.6699074074074074 0.8419270833333333 0.6648148148148149 0.8388020833333333 0.6523148148148148 0.84375 0.5601851851851852 0.8473958333333333 0.549074074074074 0.8549479166666667 0.5467592592592593
0 0.81484375 0.6814814814814815 0.8216145833333334 0.6837962962962963 0.82578125 0.6888888888888889 0.8276041666666667 0.725 0.8270833333333333 0.7828703703703703 0.8234375 0.7893518518518519 0.81640625 0.7935185185185185 0.8106770833333333 0.7935185185185185 0.8033854166666666 0.788425925925926 0.8 0.7791666666666667 0.7994791666666666 0.7699074074074074 0.8002604166666667 0.6902777777777778 0.8033854166666666 0.6837962962962963 0.8145833333333333 0.6814814814814815