0 0.8890625 0.11990740740740741 0.8940104166666667 0.12268518518518519 0.8958333333333334 0.12916666666666668 0.8984375 0.21666666666666667 0.8953125 0.23287037037037037 0.88828125 0.23796296296296296 0.8755208333333333 0.23657407407407408 0.8705729166666667 0.2263888888888889 0.8677083333333333 0.15 0.8684895833333334 0.13935185185185187 0.8731770833333333 0.12314814814814815 0.8799479166666667 0.11944444444444445 0.8888020833333333 0.11990740740740741
0 0.8109375 0.09861111111111111 0.8161458333333333 0.10185185185185185 0.8197916666666667 0.10925925925925926 0.8223958333333333 0.1449074074074074 0.82109375 0.18935185185185185 0.81796875 0.19722222222222222 0.8119791666666667 0.20046296296296295 0.7997395833333333 0.19722222222222222 0.7953125 0.18935185185185185 0.7971354166666667 0.17407407407407408 0.7947916666666667 0.11574074074074074 0.8002604166666667 0.10138888888888889 0.8106770833333333 0.09861111111111111
0 0.6260416666666667 0.6819444444444445 0.6299479166666667 0.6847222222222222 0.6333333333333333 0.6944444444444444 0.6346354166666667 0.7680555555555556 0.6315104166666666 0.8060185185185185 0.6221354166666667 0.8115740740740741 0.609375 0.8097222222222222 0.6049479166666667 0.8013888888888889 0.6052083333333333 0.7425925925925926 0.6091145833333333 0.6893518518518519 0.6161458333333333 0.6819444444444445 0.62578125 0.6819444444444445
0 0.9651041666666667 0.12129629629629629 0.9703125 0.12453703703703704 0.9739583333333334 0.1310185185185185 0.9760416666666667 0.15601851851851853 0.97578125 0.21666666666666667 0.97109375 0.22824074074074074 0.9658854166666667 0.23194444444444445 0.9565104166666667 0.23055555555555557 0.9486979166666667 0.2199074074074074 0.9458333333333333 0.15787037037037038 0.94609375 0.13842592592592592 0.9489583333333333 0.12731481481481483 0.9559895833333333 0.12037037037037036 0.96484375 0.12129629629629629
0 0.8473958333333333 0.12916666666666668 0.8567708333333334 0.13333333333333333 0.8588541666666667 0.15 0.8591145833333333 0.21342592592592594 0.8557291666666667 0.22546296296296298 0.8494791666666667 0.22916666666666666 0.8354166666666667 0.2273148148148148 0.8330729166666667 0.22361111111111112 0.8317708333333333 0.21388888888888888 0.8328125 0.13796296296296295 0.8354166666666667 0.13148148148148148 0.8471354166666667 0.12916666666666668
0 0.8140625 0.5462962962962963 0.8221354166666667 0.5523148148148148 0.8247395833333333 0.5689814814814815 0.82578125 0.649074074074074 0.8247395833333333 0.6541666666666667 0.8182291666666667 0.6587962962962963 0.8036458333333333 0.6578703703703703 0.7986979166666667 0.6504629629629629 0.7981770833333334 0.5537037037037037 0.8026041666666667 0.5467592592592593 0.8138020833333334 0.5462962962962963
0 0.6799479166666667 0.4393518518518518 0.6895833333333333 0.44583333333333336 0.6919270833333333 0.4564814814814815 0.6856770833333333 0.537962962962963 0.68125 0.55 0.6760416666666667 0.5523148148148148 0.6630208333333333 0.5472222222222223 0.659375 0.5393518518518519 0.6588541666666666 0.5310185185185186 0.6661458333333333 0.449537037037037 0.6713541666666667 0.4398148148148148 0.6796875 0.4393518518518518
0 0.8638020833333333 0.6902777777777778 0.86875 0.6958333333333333 0.8716145833333333 0.7087962962962963 0.8731770833333333 0.7972222222222223 0.8703125 0.8069444444444445 0.86015625 0.8106481481481481 0.8484375 0.8064814814814815 0.8453125 0.7967592592592593 0.8419270833333333 0.7050925925925926 0.84453125 0.6962962962962963 0.8489583333333334 0.6902777777777778 0.8635416666666667 0.6902777777777778
0 0.8989583333333333 0.25324074074074077 0.9044270833333333 0.25601851851851853 0.9078125 0.262037037037037 0.9135416666666667 0.29305555555555557 0.9111979166666667 0.30092592592592593 0.9130208333333333 0.32222222222222224 0.9127604166666666 0.3560185185185185 0.909375 0.362962962962963 0.9026041666666667 0.3662037037037037 0.8875 0.36435185185185187 0.8817708333333333 0.35555555555555557 0.8825520833333333 0.29768518518518516 0.8817708333333333 0.2898148148148148 0.8783854166666667 0.2833333333333333 0.8802083333333334 0.27037037037037037 0.8854166666666666 0.2569444444444444 0.890625 0.25324074074074077 0.8986979166666667 0.25324074074074077
0 0.6614583333333334 0.9666666666666667 0.6669270833333333 0.9694444444444444 0.671875 0.9796296296296296 0.6736979166666667 0.999537037037037 0.6455729166666667 0.999537037037037 0.6473958333333333 0.9736111111111111 0.65078125 0.9685185185185186 0.6611979166666667 0.9666666666666667
0 0.8145833333333333 0.2337962962962963 0.8208333333333333 0.2375 0.82265625 0.2449074074074074 0.8255208333333334 0.2828703703703704 0.825 0.3148148148148148 0.8216145833333334 0.32083333333333336 0.8114583333333333 0.3236111111111111 0.80390625 0.3212962962962963 0.8002604166666667 0.3143518518518518 0.8010416666666667 0.2865740740740741 0.7989583333333333 0.2513888888888889 0.8 0.2412037037037037 0.8026041666666667 0.23657407407407408 0.8143229166666667 0.2337962962962963
0 0.6255208333333333 0.5398148148148149 0.6299479166666667 0.5453703703703704 0.6315104166666666 0.5541666666666667 0.634375 0.6435185185185185 0.6307291666666667 0.6546296296296297 0.6239583333333333 0.6578703703703703 0.6114583333333333 0.6564814814814814 0.6067708333333334 0.6472222222222223 0.6033854166666667 0.5587962962962963 0.6046875 0.5462962962962963 0.6091145833333333 0.5402777777777777 0.6252604166666667 0.5398148148148149
0 0.7411458333333333 0.25046296296296294 0.7455729166666667 0.2537037037037037 0.74921875 0.262037037037037 0.7533854166666667 0.33425925925925926 0.7518229166666667 0.35138888888888886 0.7427083333333333 0.3560185185185185 0.73125 0.3537037037037037 0.7278645833333334 0.3453703703703704 0.7283854166666667 0.32731481481481484 0.725 0.2740740740740741 0.7252604166666666 0.2652777777777778 0.7291666666666666 0.25416666666666665 0.7408854166666666 0.25046296296296294
0 0.66484375 0.11805555555555555 0.6721354166666667 0.12314814814814815 0.675 0.13703703703703704 0.6736979166666667 0.21388888888888888 0.6705729166666666 0.225 0.6611979166666667 0.23287037037037037 0.65390625 0.23194444444444445 0.64765625 0.225 0.6453125 0.20462962962962963 0.6502604166666667 0.1259259259259259 0.6549479166666666 0.11898148148148148 0.6645833333333333 0.11805555555555555
0 0.5888020833333333 0.11666666666666667 0.596875 0.12083333333333333 0.5994791666666667 0.12638888888888888 0.6 0.18611111111111112 0.5958333333333333 0.22083333333333333 0.5869791666666667 0.22870370370370371 0.5786458333333333 0.22777777777777777 0.5747395833333333 0.22407407407407406 0.5713541666666667 0.21296296296296297 0.57109375 0.20416666666666666 0.57421875 0.12361111111111112 0.578125 0.11805555555555555 0.5885416666666666 0.11666666666666667
0 0.19114583333333332 0.5805555555555556 0.19609375 0.5828703703703704 0.19791666666666666 0.5925925925925926 0.19427083333333334 0.6425925925925926 0.18854166666666666 0.6513888888888889 0.17083333333333334 0.6472222222222223 0.16901041666666666 0.6324074074074074 0.17135416666666667 0.6013888888888889 0.17526041666666667 0.5842592592592593 0.17890625 0.5791666666666667 0.19088541666666667 0.5805555555555556
0 0.5927083333333333 0.2388888888888889 0.5986979166666667 0.2412037037037037 0.5997395833333333 0.24675925925925926 0.6013020833333333 0.3388888888888889 0.6005208333333333 0.3527777777777778 0.596875 0.3625 0.5893229166666667 0.36435185185185187 0.5799479166666667 0.36342592592592593 0.5736979166666667 0.35509259259259257 0.5721354166666667 0.3490740740740741 0.5734375 0.25833333333333336 0.5763020833333333 0.2412037037037037 0.5924479166666666 0.2388888888888889
0 0.9356770833333333 0.5481481481481482 0.9427083333333334 0.5546296296296296 0.9458333333333333 0.5643518518518519 0.9479166666666666 0.5907407407407408 0.9484375 0.6439814814814815 0.946875 0.6666666666666666 0.9440104166666666 0.6708333333333333 0.93671875 0.6731481481481482 0.92578125 0.6708333333333333 0.9213541666666667 0.663425925925926 0.9174479166666667 0.612037037037037 0.91640625 0.5675925925925925 0.9171875 0.5569444444444445 0.9208333333333333 0.5504629629629629 0.9354166666666667 0.5481481481481482
0 0.5869791666666667 0.6884259259259259 0.5927083333333333 0.6921296296296297 0.59609375 0.7041666666666667 0.5963541666666666 0.7185185185185186 0.5940104166666667 0.7337962962962963 0.5953125 0.7412037037037037 0.59453125 0.7828703703703703 0.5903645833333333 0.8106481481481481 0.5807291666666666 0.8171296296296297 0.5713541666666667 0.8148148148148148 0.5669270833333333 0.8078703703703703 0.5653645833333333 0.8 0.56796875 0.7199074074074074 0.5692708333333333 0.6958333333333333 0.57109375 0.6902777777777778 0.5763020833333333 0.6875 0.58671875 0.6884259259259259
0 0.7002604166666667 0.6805555555555556 0.7080729166666667 0.6847222222222222 0.7119791666666667 0.6990740740740741 0.7106770833333333 0.7916666666666666 0.70859375 0.7972222222222223 0.703125 0.799537037037037 0.6869791666666667 0.7981481481481482 0.68125 0.7902777777777777 0.6848958333333334 0.6888888888888889 0.6893229166666667 0.6810185185185185 0.7 0.6805555555555556
0 0.7346354166666667 0.6902777777777778 0.7408854166666666 0.6921296296296297 0.7455729166666667 0.6995370370370371 0.7484375 0.7476851851851852 0.7489583333333333 0.7819444444444444 0.7458333333333333 0.7870370370370371 0.7390625 0.7888888888888889 0.725 0.7861111111111111 0.71875 0.7273148148148149 0.7213541666666666 0.7236111111111111 0.7200520833333334 0.6981481481481482 0.7252604166666666 0.6921296296296297 0.734375 0.6902777777777778
0 0.5424479166666667 0.674074074074074 0.5502604166666667 0.6782407407407407 0.5526041666666667 0.6856481481481481 0.5549479166666667 0.7314814814814815 0.5533854166666666 0.7425925925925926 0.5536458333333333 0.7791666666666667 0.5494791666666666 0.7898148148148149 0.5411458333333333 0.7939814814814815 0.5309895833333333 0.7902777777777777 0.5265625 0.7791666666666667 0.5255208333333333 0.6949074074074074 0.5283854166666667 0.6782407407407407 0.5421875 0.674074074074074
0 0.703125 0.11944444444444445 0.7080729166666667 0.12222222222222222 0.71015625 0.1310185185185185 0.7098958333333333 0.2050925925925926 0.70625 0.21481481481481482 0.6981770833333333 0.2175925925925926 0.6890625 0.2162037037037037 0.68515625 0.20972222222222223 0.6854166666666667 0.1300925925925926 0.6888020833333334 0.12129629629629629 0.7028645833333333 0.11944444444444445
0 0.6606770833333333 0.26157407407407407 0.6705729166666666 0.26851851851851855 0.6729166666666667 0.2861111111111111 0.6703125 0.3435185185185185 0.66796875 0.3490740740740741 0.6619791666666667 0.35185185185185186 0.6473958333333333 0.3490740740740741 0.6455729166666667 0.33935185185185185 0.6473958333333333 0.2689814814814815 0.6518229166666667 0.2625 0.6604166666666667 0.26157407407407407
0 0.54765625 0.5314814814814814 0.55703125 0.5347222222222222 0.5588541666666667 0.5504629629629629 0.5578125 0.6351851851851852 0.5546875 0.6472222222222223 0.5481770833333334 0.6504629629629629 0.5356770833333333 0.6481481481481481 0.5309895833333333 0.637962962962963 0.5341145833333333 0.5361111111111111 0.5388020833333333 0.5319444444444444 0.5473958333333333 0.5314814814814814
0 0.70390625 0.24768518518518517 0.7091145833333333 0.2523148148148148 0.7111979166666667 0.26157407407407407 0.7111979166666667 0.3449074074074074 0.7098958333333333 0.3486111111111111 0.6994791666666667 0.35185185185185186 0.6895833333333333 0.35 0.68671875 0.34444444444444444 0.6854166666666667 0.25925925925925924 0.6890625 0.2490740740740741 0.7036458333333333 0.24768518518518517
0 0.8052083333333333 0.40185185185185185 0.8315104166666667 0.40555555555555556 0.8432291666666667 0.41064814814814815 0.8458333333333333 0.4212962962962963 0.8442708333333333 0.44583333333333336 0.8421875 0.45046296296296295 0.83515625 0.4527777777777778 0.7893229166666667 0.44907407407407407 0.7778645833333333 0.4425925925925926 0.7752604166666667 0.41944444444444445 0.7794270833333333 0.4041666666666667 0.7861979166666667 0.40046296296296297 0.8049479166666667 0.40185185185185185
0 0.6268229166666667 0.2337962962962963 0.6341145833333334 0.2375 0.6375 0.2490740740740741 0.63671875 0.30416666666666664 0.63828125 0.31666666666666665 0.6369791666666667 0.3384259259259259 0.6341145833333334 0.3435185185185185 0.6270833333333333 0.34629629629629627 0.6161458333333333 0.3458333333333333 0.61328125 0.34305555555555556 0.6109375 0.3263888888888889 0.6122395833333333 0.3 0.6109375 0.24537037037037038 0.6158854166666666 0.2361111111111111 0.6265625 0.2337962962962963
0 0.89453125 0.5569444444444445 0.9015625 0.5601851851851852 0.9052083333333333 0.5662037037037037 0.9078125 0.6231481481481481 0.9065104166666667 0.6509259259259259 0.9046875 0.6583333333333333 0.9013020833333333 0.6652777777777777 0.8950520833333333 0.6666666666666666 0.8864583333333333 0.6657407407407407 0.8807291666666667 0.6611111111111111 0.8778645833333333 0.6125 0.8799479166666667 0.5606481481481481 0.8942708333333333 0.5569444444444445
0 0.85078125 0.24351851851851852 0.85703125 0.24722222222222223 0.8619791666666666 0.25833333333333336 0.8661458333333333 0.31666666666666665 0.8638020833333333 0.34629629629629627 0.8614583333333333 0.34953703703703703 0.8541666666666666 0.350462962962963 0.8450520833333334 0.350462962962963 0.8401041666666667 0.3453703703703704 0.8338541666666667 0.26990740740740743 0.8346354166666666 0.25555555555555554 0.8385416666666666 0.24722222222222223 0.8434895833333333 0.24351851851851852 0.8505208333333333 0.24351851851851852
0 0.7388020833333333 0.5347222222222222 0.7450520833333333 0.5365740740740741 0.7494791666666667 0.5416666666666666 0.7505208333333333 0.5777777777777777 0.7489583333333333 0.6333333333333333 0.7450520833333333 0.6388888888888888 0.7385416666666667 0.6412037037037037 0.73046875 0.6402777777777777 0.725 0.6333333333333333 0.72421875 0.6 0.725 0.5430555555555555 0.7294270833333333 0.5361111111111111 0.7385416666666667 0.5347222222222222
0 0.7080729166666667 0.5546296296296296 0.7127604166666667 0.5611111111111111 0.7143229166666667 0.5925925925925926 0.7140625 0.6194444444444445 0.709375 0.6226851851851852 0.6927083333333334 0.6222222222222222 0.6901041666666666 0.6171296296296296 0.6916666666666667 0.5958333333333333 0.6901041666666666 0.5708333333333333 0.6911458333333333 0.5569444444444445 0.69765625 0.5537037037037037 0.7078125 0.5546296296296296
0 0.6299479166666667 0.10277777777777777 0.6341145833333334 0.10925925925925926 0.6359375 0.11851851851851852 0.6369791666666667 0.1726851851851852 0.634375 0.2064814814814815 0.6296875 0.2125 0.62421875 0.21435185185185185 0.61328125 0.21203703703703702 0.6098958333333333 0.20601851851851852 0.60859375 0.18009259259259258 0.6098958333333333 0.11574074074074074 0.6109375 0.10925925925925926 0.61640625 0.10231481481481482 0.6247395833333333 0.10046296296296296 0.6296875 0.10277777777777777
0 0.9619791666666667 0.24444444444444444 0.96875 0.24675925925925926 0.9739583333333334 0.25416666666666665 0.9765625 0.2824074074074074 0.9770833333333333 0.32592592592592595 0.9752604166666666 0.3453703703703704 0.9716145833333333 0.35462962962962963 0.9653645833333333 0.35833333333333334 0.9518229166666666 0.35555555555555557 0.9458333333333333 0.3476851851851852 0.9442708333333333 0.3388888888888889 0.9458333333333333 0.3023148148148148 0.94453125 0.2657407407407407 0.94609375 0.25787037037037036 0.9513020833333333 0.24768518518518517 0.96171875 0.24444444444444444
0 0.853125 0.549537037037037 0.8661458333333333 0.5546296296296296 0.8690104166666667 0.5657407407407408 0.865625 0.6615740740740741 0.86015625 0.6717592592592593 0.8559895833333333 0.6736111111111112 0.8408854166666667 0.6685185185185185 0.8377604166666667 0.6560185185185186 0.8419270833333333 0.5689814814814815 0.8453125 0.5541666666666667 0.8528645833333334 0.549537037037037
0 0.6619791666666667 0.6930555555555555 0.6716145833333333 0.6958333333333333 0.6734375 0.6995370370370371 0.6734375 0.7129629629629629 0.6721354166666667 0.787962962962963 0.6661458333333333 0.8055555555555556 0.6614583333333334 0.8078703703703703 0.6510416666666666 0.8064814814814815 0.64765625 0.8032407407407407 0.64453125 0.7930555555555555 0.64453125 0.7805555555555556 0.6466145833333333 0.7 0.6520833333333333 0.6925925925925925 0.66171875 0.6930555555555555
0 0.7848958333333333 0.6814814814814815 0.7880208333333333 0.6856481481481481 0.7903645833333334 0.6972222222222222 0.7919270833333333 0.7833333333333333 0.7877604166666666 0.7972222222222223 0.7807291666666667 0.8023148148148148 0.7692708333333333 0.799537037037037 0.7643229166666666 0.7902777777777777 0.7627604166666667 0.6972222222222222 0.7658854166666667 0.6814814814814815 0.77109375 0.6791666666666667 0.7846354166666667 0.6814814814814815
0 0.7802083333333333 0.5481481481481482 0.78671875 0.5537037037037037 0.78984375 0.5717592592592593 0.7908854166666667 0.6337962962962963 0.78984375 0.6462962962962963 0.7872395833333333 0.6527777777777778 0.778125 0.6560185185185186 0.76875 0.6546296296296297 0.7643229166666666 0.6430555555555556 0.7614583333333333 0.5703703703703704 0.7619791666666667 0.5583333333333333 0.76484375 0.5518518518518518 0.7705729166666667 0.5481481481481482 0.7799479166666666 0.5481481481481482
0 0.7778645833333333 0.23055555555555557 0.7856770833333333 0.23657407407407408 0.7901041666666667 0.2513888888888889 0.7901041666666667 0.3296296296296296 0.78671875 0.34120370370370373 0.78046875 0.3435185185185185 0.76953125 0.3425925925925926 0.7653645833333333 0.3384259259259259 0.7635416666666667 0.3296296296296296 0.7619791666666667 0.2898148148148148 0.7635416666666667 0.24305555555555555 0.76796875 0.23425925925925925 0.7776041666666667 0.23055555555555557
0 0.7731770833333333 0.11481481481481481 0.7802083333333333 0.11574074074074074 0.7838541666666666 0.12407407407407407 0.7861979166666667 0.18564814814814815 0.7833333333333333 0.21157407407407408 0.77890625 0.2175925925925926 0.7731770833333333 0.2199074074074074 0.76640625 0.21666666666666667 0.76328125 0.20879629629629629 0.7588541666666667 0.20601851851851852 0.7567708333333333 0.13842592592592592 0.75703125 0.12731481481481483 0.7596354166666667 0.11898148148148148 0.7645833333333333 0.11527777777777778 0.7729166666666667 0.11481481481481481
0 0.81484375 0.6847222222222222 0.8221354166666667 0.687962962962963 0.82578125 0.6953703703703704 0.8265625 0.7569444444444444 0.825 0.7893518518518519 0.8145833333333333 0.7967592592592593 0.8046875 0.7939814814814815 0.8 0.7888888888888889 0.79765625 0.762962962962963 0.7994791666666666 0.7527777777777778 0.7981770833333334 0.6958333333333333 0.8041666666666667 0.6861111111111111 0.8145833333333333 0.6847222222222222