0 0.8885416666666667 0.11527777777777778 0.89453125 0.11712962962962963 0.8979166666666667 0.12314814814814815 0.9013020833333333 0.18333333333333332 0.8989583333333333 0.22407407407407406 0.89375 0.23055555555555557 0.88671875 0.2324074074074074 0.8770833333333333 0.2310185185185185 0.8721354166666667 0.22083333333333333 0.8723958333333334 0.16666666666666666 0.8700520833333333 0.14027777777777778 0.875 0.11898148148148148 0.88828125 0.11527777777777778
0 0.5442708333333334 0.6689814814814815 0.5502604166666667 0.6708333333333333 0.5546875 0.6773148148148148 0.55703125 0.7310185185185185 0.5552083333333333 0.7768518518518519 0.5518229166666667 0.7842592592592592 0.5442708333333334 0.787962962962963 0.53515625 0.7861111111111111 0.5302083333333333 0.7791666666666667 0.5278645833333333 0.7490740740740741 0.52890625 0.6787037037037037 0.5328125 0.6722222222222223 0.5440104166666667 0.6689814814814815
0 0.77265625 0.10972222222222222 0.784375 0.11388888888888889 0.7880208333333333 0.14907407407407408 0.7864583333333334 0.20277777777777778 0.7830729166666667 0.2111111111111111 0.7768229166666667 0.21388888888888888 0.7619791666666667 0.2101851851851852 0.76015625 0.19675925925925927 0.75859375 0.12407407407407407 0.76328125 0.1125 0.7723958333333333 0.10972222222222222
0 0.6244791666666667 0.6736111111111112 0.6322916666666667 0.6782407407407407 0.63515625 0.6865740740740741 0.6375 0.7537037037037037 0.6348958333333333 0.7953703703703704 0.6307291666666667 0.8037037037037037 0.6247395833333333 0.8060185185185185 0.6122395833333333 0.8041666666666667 0.60625 0.7935185185185185 0.6083333333333333 0.7689814814814815 0.6075520833333333 0.736574074074074 0.6109375 0.6851851851851852 0.6169270833333333 0.674537037037037 0.62421875 0.6736111111111112
0 0.7174479166666666 0.3699074074074074 0.75546875 0.375 0.7614583333333333 0.37916666666666665 0.7619791666666667 0.4125 0.7596354166666667 0.41898148148148145 0.75546875 0.42083333333333334 0.7268229166666667 0.4199074074074074 0.7026041666666667 0.4148148148148148 0.6994791666666667 0.40555555555555556 0.6994791666666667 0.38935185185185184 0.7018229166666666 0.3763888888888889 0.7065104166666667 0.37175925925925923 0.7171875 0.3699074074074074
0 0.7440104166666667 0.2462962962962963 0.7489583333333333 0.25 0.75234375 0.25787037037037036 0.7552083333333334 0.3351851851851852 0.7528645833333333 0.3486111111111111 0.7434895833333334 0.35185185185185186 0.7341145833333333 0.3509259259259259 0.7302083333333333 0.3435185185185185 0.7268229166666667 0.2652777777777778 0.7315104166666667 0.25 0.74375 0.2462962962962963
0 0.7067708333333333 0.11527777777777778 0.7111979166666667 0.11990740740740741 0.7138020833333333 0.17037037037037037 0.7125 0.19814814814814816 0.7098958333333333 0.20787037037037037 0.7 0.21342592592592594 0.6908854166666667 0.2111111111111111 0.6877604166666667 0.20555555555555555 0.6880208333333333 0.12453703703703704 0.6890625 0.11898148148148148 0.6921875 0.11574074074074074 0.7065104166666667 0.11527777777777778
0 0.9677083333333333 0.1162037037037037 0.97421875 0.12175925925925926 0.97734375 0.12962962962962962 0.9786458333333333 0.20694444444444443 0.97734375 0.2175925925925926 0.975 0.22175925925925927 0.9643229166666667 0.22685185185185186 0.9552083333333333 0.22361111111111112 0.9494791666666667 0.20833333333333334 0.9484375 0.1412037037037037 0.94921875 0.1287037037037037 0.9528645833333333 0.11944444444444445 0.959375 0.11527777777777778 0.9674479166666666 0.1162037037037037
0 0.815625 0.09490740740740741 0.82109375 0.10092592592592593 0.8234375 0.10925925925925926 0.8255208333333334 0.16018518518518518 0.821875 0.1912037037037037 0.81171875 0.1962962962962963 0.8005208333333333 0.1925925925925926 0.79765625 0.18564814814814815 0.7986979166666667 0.16064814814814815 0.7963541666666667 0.11527777777777778 0.8 0.10185185185185185 0.8036458333333333 0.0962962962962963 0.8153645833333333 0.09490740740740741
0 0.8192708333333333 0.5425925925925926 0.8244791666666667 0.5486111111111112 0.8263020833333333 0.5611111111111111 0.8276041666666667 0.6388888888888888 0.8247395833333333 0.6504629629629629 0.8158854166666667 0.6541666666666667 0.8036458333333333 0.6518518518518519 0.8002604166666667 0.6439814814814815 0.79921875 0.5564814814814815 0.8002604166666667 0.5486111111111112 0.80390625 0.5430555555555555 0.8190104166666666 0.5425925925925926
0 0.6651041666666667 0.9671296296296297 0.6729166666666667 0.9805555555555555 0.67421875 0.999537037037037 0.6447916666666667 0.999537037037037 0.6455729166666667 0.9782407407407407 0.64921875 0.9689814814814814 0.65546875 0.9657407407407408 0.66484375 0.9671296296296297
0 0.5486979166666667 0.5268518518518519 0.5606770833333333 0.5319444444444444 0.56015625 0.6310185185185185 0.55703125 0.6425925925925926 0.5513020833333333 0.6458333333333334 0.5364583333333334 0.6421296296296296 0.5333333333333333 0.6300925925925925 0.53515625 0.6074074074074074 0.5356770833333333 0.5324074074074074 0.5393229166666667 0.5277777777777778 0.5484375 0.5268518518518519
0 0.6236979166666666 0.5342592592592592 0.6307291666666667 0.5370370370370371 0.63359375 0.5462962962962963 0.6369791666666667 0.624537037037037 0.63671875 0.6365740740740741 0.6341145833333334 0.6467592592592593 0.6307291666666667 0.6518518518518519 0.62578125 0.6537037037037037 0.6153645833333333 0.6532407407407408 0.6098958333333333 0.6472222222222223 0.60703125 0.624537037037037 0.6057291666666667 0.5907407407407408 0.60625 0.5425925925925926 0.6098958333333333 0.5361111111111111 0.6234375 0.5342592592592592
0 0.859375 0.6837962962962963 0.8692708333333333 0.6884259259259259 0.8721354166666667 0.6962962962962963 0.875 0.7597222222222222 0.87421875 0.7958333333333333 0.8705729166666667 0.8018518518518518 0.8625 0.8041666666666667 0.8486979166666667 0.799537037037037 0.8442708333333333 0.7805555555555556 0.8463541666666666 0.7587962962962963 0.8442708333333333 0.6972222222222222 0.8489583333333334 0.6865740740740741 0.8591145833333333 0.6837962962962963
0 0.6682291666666667 0.11342592592592593 0.6731770833333334 0.11574074074074074 0.6765625 0.12638888888888888 0.6776041666666667 0.17175925925925925 0.6760416666666667 0.20092592592592592 0.6786458333333333 0.21712962962962962 0.6739583333333333 0.22314814814814815 0.6630208333333333 0.22870370370370371 0.6559895833333333 0.22777777777777777 0.65 0.22175925925925927 0.64765625 0.21342592592592594 0.64765625 0.19537037037037036 0.65234375 0.12314814814814815 0.6572916666666667 0.11481481481481481 0.66796875 0.11342592592592593
0 0.59296875 0.11203703703703703 0.59921875 0.11574074074074074 0.6015625 0.12453703703703704 0.6013020833333333 0.19675925925925927 0.5984375 0.21666666666666667 0.5947916666666667 0.2222222222222222 0.58828125 0.22453703703703703 0.5783854166666667 0.22037037037037038 0.57421875 0.20925925925925926 0.5763020833333333 0.12546296296296297 0.578125 0.11574074074074074 0.5927083333333333 0.11203703703703703
0 0.36770833333333336 0.9106481481481481 0.37057291666666664 0.9120370370370371 0.3731770833333333 0.9185185185185185 0.3731770833333333 0.9796296296296296 0.37057291666666664 0.999537037037037 0.35208333333333336 0.999537037037037 0.3463541666666667 0.9930555555555556 0.3458333333333333 0.9634259259259259 0.3489583333333333 0.9189814814814815 0.3546875 0.9101851851851852 0.36744791666666665 0.9106481481481481
0 0.5901041666666667 0.23333333333333334 0.6010416666666667 0.23796296296296296 0.603125 0.26944444444444443 0.6026041666666667 0.3439814814814815 0.6 0.35462962962962963 0.59375 0.3597222222222222 0.5817708333333333 0.3587962962962963 0.5747395833333333 0.3453703703703704 0.5776041666666667 0.2388888888888889 0.58984375 0.23333333333333334
0 0.8557291666666667 0.9879629629629629 0.8645833333333334 0.9907407407407407 0.8690104166666667 0.999537037037037 0.8424479166666666 0.999537037037037 0.8453125 0.9907407407407407 0.85546875 0.9879629629629629
0 0.9395833333333333 0.5439814814814815 0.94609375 0.5537037037037037 0.9479166666666666 0.5662037037037037 0.95 0.6523148148148148 0.94609375 0.6662037037037037 0.9393229166666667 0.6675925925925926 0.9283854166666666 0.6671296296296296 0.9221354166666667 0.6574074074074074 0.91796875 0.5685185185185185 0.91796875 0.5541666666666667 0.921875 0.5462962962962963 0.9322916666666666 0.5421296296296296 0.9393229166666667 0.5439814814814815
0 0.5893229166666667 0.6833333333333333 0.5953125 0.6875 0.5981770833333333 0.6958333333333333 0.5947916666666667 0.7578703703703704 0.5953125 0.7856481481481481 0.5924479166666666 0.8037037037037037 0.584375 0.8101851851851852 0.5744791666666667 0.8092592592592592 0.5697916666666667 0.8041666666666667 0.5674479166666667 0.7842592592592592 0.56953125 0.774074074074074 0.56796875 0.7601851851851852 0.5697916666666667 0.7513888888888889 0.5690104166666666 0.7416666666666667 0.5721354166666667 0.6898148148148148 0.5776041666666667 0.6828703703703703 0.5890625 0.6833333333333333
0 0.896875 0.5523148148148148 0.90390625 0.5555555555555556 0.9072916666666667 0.5611111111111111 0.9096354166666667 0.6125 0.9078125 0.649537037037037 0.903125 0.6597222222222222 0.8997395833333334 0.6620370370370371 0.8885416666666667 0.6615740740740741 0.8825520833333333 0.6574074074074074 0.8799479166666667 0.6162037037037037 0.8807291666666667 0.5601851851851852 0.8846354166666667 0.5537037037037037 0.8966145833333333 0.5523148148148148
0 0.7044270833333334 0.6759259259259259 0.7111979166666667 0.6819444444444445 0.7135416666666666 0.6935185185185185 0.71328125 0.7736111111111111 0.7119791666666667 0.7902777777777777 0.7080729166666667 0.7944444444444444 0.6885416666666667 0.7921296296296296 0.6854166666666667 0.7893518518518519 0.68359375 0.7828703703703703 0.6864583333333333 0.6851851851851852 0.6890625 0.6777777777777778 0.6924479166666667 0.675 0.7041666666666667 0.6759259259259259
0 0.7380208333333333 0.6851851851851852 0.7450520833333333 0.6884259259259259 0.7473958333333334 0.6958333333333333 0.7513020833333334 0.7541666666666667 0.7510416666666667 0.7763888888888889 0.7481770833333333 0.7810185185185186 0.7421875 0.7833333333333333 0.73046875 0.7828703703703703 0.7268229166666667 0.7796296296296297 0.721875 0.7203703703703703 0.7221354166666667 0.6925925925925925 0.7270833333333333 0.687037037037037 0.7377604166666667 0.6851851851851852
0 0.8528645833333334 0.125 0.8588541666666667 0.12824074074074074 0.8606770833333334 0.13518518518518519 0.8611979166666667 0.2074074074074074 0.8583333333333333 0.22083333333333333 0.8513020833333333 0.22453703703703703 0.8408854166666667 0.22407407407407406 0.8346354166666666 0.21666666666666667 0.8361979166666667 0.1638888888888889 0.83515625 0.1337962962962963 0.8385416666666666 0.1259259259259259 0.8526041666666667 0.125
0 0.6653645833333334 0.2574074074074074 0.6723958333333333 0.2638888888888889 0.67421875 0.275 0.6731770833333334 0.3388888888888889 0.6716145833333333 0.34444444444444444 0.6684895833333333 0.3458333333333333 0.65078125 0.34444444444444444 0.6479166666666667 0.3347222222222222 0.6497395833333334 0.2657407407407407 0.6546875 0.25833333333333336 0.6651041666666667 0.2574074074074074
0 0.853125 0.23935185185185184 0.8611979166666667 0.2439814814814815 0.8645833333333334 0.2523148148148148 0.8682291666666667 0.32037037037037036 0.8658854166666666 0.3416666666666667 0.853125 0.34629629629629627 0.8450520833333334 0.3458333333333333 0.8419270833333333 0.3421296296296296 0.8403645833333333 0.3351851851851852 0.83671875 0.26064814814814813 0.8372395833333334 0.2490740740740741 0.8401041666666667 0.2439814814814815 0.8528645833333334 0.23935185185185184
0 0.7484375 0.01898148148148148 0.7591145833333334 0.02824074074074074 0.76015625 0.04722222222222222 0.7419270833333333 0.13333333333333333 0.7356770833333334 0.1398148148148148 0.7260416666666667 0.1375 0.7197916666666667 0.13194444444444445 0.7174479166666666 0.1259259259259259 0.7174479166666666 0.11203703703703703 0.72734375 0.06388888888888888 0.7375 0.02546296296296296 0.7411458333333333 0.01990740740740741 0.7481770833333333 0.01898148148148148
0 0.6307291666666667 0.2300925925925926 0.6377604166666667 0.2351851851851852 0.6408854166666667 0.26481481481481484 0.6403645833333333 0.33101851851851855 0.6380208333333334 0.3388888888888889 0.6317708333333333 0.3421296296296296 0.61640625 0.3388888888888889 0.6138020833333333 0.33101851851851855 0.6127604166666667 0.3175925925925926 0.6143229166666667 0.2833333333333333 0.6135416666666667 0.2375 0.6190104166666667 0.2310185185185185 0.63046875 0.2300925925925926
0 0.9018229166666667 0.8356481481481481 0.9385416666666667 0.8393518518518519 0.9505208333333334 0.8453703703703703 0.9541666666666667 0.8629629629629629 0.9528645833333333 0.8800925925925925 0.95 0.8870370370370371 0.9427083333333334 0.8888888888888888 0.8932291666666666 0.8842592592592593 0.8830729166666667 0.8800925925925925 0.8791666666666667 0.8731481481481481 0.8786458333333333 0.8675925925925926 0.88046875 0.8412037037037037 0.8875 0.8347222222222223 0.9015625 0.8356481481481481
0 0.71015625 0.549537037037037 0.7145833333333333 0.5537037037037037 0.7169270833333333 0.5708333333333333 0.71640625 0.611574074074074 0.7140625 0.6166666666666667 0.6989583333333333 0.6171296296296296 0.6932291666666667 0.6162037037037037 0.6921875 0.6129629629629629 0.6942708333333333 0.5944444444444444 0.6924479166666667 0.5532407407407407 0.69921875 0.549074074074074 0.7098958333333333 0.549537037037037
0 0.7799479166666666 0.2273148148148148 0.7869791666666667 0.2310185185185185 0.7919270833333333 0.2439814814814815 0.7932291666666667 0.3125 0.7901041666666667 0.33425925925925926 0.7859375 0.3384259259259259 0.7794270833333333 0.33935185185185185 0.7692708333333333 0.33564814814814814 0.7666666666666667 0.3277777777777778 0.7645833333333333 0.24722222222222223 0.7682291666666666 0.2324074074074074 0.7796875 0.2273148148148148
0 0.7408854166666666 0.5296296296296297 0.7515625 0.537962962962963 0.7528645833333333 0.5694444444444444 0.7518229166666667 0.6236111111111111 0.7479166666666667 0.6333333333333333 0.74140625 0.6361111111111111 0.7302083333333333 0.6337962962962963 0.7263020833333333 0.6240740740740741 0.7278645833333334 0.5361111111111111 0.7309895833333333 0.5319444444444444 0.740625 0.5296296296296297
0 0.628125 0.0962962962962963 0.6338541666666667 0.1 0.6375 0.10972222222222222 0.6388020833333333 0.18888888888888888 0.6369791666666667 0.20324074074074075 0.6263020833333334 0.2101851851851852 0.6161458333333333 0.20787037037037037 0.6125 0.20185185185185187 0.6114583333333333 0.14953703703703702 0.6138020833333333 0.10555555555555556 0.6197916666666666 0.09722222222222222 0.6278645833333333 0.0962962962962963
0 0.9671875 0.24074074074074073 0.9747395833333333 0.2462962962962963 0.9776041666666667 0.25462962962962965 0.9794270833333333 0.287962962962963 0.97890625 0.32407407407407407 0.9776041666666667 0.34074074074074073 0.9747395833333333 0.3486111111111111 0.9643229166666667 0.3537037037037037 0.953125 0.350462962962963 0.94609375 0.3375 0.9484375 0.2962962962962963 0.9466145833333334 0.26342592592592595 0.9494791666666667 0.24953703703703703 0.9528645833333333 0.24351851851851852 0.9669270833333333 0.24074074074074073
0 0.8559895833333333 0.5449074074074074 0.8684895833333334 0.5504629629629629 0.8708333333333333 0.5657407407407408 0.8669270833333333 0.6541666666666667 0.8630208333333333 0.6652777777777777 0.8578125 0.6680555555555555 0.8453125 0.6657407407407407 0.8411458333333334 0.6606481481481481 0.8393229166666667 0.6537037037037037 0.8424479166666666 0.5703703703703704 0.8466145833333333 0.55 0.8505208333333333 0.5453703703703704 0.8557291666666667 0.5449074074074074
0 0.7020833333333333 0.24259259259259258 0.7114583333333333 0.24814814814814815 0.7143229166666667 0.2810185185185185 0.7125 0.3388888888888889 0.71015625 0.3458333333333333 0.7033854166666667 0.3486111111111111 0.69296875 0.3472222222222222 0.6890625 0.3416666666666667 0.6872395833333333 0.2967592592592593 0.6885416666666667 0.25 0.6924479166666667 0.2439814814814815 0.7018229166666666 0.24259259259259258
0 0.6627604166666666 0.687037037037037 0.6736979166666667 0.6916666666666667 0.67578125 0.6962962962962963 0.6768229166666667 0.7083333333333334 0.6755208333333333 0.7759259259259259 0.6721354166666667 0.7930555555555555 0.6692708333333334 0.7981481481481482 0.6627604166666666 0.8013888888888889 0.6505208333333333 0.8 0.6466145833333333 0.7930555555555555 0.64609375 0.7800925925925926 0.6484375 0.7 0.6510416666666666 0.6884259259259259 0.6625 0.687037037037037
0 0.7830729166666667 0.6736111111111112 0.7880208333333333 0.6768518518518518 0.7916666666666666 0.6888888888888889 0.79375 0.7708333333333334 0.7911458333333333 0.7902777777777777 0.7841145833333333 0.7972222222222223 0.7752604166666667 0.7967592592592593 0.7674479166666667 0.7893518518518519 0.7645833333333333 0.7597222222222222 0.765625 0.6800925925925926 0.76875 0.675 0.7828125 0.6736111111111112
0 0.78203125 0.5435185185185185 0.7869791666666667 0.5467592592592593 0.78984375 0.5537037037037037 0.7924479166666667 0.6310185185185185 0.78984375 0.6462962962962963 0.77890625 0.6509259259259259 0.76953125 0.6476851851851851 0.7661458333333333 0.6388888888888888 0.76640625 0.6018518518518519 0.76328125 0.5597222222222222 0.7651041666666667 0.55 0.7690104166666667 0.5453703703703704 0.7817708333333333 0.5435185185185185
0 0.8182291666666667 0.22962962962962963 0.8231770833333333 0.23425925925925925 0.82578125 0.24675925925925926 0.8268229166666666 0.30694444444444446 0.8247395833333333 0.3148148148148148 0.81484375 0.31805555555555554 0.8065104166666667 0.3175925925925926 0.80234375 0.30972222222222223 0.8013020833333333 0.24212962962962964 0.80546875 0.23055555555555557 0.81796875 0.22962962962962963
0 0.903125 0.2490740740740741 0.9075520833333334 0.25277777777777777 0.9111979166666667 0.26157407407407407 0.915625 0.29259259259259257 0.91484375 0.3486111111111111 0.91171875 0.3574074074074074 0.9028645833333333 0.3611111111111111 0.8903645833333333 0.3597222222222222 0.8830729166666667 0.3490740740740741 0.8833333333333333 0.3347222222222222 0.8861979166666667 0.33055555555555555 0.8859375 0.3175925925925926 0.88359375 0.28703703703703703 0.8799479166666667 0.2791666666666667 0.8802083333333334 0.27314814814814814 0.8869791666666667 0.25277777777777777 0.8932291666666666 0.24814814814814815 0.9028645833333333 0.2490740740740741
0 0.5854166666666667 0.40555555555555556 0.5940104166666667 0.4097222222222222 0.6346354166666667 0.44583333333333336 0.63515625 0.4537037037037037 0.6302083333333334 0.48009259259259257 0.6252604166666667 0.48333333333333334 0.61640625 0.4810185185185185 0.5700520833333333 0.4444444444444444 0.5682291666666667 0.4300925925925926 0.5729166666666666 0.41064814814814815 0.578125 0.4050925925925926 0.58515625 0.40555555555555556
0 0.81796875 0.6800925925925926 0.825 0.6842592592592592 0.8270833333333333 0.6898148148148148 0.82890625 0.7273148148148149 0.8276041666666667 0.7337962962962963 0.828125 0.7777777777777778 0.8252604166666667 0.7861111111111111 0.81484375 0.7916666666666666 0.8057291666666667 0.787962962962963 0.8015625 0.7782407407407408 0.8005208333333333 0.7648148148148148 0.80234375 0.7199074074074074 0.8005208333333333 0.6949074074074074 0.80078125 0.6888888888888889 0.8046875 0.6814814814814815 0.8177083333333334 0.6800925925925926