0 0.8893229166666666 0.13287037037037036 0.8942708333333333 0.14074074074074075 0.8973958333333333 0.20694444444444443 0.8958333333333334 0.2412037037037037 0.8916666666666667 0.24768518518518517 0.8872395833333333 0.24953703703703703 0.875 0.2490740740740741 0.8692708333333333 0.23935185185185184 0.86875 0.18425925925925926 0.8658854166666666 0.1574074074074074 0.86953125 0.1388888888888889 0.8723958333333334 0.13472222222222222 0.8890625 0.13287037037037036
0 0.7752604166666667 0.12685185185185185 0.78046875 0.12962962962962962 0.7830729166666667 0.13703703703703704 0.7848958333333333 0.19583333333333333 0.78359375 0.22083333333333333 0.7796875 0.2273148148148148 0.77265625 0.23148148148148148 0.7653645833333333 0.22916666666666666 0.7622395833333333 0.2199074074074074 0.75859375 0.22037037037037038 0.7575520833333333 0.21666666666666667 0.75625 0.1425925925925926 0.7591145833333334 0.12962962962962962 0.765625 0.12638888888888888 0.775 0.12685185185185185
0 0.6252604166666667 0.6930555555555555 0.6299479166666667 0.6967592592592593 0.6330729166666667 0.7069444444444445 0.6341145833333334 0.7435185185185185 0.6328125 0.7574074074074074 0.6346354166666667 0.7768518518518519 0.63125 0.8148148148148148 0.6268229166666667 0.8208333333333333 0.621875 0.8217592592592593 0.6091145833333333 0.8199074074074074 0.60546875 0.8143518518518519 0.6036458333333333 0.8069444444444445 0.6046875 0.7842592592592592 0.60234375 0.7615740740740741 0.6052083333333333 0.7472222222222222 0.60546875 0.7231481481481481 0.60859375 0.6986111111111111 0.6125 0.6930555555555555 0.625 0.6930555555555555
0 0.8473958333333333 0.25555555555555554 0.85625 0.25972222222222224 0.8598958333333333 0.2671296296296296 0.8651041666666667 0.33425925925925926 0.8627604166666667 0.3578703703703704 0.8515625 0.36203703703703705 0.8416666666666667 0.3611111111111111 0.8375 0.35555555555555557 0.8325520833333333 0.2810185185185185 0.83359375 0.26805555555555555 0.8369791666666667 0.25972222222222224 0.8471354166666667 0.25555555555555554
0 0.7015625 0.2587962962962963 0.7078125 0.26296296296296295 0.7098958333333333 0.26990740740740743 0.7111979166666667 0.32685185185185184 0.71015625 0.35694444444444445 0.7075520833333333 0.3625 0.7015625 0.3648148148148148 0.6924479166666667 0.36435185185185187 0.6864583333333333 0.3592592592592593 0.684375 0.3106481481481482 0.6854166666666667 0.26435185185185184 0.6919270833333333 0.2587962962962963 0.7013020833333333 0.2587962962962963
0 0.70078125 0.1310185185185185 0.7067708333333333 0.1337962962962963 0.7091145833333333 0.1398148148148148 0.7104166666666667 0.2101851851851852 0.7075520833333333 0.22407407407407406 0.6966145833333334 0.22962962962962963 0.6888020833333334 0.22824074074074074 0.6846354166666667 0.22083333333333333 0.6848958333333334 0.14351851851851852 0.6875 0.13333333333333333 0.7005208333333334 0.1310185185185185
0 0.96171875 0.13287037037037036 0.96875 0.13703703703703704 0.9723958333333333 0.1439814814814815 0.9744791666666667 0.16944444444444445 0.97421875 0.2300925925925926 0.97109375 0.23796296296296296 0.9635416666666666 0.24351851851851852 0.9533854166666667 0.2412037037037037 0.94765625 0.2310185185185185 0.9442708333333333 0.16296296296296298 0.94453125 0.14953703703703702 0.9494791666666667 0.1361111111111111 0.9614583333333333 0.13287037037037036
0 0.8083333333333333 0.11064814814814815 0.8140625 0.11296296296296296 0.81796875 0.11990740740740741 0.82109375 0.1412037037037037 0.8213541666666667 0.19166666666666668 0.8184895833333333 0.2064814814814815 0.8111979166666666 0.2125 0.7997395833333333 0.21064814814814814 0.7942708333333334 0.20324074074074075 0.7953125 0.18101851851851852 0.79375 0.1300925925925926 0.7984375 0.11527777777777778 0.8080729166666667 0.11064814814814815
0 0.85625 0.7 0.8669270833333333 0.7069444444444445 0.8700520833333333 0.7185185185185186 0.8716145833333333 0.8087962962962963 0.8697916666666666 0.8162037037037037 0.8630208333333333 0.8199074074074074 0.8473958333333333 0.8166666666666667 0.8419270833333333 0.8004629629629629 0.8432291666666667 0.7796296296296297 0.840625 0.7148148148148148 0.8455729166666667 0.7032407407407407 0.8559895833333333 0.7
0 0.8984375 0.2652777777777778 0.9059895833333333 0.2726851851851852 0.9125 0.30694444444444446 0.9098958333333333 0.31342592592592594 0.91171875 0.3435185185185185 0.9106770833333333 0.36898148148148147 0.9078125 0.375 0.9010416666666666 0.37777777777777777 0.88828125 0.3768518518518518 0.8799479166666667 0.3675925925925926 0.8794270833333333 0.35648148148148145 0.88203125 0.3425925925925926 0.8807291666666667 0.3055555555555556 0.8770833333333333 0.29398148148148145 0.8796875 0.27870370370370373 0.88359375 0.26944444444444443 0.89140625 0.26481481481481484 0.8981770833333333 0.2652777777777778
0 0.6596354166666667 0.9810185185185185 0.6661458333333333 0.9861111111111112 0.6700520833333333 0.999537037037037 0.6421875 0.999537037037037 0.6432291666666666 0.9907407407407407 0.6463541666666667 0.9842592592592593 0.659375 0.9810185185185185
0 0.014583333333333334 0.4652777777777778 0.017447916666666667 0.48333333333333334 0.011197916666666667 0.549537037037037 0.01171875 0.5662037037037037 0.00859375 0.5740740740740741 0.005729166666666666 0.575925925925926 0 0.575 0 0.4736111111111111 0.0018229166666666667 0.47314814814814815 0.0018229166666666667 0.4666666666666667 0.00390625 0.46296296296296297 0.014322916666666666 0.4652777777777778
0 0.5481770833333334 0.5430555555555555 0.5567708333333333 0.5458333333333333 0.5583333333333333 0.549537037037037 0.5583333333333333 0.6180555555555556 0.5567708333333333 0.6504629629629629 0.55390625 0.6578703703703703 0.54765625 0.6611111111111111 0.5330729166666667 0.6564814814814814 0.5309895833333333 0.6504629629629629 0.5307291666666667 0.6351851851851852 0.5333333333333333 0.5467592592592593 0.53671875 0.5435185185185185 0.5479166666666667 0.5430555555555555
0 0.8588541666666667 0.562037037037037 0.8661458333333333 0.5671296296296297 0.8671875 0.5731481481481482 0.86640625 0.6453703703703704 0.8630208333333333 0.674537037037037 0.86015625 0.6819444444444445 0.8541666666666666 0.6842592592592592 0.84296875 0.6824074074074075 0.8375 0.6754629629629629 0.8361979166666667 0.6689814814814815 0.8369791666666667 0.6333333333333333 0.8411458333333334 0.575925925925926 0.8440104166666667 0.5638888888888889 0.8486979166666667 0.5606481481481481 0.85859375 0.562037037037037
0 0.7395833333333334 0.262037037037037 0.746875 0.2689814814814815 0.7502604166666667 0.28888888888888886 0.75234375 0.35694444444444445 0.7497395833333333 0.3648148148148148 0.7447916666666666 0.3675925925925926 0.7307291666666667 0.3648148148148148 0.72734375 0.3592592592592593 0.7265625 0.3490740740740741 0.7244791666666667 0.2763888888888889 0.7291666666666666 0.2652777777777778 0.7393229166666667 0.262037037037037
0 0.6622395833333333 0.1300925925925926 0.6708333333333333 0.13333333333333333 0.6739583333333333 0.1439814814814815 0.6734375 0.2101851851851852 0.6703125 0.23657407407407408 0.6583333333333333 0.24537037037037038 0.65078125 0.24212962962962964 0.646875 0.2361111111111111 0.6447916666666667 0.21666666666666667 0.65 0.1375 0.6541666666666667 0.1310185185185185 0.6619791666666667 0.1300925925925926
0 0.7403645833333333 0.5462962962962963 0.7463541666666667 0.549074074074074 0.7489583333333333 0.5537037037037037 0.7494791666666667 0.5958333333333333 0.7481770833333333 0.6402777777777777 0.7455729166666667 0.6481481481481481 0.7390625 0.6518518518518519 0.7296875 0.6509259259259259 0.7239583333333334 0.6444444444444445 0.7229166666666667 0.6041666666666666 0.7236979166666667 0.5569444444444445 0.7252604166666666 0.55 0.7315104166666667 0.5462962962962963 0.7401041666666667 0.5462962962962963
0 0.5921875 0.12962962962962962 0.5971354166666667 0.13333333333333333 0.5994791666666667 0.14027777777777778 0.5979166666666667 0.2212962962962963 0.5947916666666667 0.23425925925925925 0.5848958333333333 0.24074074074074073 0.57578125 0.2375 0.5708333333333333 0.2263888888888889 0.57265625 0.14583333333333334 0.57421875 0.13425925925925927 0.5776041666666667 0.1300925925925926 0.5919270833333333 0.12962962962962962
0 0.9369791666666667 0.5606481481481481 0.9424479166666667 0.5694444444444444 0.9447916666666667 0.5796296296296296 0.9466145833333334 0.6587962962962963 0.9434895833333333 0.6787037037037037 0.9359375 0.6833333333333333 0.925 0.6819444444444445 0.9184895833333333 0.6699074074074074 0.9145833333333333 0.6087962962962963 0.9143229166666667 0.5740740740740741 0.9169270833333333 0.5638888888888889 0.9200520833333333 0.5606481481481481 0.93671875 0.5606481481481481
0 0.58515625 0.6981481481481482 0.5921875 0.7027777777777777 0.5953125 0.7125 0.59296875 0.7407407407407407 0.59375 0.7546296296296297 0.5919270833333333 0.7620370370370371 0.5932291666666667 0.7898148148148149 0.5911458333333334 0.7976851851851852 0.58984375 0.8203703703703704 0.5791666666666667 0.8268518518518518 0.5700520833333333 0.825462962962963 0.56640625 0.8189814814814815 0.5645833333333333 0.8092592592592592 0.5666666666666667 0.7939814814814815 0.5658854166666667 0.774074074074074 0.5684895833333333 0.712037037037037 0.5700520833333333 0.7023148148148148 0.57265625 0.6990740740740741 0.5848958333333333 0.6981481481481482
0 0.703125 0.5648148148148148 0.7109375 0.5680555555555555 0.7135416666666666 0.587037037037037 0.71328125 0.6296296296296297 0.7075520833333333 0.6333333333333333 0.6927083333333334 0.6328703703703704 0.6893229166666667 0.6310185185185185 0.6888020833333334 0.6277777777777778 0.690625 0.6064814814814815 0.68984375 0.5680555555555555 0.7028645833333333 0.5648148148148148
0 0.6955729166666667 0.6902777777777778 0.7065104166666667 0.6949074074074074 0.7111979166666667 0.7092592592592593 0.71015625 0.8032407407407407 0.7083333333333334 0.8074074074074075 0.7036458333333333 0.8097222222222222 0.6856770833333333 0.8083333333333333 0.68203125 0.8055555555555556 0.6802083333333333 0.8 0.6830729166666667 0.7032407407407407 0.6872395833333333 0.6925925925925925 0.6953125 0.6902777777777778
0 0.7377604166666667 0.700925925925926 0.7421875 0.7046296296296296 0.7447916666666666 0.7134259259259259 0.7486979166666666 0.7814814814814814 0.746875 0.7949074074074074 0.7385416666666667 0.799074074074074 0.7265625 0.7986111111111112 0.7231770833333333 0.7939814814814815 0.7200520833333334 0.7615740740740741 0.7190104166666667 0.7245370370370371 0.7203125 0.7055555555555556 0.7263020833333333 0.7018518518518518 0.7375 0.700925925925926
0 0.5411458333333333 0.6842592592592592 0.54765625 0.687037037037037 0.5518229166666667 0.6930555555555555 0.5533854166666666 0.7416666666666667 0.5536458333333333 0.7870370370370371 0.5497395833333333 0.7986111111111112 0.5434895833333333 0.8032407407407407 0.5307291666666667 0.8004629629629629 0.5270833333333333 0.7921296296296296 0.5255208333333333 0.7800925925925926 0.52578125 0.7574074074074074 0.5278645833333333 0.7513888888888889 0.52734375 0.725 0.52421875 0.7138888888888889 0.5255208333333333 0.6962962962962963 0.5291666666666667 0.6884259259259259 0.5408854166666667 0.6842592592592592
0 0.053125 0.487962962962963 0.05807291666666667 0.49583333333333335 0.0609375 0.5138888888888888 0.0609375 0.5291666666666667 0.054427083333333334 0.5398148148148149 0.05416666666666667 0.5537037037037037 0.05625 0.5569444444444445 0.04791666666666667 0.5708333333333333 0.05546875 0.5745370370370371 0.054947916666666666 0.5893518518518519 0.04791666666666667 0.6060185185185185 0.03958333333333333 0.6101851851851852 0.03463541666666667 0.6092592592592593 0.03203125 0.6050925925925926 0.034895833333333334 0.5902777777777778 0.04375 0.5814814814814815 0.0359375 0.5675925925925925 0.034895833333333334 0.5606481481481481 0.03958333333333333 0.5518518518518518 0.04296875 0.5504629629629629 0.041666666666666664 0.5467592592592593 0.04505208333333333 0.5435185185185185 0.04348958333333333 0.5356481481481481 0.04088541666666667 0.5328703703703703 0.042708333333333334 0.5009259259259259 0.04583333333333333 0.4912037037037037 0.05026041666666667 0.48657407407407405 0.05286458333333333 0.487962962962963
0 0.6239583333333333 0.5504629629629629 0.6283854166666667 0.5532407407407407 0.6302083333333334 0.5592592592592592 0.6341145833333334 0.6518518518518519 0.6294270833333333 0.6648148148148149 0.6184895833333334 0.6694444444444444 0.609375 0.6671296296296296 0.6057291666666667 0.6578703703703703 0.6026041666666667 0.5685185185185185 0.6059895833333333 0.5527777777777778 0.6236979166666666 0.5504629629629629
0 0.5716145833333334 0.34074074074074073 0.5828125 0.3587962962962963 0.58046875 0.3768518518518518 0.5505208333333333 0.44027777777777777 0.5434895833333333 0.45046296296296295 0.53984375 0.45185185185185184 0.5330729166666667 0.449537037037037 0.52578125 0.43842592592592594 0.5239583333333333 0.425462962962963 0.5255208333333333 0.41388888888888886 0.5606770833333333 0.3453703703703704 0.5671875 0.3384259259259259 0.5713541666666667 0.34074074074074073
0 0.6611979166666667 0.27361111111111114 0.6682291666666667 0.2773148148148148 0.67109375 0.2884259259259259 0.6697916666666667 0.35555555555555557 0.6690104166666667 0.3592592592592593 0.66484375 0.3611111111111111 0.6481770833333333 0.36018518518518516 0.6450520833333333 0.3523148148148148 0.6466145833333333 0.3351851851851852 0.6455729166666667 0.29398148148148145 0.6473958333333333 0.2796296296296296 0.6515625 0.274537037037037 0.6609375 0.27361111111111114
0 0.6263020833333334 0.24583333333333332 0.634375 0.25046296296296294 0.6369791666666667 0.26296296296296295 0.6380208333333334 0.33055555555555555 0.63515625 0.3523148148148148 0.6302083333333334 0.3574074074074074 0.6247395833333333 0.35833333333333334 0.615625 0.3574074074074074 0.6111979166666667 0.350462962962963 0.6091145833333333 0.28379629629629627 0.6109375 0.25416666666666665 0.61640625 0.24675925925925926 0.6260416666666667 0.24583333333333332
0 0.8908854166666667 0.5680555555555555 0.9020833333333333 0.5726851851851852 0.9049479166666666 0.587037037037037 0.90546875 0.6611111111111111 0.9015625 0.6722222222222223 0.8953125 0.6768518518518518 0.88359375 0.6754629629629629 0.8794270833333333 0.6712962962962963 0.8786458333333333 0.6444444444444445 0.8763020833333334 0.6282407407407408 0.87734375 0.5745370370370371 0.88125 0.5699074074074074 0.890625 0.5680555555555555
0 0.8528645833333334 0.1425925925925926 0.8559895833333333 0.14583333333333334 0.8572916666666667 0.15416666666666667 0.8567708333333334 0.23055555555555557 0.85390625 0.23796296296296296 0.8458333333333333 0.2412037037037037 0.83515625 0.23981481481481481 0.8315104166666667 0.2337962962962963 0.8315104166666667 0.15462962962962962 0.8354166666666667 0.14305555555555555 0.8526041666666667 0.1425925925925926
0 0.7067708333333333 0.3861111111111111 0.7388020833333333 0.38935185185185184 0.7486979166666666 0.39351851851851855 0.7510416666666667 0.41898148148148145 0.7489583333333333 0.4324074074074074 0.7450520833333333 0.4356481481481482 0.69609375 0.43333333333333335 0.690625 0.42962962962962964 0.6880208333333333 0.41574074074074074 0.6893229166666667 0.3958333333333333 0.69609375 0.387037037037037 0.7065104166666667 0.3861111111111111
0 0.62421875 0.11203703703703703 0.6302083333333334 0.11527777777777778 0.6341145833333334 0.12314814814814815 0.6361979166666667 0.17222222222222222 0.634375 0.2162037037037037 0.63046875 0.22268518518518518 0.6236979166666666 0.22592592592592592 0.6122395833333333 0.22453703703703703 0.6096354166666667 0.21944444444444444 0.6080729166666666 0.16620370370370371 0.6106770833333334 0.12268518518518519 0.6161458333333333 0.11435185185185186 0.6239583333333333 0.11203703703703703
0 0.965625 0.25833333333333336 0.9721354166666667 0.2657407407407407 0.9739583333333334 0.27546296296296297 0.9760416666666667 0.3384259259259259 0.9729166666666667 0.3625 0.9638020833333333 0.37037037037037035 0.94921875 0.36666666666666664 0.9427083333333334 0.3541666666666667 0.9450520833333333 0.2949074074074074 0.9427083333333334 0.27824074074074073 0.94609375 0.2657407407407407 0.95 0.25972222222222224 0.9653645833333333 0.25833333333333336
0 0.77734375 0.5587962962962963 0.78515625 0.5638888888888889 0.7869791666666667 0.5712962962962963 0.7890625 0.6537037037037037 0.7872395833333333 0.6611111111111111 0.7833333333333333 0.6648148148148149 0.7734375 0.6666666666666666 0.7674479166666667 0.6648148148148149 0.76328125 0.6532407407407408 0.7604166666666666 0.5722222222222222 0.765625 0.5611111111111111 0.7770833333333333 0.5587962962962963
0 0.6416666666666667 0.4398148148148148 0.6471354166666666 0.4439814814814815 0.6505208333333333 0.4527777777777778 0.6708333333333333 0.5388888888888889 0.66796875 0.549074074074074 0.6559895833333333 0.5587962962962963 0.6497395833333334 0.5569444444444445 0.6440104166666667 0.5435185185185185 0.6388020833333333 0.5171296296296296 0.63359375 0.5050925925925925 0.6244791666666667 0.4708333333333333 0.625 0.4527777777777778 0.6338541666666667 0.44351851851851853 0.64140625 0.4398148148148148
0 0.6567708333333333 0.7027777777777777 0.6682291666666667 0.7046296296296296 0.6723958333333333 0.711574074074074 0.6729166666666667 0.7444444444444445 0.6705729166666666 0.7722222222222223 0.6723958333333333 0.7935185185185185 0.6682291666666667 0.8097222222222222 0.6614583333333334 0.8175925925925925 0.6471354166666666 0.8143518518518519 0.64453125 0.8087962962962963 0.6432291666666666 0.7972222222222223 0.6458333333333334 0.7689814814814815 0.64453125 0.7379629629629629 0.6458333333333334 0.7134259259259259 0.64765625 0.7037037037037037 0.6565104166666667 0.7027777777777777
0 0.7822916666666667 0.6916666666666667 0.7875 0.6958333333333333 0.7895833333333333 0.7129629629629629 0.7911458333333333 0.7902777777777777 0.7880208333333333 0.8074074074074075 0.7794270833333333 0.8134259259259259 0.7651041666666667 0.8078703703703703 0.76171875 0.7972222222222223 0.7611979166666667 0.774074074074074 0.76328125 0.75 0.7614583333333333 0.7097222222222223 0.7630208333333334 0.6958333333333333 0.7653645833333333 0.6916666666666667 0.78203125 0.6916666666666667
0 0.7380208333333333 0.09907407407407408 0.7450520833333333 0.10277777777777777 0.7481770833333333 0.11064814814814815 0.7479166666666667 0.18703703703703703 0.7455729166666667 0.21388888888888888 0.74140625 0.21944444444444444 0.7361979166666667 0.2212962962962963 0.7223958333333333 0.21851851851851853 0.71953125 0.21203703703703702 0.7190104166666667 0.19490740740740742 0.72109375 0.1763888888888889 0.7208333333333333 0.12361111111111112 0.7223958333333333 0.10972222222222222 0.7276041666666667 0.10092592592592593 0.7377604166666667 0.09907407407407408
0 0.8111979166666666 0.5569444444444445 0.8177083333333334 0.5592592592592592 0.8213541666666667 0.5652777777777778 0.82421875 0.5976851851851852 0.82421875 0.6611111111111111 0.8216145833333334 0.6666666666666666 0.8158854166666667 0.6694444444444444 0.8028645833333333 0.6685185185185185 0.7986979166666667 0.6643518518518519 0.7981770833333334 0.6597222222222222 0.7966145833333333 0.5671296296296297 0.8002604166666667 0.5587962962962963 0.8109375 0.5569444444444445
0 0.8140625 0.24583333333333332 0.8190104166666666 0.24814814814814815 0.8221354166666667 0.25462962962962965 0.82421875 0.3074074074074074 0.82265625 0.33055555555555555 0.81484375 0.3351851851851852 0.8002604166666667 0.33101851851851855 0.7984375 0.26990740740740743 0.7984375 0.2574074074074074 0.8002604166666667 0.25046296296296294 0.8044270833333333 0.24675925925925926 0.8138020833333334 0.24583333333333332
0 0.77890625 0.2439814814814815 0.78671875 0.2523148148148148 0.7888020833333333 0.2625 0.78984375 0.32407407407407407 0.7880208333333333 0.3490740740740741 0.7861979166666667 0.3527777777777778 0.7794270833333333 0.35555555555555557 0.7677083333333333 0.3541666666666667 0.7635416666666667 0.3472222222222222 0.7614583333333333 0.2865740740740741 0.7619791666666667 0.2550925925925926 0.76875 0.24537037037037038 0.7786458333333334 0.2439814814814815
0 0.8106770833333333 0.6949074074074074 0.8213541666666667 0.6995370370370371 0.8239583333333333 0.7083333333333334 0.8255208333333334 0.7694444444444445 0.8223958333333333 0.8009259259259259 0.8177083333333334 0.8060185185185185 0.8088541666666667 0.8069444444444445 0.8026041666666667 0.8037037037037037 0.7989583333333333 0.7967592592592593 0.7966145833333333 0.7078703703703704 0.8002604166666667 0.6986111111111111 0.8104166666666667 0.6953703703703704