0 0.1125 0.33611111111111114 0.05625 0.04259259259259259
0 0.7052083333333333 0.24166666666666667 0.052083333333333336 0.046296296296296294
0 0.5927083333333333 0.23981481481481481 0.06041666666666667 0.04259259259259259
0 0.11927083333333334 0.287962962962963 0.05520833333333333 0.04259259259259259
0 0.9385416666666667 0.5740740740740741 0.05625 0.040740740740740744
0 0.878125 0.3435185185185185 0.058333333333333334 0.04259259259259259
0 0.8765625 0.2537037037037037 0.057291666666666664 0.040740740740740744
0 0.43072916666666666 0.28888888888888886 0.051041666666666666 0.040740740740740744
0 0.878125 0.4287037037037037 0.05625 0.04259259259259259
0 0.7635416666666667 0.38981481481481484 0.0625 0.04259259259259259
0 0.6002604166666666 0.5314814814814814 0.059895833333333336 0.044444444444444446
0 0.9411458333333333 0.6240740740740741 0.057291666666666664 0.040740740740740744
0 0.2755208333333333 0.2916666666666667 0.051041666666666666 0.03888888888888889
0 0.9442708333333333 0.43425925925925923 0.06145833333333333 0.03888888888888889
0 0.9421875 0.3861111111111111 0.065625 0.03888888888888889
0 0.5395833333333333 0.7240740740740741 0.06458333333333334 0.040740740740740744
0 0.9354166666666667 0.24722222222222223 0.05 0.03888888888888889
0 0.3125 0.962037037037037 0.06458333333333334 0.05
0 0.9322916666666666 0.20185185185185187 0.04791666666666667 0.040740740740740744
0 0.4296875 0.7722222222222223 0.059375 0.037037037037037035
0 0.21875 0.575925925925926 0.05 0.040740740740740744
0 0.40572916666666664 0.8796296296296297 0.09270833333333334 0.05185185185185185
0 0.28020833333333334 0.24074074074074073 0.04375 0.040740740740740744
0 0.6 0.5768518518518518 0.05 0.04259259259259259
0 0.05364583333333333 0.7166666666666667 0.053125 0.03333333333333333
0 0.7583333333333333 0.3351851851851852 0.05625 0.040740740740740744
0 0.10625 0.8675925925925926 0.058333333333333334 0.03888888888888889
0 0.275 0.6759259259259259 0.05625 0.044444444444444446
0 0.8869791666666667 0.4842592592592593 0.06770833333333333 0.03888888888888889
0 0.76875 0.6805555555555556 0.0625 0.03518518518518519
0 0.43125 0.7148148148148148 0.06458333333333334 0.040740740740740744
0 0.3765625 0.3861111111111111 0.051041666666666666 0.04259259259259259
0 0.7635416666666667 0.18703703703703703 0.07708333333333334 0.05185185185185185
0 0.053125 0.5277777777777778 0.05416666666666667 0.037037037037037035
0 0.2703125 0.33425925925925926 0.046875 0.03888888888888889
0 0.2755208333333333 0.575925925925926 0.051041666666666666 0.040740740740740744
0 0.8755208333333333 0.20462962962962963 0.05520833333333333 0.03888888888888889
0 0.7640625 0.5768518518518518 0.057291666666666664 0.04259259259259259
0 0.5359375 0.8222222222222222 0.06145833333333333 0.044444444444444446
0 0.7072916666666667 0.7222222222222222 0.05416666666666667 0.040740740740740744
0 0.7677083333333333 0.7222222222222222 0.05625 0.037037037037037035
0 0.8869791666666667 0.5324074074074074 0.057291666666666664 0.03888888888888889
0 0.7625 0.8675925925925926 0.0625 0.04259259259259259
0 0.10677083333333333 0.5416666666666666 0.06770833333333333 0.046296296296296294
0 0.9369791666666667 0.2962962962962963 0.057291666666666664 0.037037037037037035
0 0.12083333333333333 0.4351851851851852 0.05416666666666667 0.037037037037037035
0 0.37864583333333335 0.625 0.053125 0.04259259259259259
0 0.7010416666666667 0.29907407407407405 0.05 0.03888888888888889
0 0.059895833333333336 0.43425925925925923 0.051041666666666666 0.03888888888888889
0 0.1234375 0.38425925925925924 0.03854166666666667 0.03888888888888889
0 0.2708333333333333 0.37962962962962965 0.04791666666666667 0.040740740740740744
0 0.109375 0.8157407407407408 0.052083333333333336 0.03518518518518519
0 0.7119791666666667 0.5453703703703704 0.06354166666666666 0.05
0 0.43645833333333334 0.5740740740740741 0.05416666666666667 0.040740740740740744
0 0.37395833333333334 0.8203703703703704 0.052083333333333336 0.040740740740740744
0 0.2708333333333333 0.8175925925925925 0.05625 0.03518518518518519
0 0.9505208333333334 0.8712962962962963 0.06145833333333333 0.04259259259259259
0 0.11666666666666667 0.48055555555555557 0.05 0.03888888888888889
0 0.4328125 0.4324074074074074 0.05520833333333333 0.03888888888888889
0 0.7671875 0.6314814814814815 0.059375 0.040740740740740744
0 0.3802083333333333 0.33425925925925926 0.05 0.03888888888888889
0 0.5354166666666667 0.8833333333333333 0.0625 0.040740740740740744
0 0.5416666666666666 0.48518518518518516 0.06458333333333334 0.040740740740740744
0 0.5953125 0.7787037037037037 0.059375 0.04259259259259259
0 0.5994791666666667 0.8287037037037037 0.051041666666666666 0.03888888888888889
0 0.9484375 0.7712962962962963 0.05520833333333333 0.03888888888888889
0 0.057291666666666664 0.48333333333333334 0.05416666666666667 0.037037037037037035
0 0.11302083333333333 0.6731481481481482 0.051041666666666666 0.03888888888888889
0 0.4348958333333333 0.3814814814814815 0.057291666666666664 0.037037037037037035
0 0.7598958333333333 0.24444444444444444 0.051041666666666666 0.040740740740740744
0 0.5390625 0.3851851851851852 0.057291666666666664 0.040740740740740744
0 0.69921875 0.4759259259259259 0.0609375 0.05185185185185185
0 0.603125 0.6296296296296297 0.058333333333333334 0.040740740740740744
0 0.8817708333333333 0.5740740740740741 0.051041666666666666 0.040740740740740744
0 0.6010416666666667 0.42685185185185187 0.058333333333333334 0.046296296296296294
0 0.26875 0.43333333333333335 0.05 0.037037037037037035
0 0.11197916666666667 0.7212962962962963 0.04479166666666667 0.03518518518518519
0 0.7635416666666667 0.8212962962962963 0.052083333333333336 0.03518518518518519
0 0.20729166666666668 0.8759259259259259 0.05 0.044444444444444446
0 0.215625 0.8185185185185185 0.04583333333333333 0.037037037037037035
0 0.6072916666666667 0.3347222222222222 0.07708333333333334 0.05092592592592592
0 0.06145833333333333 0.2962962962962963 0.052083333333333336 0.040740740740740744
0 0.22942708333333334 0.10555555555555556 0.0609375 0.05185185185185185
0 0.26875 0.8694444444444445 0.05625 0.03888888888888889
0 0.9505208333333334 0.8175925925925925 0.057291666666666664 0.03888888888888889
0 0.2171875 0.7685185185185185 0.051041666666666666 0.037037037037037035
0 0.384375 0.1962962962962963 0.04583333333333333 0.040740740740740744
0 0.2203125 0.337037037037037 0.046875 0.040740740740740744
0 0.8885416666666667 0.8175925925925925 0.052083333333333336 0.04259259259259259
0 0.8822916666666667 0.625 0.058333333333333334 0.04259259259259259
0 0.5473958333333333 0.6296296296296297 0.051041666666666666 0.040740740740740744
0 0.6953125 0.18796296296296297 0.04895833333333333 0.046296296296296294
0 0.109375 0.7675925925925926 0.04583333333333333 0.03518518518518519
0 0.06875 0.2490740740740741 0.05 0.03888888888888889
0 0.22083333333333333 0.28888888888888886 0.04791666666666667 0.040740740740740744
0 0.05572916666666667 0.6453703703703704 0.05520833333333333 0.03888888888888889
0 0.5427083333333333 0.43333333333333335 0.052083333333333336 0.040740740740740744
0 0.21927083333333333 0.6222222222222222 0.051041666666666666 0.037037037037037035
0 0.2708333333333333 0.47962962962962963 0.05625 0.040740740740740744
0 0.43802083333333336 0.6287037037037037 0.05520833333333333 0.05
0 0.4359375 0.48148148148148145 0.05520833333333333 0.040740740740740744
0 0.3854166666666667 0.24722222222222223 0.05 0.03888888888888889
0 0.8739583333333333 0.10833333333333334 0.06041666666666667 0.05740740740740741
0 0.1234375 0.2462962962962963 0.04895833333333333 0.037037037037037035
0 0.8875 0.7722222222222223 0.052083333333333336 0.037037037037037035
0 0.053125 0.7694444444444445 0.05416666666666667 0.04259259259259259
0 0.7052083333333333 0.6305555555555555 0.05416666666666667 0.03888888888888889
0 0.44114583333333335 0.19074074074074074 0.057291666666666664 0.044444444444444446
0 0.050520833333333334 0.5805555555555556 0.05520833333333333 0.03888888888888889
0 0.21822916666666667 0.387037037037037 0.051041666666666666 0.040740740740740744
0 0.7 0.387037037037037 0.05625 0.040740740740740744
0 0.7645833333333333 0.7731481481481481 0.06041666666666667 0.04259259259259259
0 0.94375 0.7240740740740741 0.06666666666666667 0.04814814814814815
0 0.2140625 0.025925925925925925 0.05520833333333333 0.04814814814814815
0 0.9885416666666667 0.1638888888888889 0.020833333333333332 0.09074074074074075
0 0.22083333333333333 0.5296296296296297 0.05 0.040740740740740744
0 0.3846354166666667 0.1037037037037037 0.05677083333333333 0.05185185185185185
0 0.8916666666666667 0.8722222222222222 0.06458333333333334 0.044444444444444446
0 0.5424479166666667 0.10787037037037037 0.05572916666666667 0.05648148148148148