0 0.11302083333333333 0.3388888888888889 0.05520833333333333 0.040740740740740744
0 0.7052083333333333 0.24166666666666667 0.052083333333333336 0.046296296296296294
0 0.5932291666666667 0.23981481481481481 0.057291666666666664 0.04259259259259259
0 0.11979166666666667 0.2898148148148148 0.05416666666666667 0.04259259259259259
0 0.7635416666666667 0.38981481481481484 0.0625 0.04259259259259259
0 0.9380208333333333 0.575925925925926 0.05520833333333333 0.040740740740740744
0 0.940625 0.6240740740740741 0.05625 0.040740740740740744
0 0.6002604166666666 0.5296296296296297 0.0578125 0.040740740740740744
0 0.43072916666666666 0.28888888888888886 0.051041666666666666 0.040740740740740744
0 0.8791666666666667 0.4305555555555556 0.05625 0.046296296296296294
0 0.878125 0.3435185185185185 0.058333333333333334 0.04259259259259259
0 0.9348958333333334 0.2490740740740741 0.051041666666666666 0.03888888888888889
0 0.9442708333333333 0.43425925925925923 0.06145833333333333 0.03888888888888889
0 0.40520833333333334 0.8796296296296297 0.09166666666666666 0.05185185185185185
0 0.8760416666666667 0.2537037037037037 0.058333333333333334 0.040740740740740744
0 0.275 0.2916666666666667 0.052083333333333336 0.03888888888888889
0 0.9421875 0.3861111111111111 0.065625 0.03888888888888889
0 0.10572916666666667 0.8685185185185185 0.06145833333333333 0.040740740740740744
0 0.37604166666666666 0.3861111111111111 0.05 0.04259259259259259
0 0.4296875 0.7722222222222223 0.059375 0.037037037037037035
0 0.540625 0.7240740740740741 0.0625 0.040740740740740744
0 0.9328125 0.20185185185185187 0.04895833333333333 0.040740740740740744
0 0.275 0.6759259259259259 0.05625 0.040740740740740744
0 0.2703125 0.33425925925925926 0.046875 0.03888888888888889
0 0.27447916666666666 0.24351851851851852 0.051041666666666666 0.03888888888888889
0 0.21875 0.575925925925926 0.05 0.040740740740740744
0 0.6 0.5796296296296296 0.05 0.040740740740740744
0 0.2755208333333333 0.575925925925926 0.051041666666666666 0.040740740740740744
0 0.7604166666666666 0.3351851851851852 0.05416666666666667 0.040740740740740744
0 0.7635416666666667 0.18611111111111112 0.07708333333333334 0.053703703703703705
0 0.053125 0.5277777777777778 0.05625 0.037037037037037035
0 0.8864583333333333 0.48148148148148145 0.06666666666666667 0.037037037037037035
0 0.05364583333333333 0.7166666666666667 0.053125 0.03333333333333333
0 0.76875 0.6805555555555556 0.0625 0.03518518518518519
0 0.7640625 0.5768518518518518 0.057291666666666664 0.04259259259259259
0 0.37864583333333335 0.625 0.053125 0.04259259259259259
0 0.8869791666666667 0.5324074074074074 0.057291666666666664 0.03888888888888889
0 0.058333333333333334 0.43425925925925923 0.052083333333333336 0.03888888888888889
0 0.7072916666666667 0.7240740740740741 0.05416666666666667 0.040740740740740744
0 0.5354166666666667 0.8222222222222222 0.06041666666666667 0.044444444444444446
0 0.4317708333333333 0.7148148148148148 0.06354166666666666 0.040740740740740744
0 0.8760416666666667 0.20462962962962963 0.052083333333333336 0.03888888888888889
0 0.12083333333333333 0.4351851851851852 0.05416666666666667 0.037037037037037035
0 0.7010416666666667 0.29907407407407405 0.05 0.03888888888888889
0 0.9421875 0.2935185185185185 0.05520833333333333 0.03888888888888889
0 0.7614583333333333 0.8675925925925926 0.06666666666666667 0.04259259259259259
0 0.10677083333333333 0.5416666666666666 0.06770833333333333 0.046296296296296294
0 0.7677083333333333 0.7222222222222222 0.05625 0.037037037037037035
0 0.125 0.387037037037037 0.0375 0.040740740740740744
0 0.37395833333333334 0.8203703703703704 0.052083333333333336 0.040740740740740744
0 0.9505208333333334 0.8712962962962963 0.06145833333333333 0.04259259259259259
0 0.2708333333333333 0.37962962962962965 0.04791666666666667 0.040740740740740744
0 0.24947916666666667 0.962037037037037 0.05520833333333333 0.04259259259259259
0 0.1078125 0.8175925925925925 0.053125 0.03148148148148148
0 0.27291666666666664 0.8175925925925925 0.05625 0.03518518518518519
0 0.43645833333333334 0.5740740740740741 0.05416666666666667 0.040740740740740744
0 0.6041666666666666 0.6296296296296297 0.05625 0.040740740740740744
0 0.057291666666666664 0.48333333333333334 0.05416666666666667 0.037037037037037035
0 0.5359375 0.8833333333333333 0.06145833333333333 0.040740740740740744
0 0.11302083333333333 0.6731481481481482 0.051041666666666666 0.03888888888888889
0 0.7666666666666667 0.6314814814814815 0.058333333333333334 0.040740740740740744
0 0.4317708333333333 0.4305555555555556 0.05520833333333333 0.03888888888888889
0 0.9484375 0.7712962962962963 0.05520833333333333 0.03888888888888889
0 0.3802083333333333 0.337037037037037 0.05 0.040740740740740744
0 0.5395833333333333 0.48518518518518516 0.06458333333333334 0.040740740740740744
0 0.1171875 0.48055555555555557 0.051041666666666666 0.03888888888888889
0 0.5390625 0.3851851851851852 0.057291666666666664 0.040740740740740744
0 0.759375 0.24444444444444444 0.05 0.040740740740740744
0 0.753125 0.4925925925925926 0.05 0.040740740740740744
0 0.4348958333333333 0.38425925925925924 0.05520833333333333 0.03888888888888889
0 0.8880208333333334 0.8175925925925925 0.051041666666666666 0.04259259259259259
0 0.7635416666666667 0.8212962962962963 0.052083333333333336 0.03518518518518519
0 0.8817708333333333 0.5740740740740741 0.051041666666666666 0.040740740740740744
0 0.2203125 0.337037037037037 0.046875 0.040740740740740744
0 0.11145833333333334 0.7212962962962963 0.04583333333333333 0.03518518518518519
0 0.5947916666666667 0.7787037037037037 0.06041666666666667 0.04259259259259259
0 0.26875 0.43333333333333335 0.05 0.037037037037037035
0 0.3848958333333333 0.19814814814814816 0.046875 0.040740740740740744
0 0.06145833333333333 0.2962962962962963 0.052083333333333336 0.040740740740740744
0 0.5473958333333333 0.6296296296296297 0.051041666666666666 0.040740740740740744
0 0.6010416666666667 0.42685185185185187 0.058333333333333334 0.046296296296296294
0 0.22942708333333334 0.11157407407407408 0.06302083333333333 0.05648148148148148
0 0.3854166666666667 0.24722222222222223 0.05 0.03888888888888889
0 0.26927083333333335 0.8712962962962963 0.05520833333333333 0.03888888888888889
0 0.2171875 0.7685185185185185 0.051041666666666666 0.037037037037037035
0 0.8716145833333333 0.10185185185185185 0.0578125 0.06666666666666667
0 0.6044270833333333 0.34074074074074073 0.07760416666666667 0.053703703703703705
0 0.42552083333333335 0.9842592592592593 0.05520833333333333 0.03148148148148148
0 0.95 0.8194444444444444 0.05625 0.03888888888888889
0 0.06875 0.2490740740740741 0.05 0.03888888888888889
0 0.2078125 0.8759259259259259 0.051041666666666666 0.04814814814814815
0 0.8822916666666667 0.625 0.058333333333333334 0.04259259259259259
0 0.5421875 0.43148148148148147 0.053125 0.040740740740740744
0 0.7197916666666667 0.5425925925925926 0.06458333333333334 0.04814814814814815
0 0.10989583333333333 0.7694444444444445 0.046875 0.03888888888888889
0 0.7046875 0.6305555555555555 0.053125 0.03888888888888889
0 0.05572916666666667 0.6453703703703704 0.05520833333333333 0.03888888888888889
0 0.26979166666666665 0.47962962962962963 0.058333333333333334 0.040740740740740744
0 0.21927083333333333 0.6222222222222222 0.051041666666666666 0.037037037037037035
0 0.12395833333333334 0.24537037037037038 0.05 0.03888888888888889
0 0.8869791666666667 0.7722222222222223 0.05520833333333333 0.037037037037037035
0 0.21875 0.387037037037037 0.05 0.040740740740740744
0 0.2625 0.023148148148148147 0.0625 0.04259259259259259
0 0.4348958333333333 0.48148148148148145 0.051041666666666666 0.040740740740740744
0 0.21666666666666667 0.8185185185185185 0.04375 0.037037037037037035
0 0.0515625 0.5805555555555556 0.05520833333333333 0.03888888888888889
0 0.7 0.387037037037037 0.05625 0.040740740740740744
0 0.053125 0.7694444444444445 0.05416666666666667 0.04259259259259259
0 0.38333333333333336 0.1050925925925926 0.057291666666666664 0.05462962962962963
0 0.6979166666666666 0.1935185185185185 0.04791666666666667 0.05185185185185185
0 0.54375 0.10648148148148148 0.058333333333333334 0.053703703703703705
0 0.7640625 0.7731481481481481 0.059375 0.04259259259259259
0 0.4427083333333333 0.1925925925925926 0.058333333333333334 0.044444444444444446
0 0.22083333333333333 0.2916666666666667 0.04791666666666667 0.04259259259259259
0 0.5997395833333333 0.8300925925925926 0.058854166666666666 0.049074074074074076
0 0.9447916666666667 0.7212962962962963 0.06458333333333334 0.03888888888888889
0 0.43802083333333336 0.6287037037037037 0.05520833333333333 0.05
0 0.8890625 0.8722222222222222 0.06145833333333333 0.044444444444444446
0 0.9911458333333333 0.20092592592592592 0.017708333333333333 0.09074074074074075
0 0.22083333333333333 0.5305555555555556 0.05 0.03888888888888889