0 0.8877604166666667 0.12546296296296297 0.89375 0.12824074074074074 0.8955729166666667 0.1337962962962963 0.89921875 0.2023148148148148 0.8979166666666667 0.22870370370370371 0.8958333333333334 0.23796296296296296 0.8875 0.24212962962962964 0.8765625 0.24166666666666667 0.87109375 0.23425925925925925 0.86953125 0.22407407407407406 0.8708333333333333 0.19398148148148148 0.8684895833333334 0.15787037037037038 0.8700520833333333 0.13703703703703704 0.87265625 0.12916666666666668 0.8791666666666667 0.12546296296296297 0.8875 0.12546296296296297
0 0.8114583333333333 0.10416666666666667 0.8169270833333333 0.10925925925925926 0.8208333333333333 0.11990740740740741 0.8234375 0.16574074074074074 0.8200520833333333 0.19953703703703704 0.8177083333333334 0.20324074074074075 0.809375 0.20601851851851852 0.8 0.2037037037037037 0.7958333333333333 0.19583333333333333 0.796875 0.1597222222222222 0.7942708333333334 0.12638888888888888 0.8005208333333333 0.10740740740740741 0.8111979166666666 0.10416666666666667
0 0.6268229166666667 0.6865740740740741 0.6299479166666667 0.6884259259259259 0.6328125 0.6962962962962963 0.6361979166666667 0.7657407407407407 0.63359375 0.8032407407407407 0.6302083333333334 0.812962962962963 0.6255208333333333 0.8152777777777778 0.6125 0.8143518518518519 0.6059895833333333 0.8074074074074075 0.6049479166666667 0.7611111111111111 0.6072916666666667 0.7078703703703704 0.6096354166666667 0.6925925925925925 0.615625 0.6865740740740741 0.6265625 0.6865740740740741
0 0.7403645833333333 0.25555555555555554 0.7473958333333334 0.2601851851851852 0.75078125 0.2722222222222222 0.7536458333333333 0.34629629629629627 0.7515625 0.35833333333333334 0.73984375 0.3611111111111111 0.73203125 0.3592592592592593 0.7278645833333334 0.3509259259259259 0.7268229166666667 0.29305555555555557 0.7244791666666667 0.274537037037037 0.7307291666666667 0.25833333333333336 0.7401041666666667 0.25555555555555554
0 0.7013020833333333 0.2523148148148148 0.7078125 0.25555555555555554 0.7106770833333333 0.2611111111111111 0.7122395833333334 0.2967592592592593 0.7109375 0.3509259259259259 0.7067708333333333 0.3560185185185185 0.7002604166666667 0.3574074074074074 0.6919270833333333 0.3560185185185185 0.6875 0.350462962962963 0.6856770833333333 0.2662037037037037 0.6890625 0.2537037037037037 0.7010416666666667 0.2523148148148148
0 0.9614583333333333 0.125 0.9736979166666667 0.13425925925925927 0.9755208333333333 0.15416666666666667 0.9755208333333333 0.22453703703703703 0.97109375 0.2337962962962963 0.9643229166666667 0.23657407407407408 0.9552083333333333 0.23472222222222222 0.9481770833333333 0.22361111111111112 0.9473958333333333 0.1638888888888889 0.9453125 0.1574074074074074 0.94609375 0.14351851851851852 0.9489583333333333 0.13333333333333333 0.9544270833333334 0.12638888888888888 0.9611979166666667 0.125
0 0.85 0.13518518518518519 0.8559895833333333 0.13703703703703704 0.8591145833333333 0.1439814814814815 0.8596354166666667 0.2 0.8580729166666666 0.22407407407407406 0.8549479166666667 0.2310185185185185 0.8489583333333334 0.23425925925925925 0.8348958333333333 0.23148148148148148 0.8325520833333333 0.22453703703703703 0.8322916666666667 0.2064814814814815 0.8333333333333334 0.14027777777777778 0.8380208333333333 0.13518518518518519 0.8497395833333333 0.13518518518518519
0 0.815625 0.5513888888888889 0.8208333333333333 0.5541666666666667 0.8244791666666667 0.5671296296296297 0.8263020833333333 0.6162037037037037 0.8252604166666667 0.6555555555555556 0.8213541666666667 0.6615740740740741 0.8153645833333333 0.663425925925926 0.8036458333333333 0.6625 0.7989583333333333 0.6550925925925926 0.79921875 0.5981481481481481 0.7973958333333333 0.5814814814814815 0.7997395833333333 0.5537037037037037 0.8153645833333333 0.5513888888888889
0 0.6833333333333333 0.4050925925925926 0.6895833333333333 0.4078703703703704 0.6924479166666667 0.4162037037037037 0.69765625 0.45555555555555555 0.6997395833333333 0.48842592592592593 0.6994791666666667 0.5050925925925925 0.6979166666666666 0.5097222222222222 0.6856770833333333 0.5171296296296296 0.6783854166666666 0.5157407407407407 0.6739583333333333 0.5046296296296297 0.665625 0.4222222222222222 0.6682291666666667 0.41203703703703703 0.6716145833333333 0.4083333333333333 0.6830729166666667 0.4050925925925926
0 0.8575520833333333 0.6930555555555555 0.8669270833333333 0.6972222222222222 0.8697916666666666 0.7023148148148148 0.871875 0.7138888888888889 0.8734375 0.8037037037037037 0.8708333333333333 0.8111111111111111 0.86640625 0.8138888888888889 0.8484375 0.8106481481481481 0.8442708333333333 0.7907407407407407 0.8450520833333334 0.7435185185185185 0.8419270833333333 0.7097222222222223 0.8434895833333333 0.7027777777777777 0.8481770833333333 0.6958333333333333 0.8572916666666667 0.6930555555555555
0 0.8979166666666667 0.25787037037037036 0.9041666666666667 0.2611111111111111 0.9078125 0.2671296296296296 0.9140625 0.3 0.9119791666666667 0.31296296296296294 0.9127604166666666 0.3597222222222222 0.9091145833333333 0.3680555555555556 0.90078125 0.3712962962962963 0.88984375 0.3699074074074074 0.88125 0.35833333333333334 0.8833333333333333 0.3199074074074074 0.8817708333333333 0.2967592592592593 0.8786458333333333 0.28703703703703703 0.8809895833333333 0.2726851851851852 0.88515625 0.262037037037037 0.89765625 0.25787037037037036
0 0.6276041666666666 0.5453703703703704 0.6315104166666666 0.5541666666666667 0.6325520833333333 0.5638888888888889 0.6348958333333333 0.6462962962962963 0.6309895833333333 0.6587962962962963 0.6247395833333333 0.6625 0.6122395833333333 0.6615740740740741 0.6075520833333333 0.6541666666666667 0.6041666666666666 0.5634259259259259 0.6046875 0.5537037037037037 0.60859375 0.5453703703703704 0.6174479166666667 0.5430555555555555 0.62734375 0.5453703703703704
0 0.6690104166666667 0.12453703703703704 0.6731770833333334 0.12916666666666668 0.675 0.14305555555555555 0.67421875 0.22407407407407406 0.6713541666666667 0.2310185185185185 0.6630208333333333 0.23842592592592593 0.6502604166666667 0.2351851851851852 0.6463541666666667 0.2273148148148148 0.6463541666666667 0.17731481481481481 0.6510416666666666 0.1300925925925926 0.6572916666666667 0.12361111111111112 0.66875 0.12453703703703704
0 0.78046875 0.5527777777777778 0.7861979166666667 0.5569444444444445 0.7880208333333333 0.5625 0.78984375 0.5824074074074074 0.790625 0.6412037037037037 0.7890625 0.6541666666666667 0.7799479166666666 0.6601851851851852 0.76953125 0.6587962962962963 0.76484375 0.649537037037037 0.7619791666666667 0.5685185185185185 0.765625 0.5560185185185185 0.7802083333333333 0.5527777777777778
0 0.5940104166666667 0.12268518518518519 0.5981770833333333 0.12546296296296297 0.6002604166666666 0.13240740740740742 0.59921875 0.21944444444444444 0.59375 0.2310185185185185 0.5872395833333334 0.23472222222222222 0.57734375 0.2310185185185185 0.5721354166666667 0.2199074074074074 0.5744791666666667 0.1300925925925926 0.58046875 0.12222222222222222 0.59375 0.12268518518518519
0 0.5890625 0.24351851851851852 0.5979166666666667 0.2462962962962963 0.6 0.2513888888888889 0.6026041666666667 0.3236111111111111 0.6005208333333333 0.3592592592592593 0.5973958333333333 0.36574074074074076 0.5919270833333333 0.36944444444444446 0.5778645833333333 0.36666666666666664 0.5739583333333333 0.3597222222222222 0.5729166666666666 0.350462962962963 0.5744791666666667 0.2550925925925926 0.5778645833333333 0.24583333333333332 0.5888020833333333 0.24351851851851852
0 0.9356770833333333 0.5523148148148148 0.940625 0.5555555555555556 0.9447916666666667 0.5643518518518519 0.9481770833333333 0.6037037037037037 0.9481770833333333 0.6648148148148149 0.9450520833333333 0.6731481481481482 0.9372395833333333 0.6768518518518518 0.925 0.674074074074074 0.9203125 0.6643518518518519 0.9182291666666667 0.6453703703703704 0.91640625 0.5726851851851852 0.9169270833333333 0.5611111111111111 0.9205729166666666 0.5555555555555556 0.9354166666666667 0.5523148148148148
0 0.6979166666666666 0.6842592592592592 0.7078125 0.6884259259259259 0.7106770833333333 0.6939814814814815 0.7122395833333334 0.7041666666666667 0.7106770833333333 0.7939814814814815 0.7088541666666667 0.8013888888888889 0.7036458333333333 0.8041666666666667 0.6854166666666667 0.8013888888888889 0.6815104166666667 0.7907407407407407 0.6846354166666667 0.6949074074074074 0.6893229166666667 0.6856481481481481 0.69765625 0.6842592592592592
0 0.7411458333333333 0.6962962962962963 0.7447916666666666 0.700925925925926 0.7466145833333333 0.7097222222222223 0.7494791666666667 0.7837962962962963 0.74765625 0.7893518518518519 0.7395833333333334 0.7930555555555555 0.7252604166666666 0.7902777777777777 0.7190104166666667 0.7268518518518519 0.7203125 0.7236111111111111 0.71953125 0.7064814814814815 0.721875 0.6990740740740741 0.7296875 0.6953703703703704 0.7408854166666666 0.6962962962962963
0 0.6645833333333333 0.2671296296296296 0.6708333333333333 0.2726851851851852 0.6729166666666667 0.29259259259259257 0.67109375 0.3453703703703704 0.66875 0.3527777777777778 0.6651041666666667 0.3541666666666667 0.65078125 0.3537037037037037 0.6479166666666667 0.35185185185185186 0.6463541666666667 0.3458333333333333 0.64765625 0.27546296296296297 0.6510416666666666 0.26805555555555555 0.6643229166666667 0.2671296296296296
0 0.7768229166666667 0.12037037037037036 0.7822916666666667 0.12314814814814815 0.7838541666666666 0.12731481481481483 0.7859375 0.20324074074074075 0.7825520833333334 0.21851851851851853 0.7716145833333333 0.22361111111111112 0.7635416666666667 0.2212962962962963 0.7622395833333333 0.21388888888888888 0.7578125 0.20972222222222223 0.75703125 0.1388888888888889 0.75859375 0.12731481481481483 0.7611979166666667 0.12222222222222222 0.7765625 0.12037037037037036
0 0.5513020833333333 0.5370370370370371 0.5575520833333333 0.5398148148148149 0.559375 0.5453703703703704 0.5575520833333333 0.6023148148148149 0.5588541666666667 0.6314814814814815 0.5559895833333334 0.6504629629629629 0.546875 0.6550925925925926 0.5359375 0.6523148148148148 0.53203125 0.6449074074074074 0.5333333333333333 0.5625 0.53515625 0.5388888888888889 0.5408854166666667 0.5361111111111111 0.5510416666666667 0.5370370370370371
0 0.7901041666666667 0.4046296296296296 0.8403645833333333 0.41435185185185186 0.8424479166666666 0.41805555555555557 0.84296875 0.4263888888888889 0.8421875 0.449537037037037 0.8390625 0.45555555555555555 0.83203125 0.4587962962962963 0.7825520833333334 0.4527777777777778 0.77734375 0.449537037037037 0.7723958333333333 0.4351851851851852 0.7734375 0.41805555555555557 0.7786458333333334 0.40694444444444444 0.78984375 0.4046296296296296
0 0.6296875 0.23981481481481481 0.6346354166666667 0.24305555555555555 0.63828125 0.2537037037037037 0.6372395833333333 0.3037037037037037 0.6393229166666666 0.32592592592592595 0.6375 0.3453703703703704 0.6270833333333333 0.35185185185185186 0.6161458333333333 0.350462962962963 0.6119791666666666 0.3435185185185185 0.6111979166666667 0.2569444444444444 0.6119791666666666 0.24861111111111112 0.61484375 0.24305555555555555 0.6208333333333333 0.23935185185185184 0.6294270833333333 0.23981481481481481
0 0.8986979166666667 0.562962962962963 0.9041666666666667 0.5666666666666667 0.9067708333333333 0.5745370370370371 0.9078125 0.649074074074074 0.9044270833333333 0.6666666666666666 0.8950520833333333 0.6712962962962963 0.8830729166666667 0.6694444444444444 0.8799479166666667 0.663425925925926 0.8783854166666667 0.6125 0.8794270833333333 0.5722222222222222 0.8828125 0.5638888888888889 0.8984375 0.562962962962963
0 0.4119791666666667 0.4935185185185185 0.41770833333333335 0.4981481481481482 0.4236979166666667 0.5083333333333333 0.42526041666666664 0.5138888888888888 0.42473958333333334 0.525 0.40286458333333336 0.5712962962962963 0.38515625 0.5962962962962963 0.37994791666666666 0.5953703703703703 0.3729166666666667 0.5856481481481481 0.36953125 0.5777777777777777 0.3697916666666667 0.5643518518518519 0.3802083333333333 0.5398148148148149 0.3848958333333333 0.5347222222222222 0.40260416666666665 0.5009259259259259 0.41171875 0.4935185185185185
0 0.6645833333333333 0.9847222222222223 0.66953125 0.9912037037037037 0.6721354166666667 0.999537037037037 0.64609375 0.999537037037037 0.6510416666666666 0.9856481481481482 0.6643229166666667 0.9847222222222223
0 0.85234375 0.2490740740740741 0.8591145833333333 0.25462962962962965 0.86171875 0.262037037037037 0.8643229166666667 0.2828703703703704 0.8661458333333333 0.34120370370370373 0.8635416666666667 0.3523148148148148 0.8497395833333333 0.3560185185185185 0.8419270833333333 0.3541666666666667 0.8385416666666666 0.3416666666666667 0.8346354166666666 0.2638888888888889 0.83828125 0.25324074074074077 0.8520833333333333 0.2490740740740741
0 0.7794270833333333 0.23703703703703705 0.78671875 0.24305555555555555 0.78984375 0.25277777777777777 0.7908854166666667 0.32546296296296295 0.7877604166666666 0.34444444444444444 0.7768229166666667 0.3486111111111111 0.76796875 0.3458333333333333 0.7640625 0.3375 0.7630208333333334 0.2523148148148148 0.7671875 0.24074074074074073 0.7723958333333333 0.23657407407407408 0.7791666666666667 0.23703703703703705
0 0.7393229166666667 0.5388888888888889 0.7473958333333334 0.5421296296296296 0.75 0.5467592592592593 0.75 0.5925925925925926 0.7518229166666667 0.6055555555555555 0.7486979166666666 0.638425925925926 0.74453125 0.6439814814814815 0.7377604166666667 0.6458333333333334 0.7299479166666667 0.6439814814814815 0.7252604166666666 0.6365740740740741 0.7252604166666666 0.5847222222222223 0.7263020833333333 0.5449074074074074 0.73046875 0.5407407407407407 0.7390625 0.5388888888888889
0 0.6265625 0.10555555555555556 0.6346354166666667 0.11296296296296296 0.6377604166666667 0.14305555555555555 0.6369791666666667 0.20185185185185187 0.6338541666666667 0.21388888888888888 0.6268229166666667 0.21898148148148147 0.615625 0.21805555555555556 0.6114583333333333 0.21296296296296297 0.61015625 0.20694444444444443 0.6109375 0.11851851851851852 0.615625 0.10833333333333334 0.6263020833333334 0.10555555555555556
0 0.9640625 0.25046296296296294 0.9708333333333333 0.25416666666666665 0.9755208333333333 0.26481481481481484 0.97734375 0.32407407407407407 0.9744791666666667 0.35555555555555557 0.9651041666666667 0.36342592592592593 0.9528645833333333 0.3611111111111111 0.9442708333333333 0.3453703703703704 0.94609375 0.32222222222222224 0.9447916666666667 0.2712962962962963 0.9510416666666667 0.2537037037037037 0.9638020833333333 0.25046296296296294
0 0.85390625 0.5546296296296296 0.8661458333333333 0.5583333333333333 0.86875 0.5662037037037037 0.86640625 0.6569444444444444 0.86328125 0.6717592592592593 0.8565104166666667 0.6777777777777778 0.8440104166666667 0.6754629629629629 0.8401041666666667 0.6708333333333333 0.8377604166666667 0.6611111111111111 0.8419270833333333 0.5740740740740741 0.8471354166666667 0.5569444444444445 0.8536458333333333 0.5546296296296296
0 0.7044270833333334 0.5578703703703703 0.7122395833333334 0.5615740740740741 0.71484375 0.5800925925925926 0.7145833333333333 0.6226851851851852 0.7098958333333333 0.6268518518518519 0.6958333333333333 0.6268518518518519 0.6908854166666667 0.6231481481481481 0.6919270833333333 0.5916666666666667 0.690625 0.5638888888888889 0.6924479166666667 0.5601851851851852 0.7041666666666667 0.5578703703703703
0 0.659375 0.6958333333333333 0.6697916666666667 0.6986111111111111 0.6736979166666667 0.7064814814814815 0.6723958333333333 0.7912037037037037 0.66953125 0.8037037037037037 0.6653645833333334 0.8106481481481481 0.6614583333333334 0.812037037037037 0.64765625 0.8074074074074075 0.6453125 0.7958333333333333 0.6473958333333333 0.7027777777777777 0.6497395833333334 0.6972222222222222 0.6591145833333333 0.6958333333333333
0 0.7807291666666667 0.6837962962962963 0.78671875 0.6865740740740741 0.78984375 0.6962962962962963 0.7932291666666667 0.7828703703703703 0.790625 0.7972222222222223 0.7817708333333333 0.8069444444444445 0.7716145833333333 0.8060185185185185 0.7658854166666667 0.799537037037037 0.7625 0.7421296296296296 0.7645833333333333 0.6884259259259259 0.7690104166666667 0.6847222222222222 0.78046875 0.6837962962962963
0 0.7049479166666667 0.12546296296296297 0.7096354166666666 0.12962962962962962 0.7109375 0.1388888888888889 0.7106770833333333 0.2101851851851852 0.7088541666666667 0.2175925925925926 0.7005208333333334 0.2222222222222222 0.6888020833333334 0.22037037037037038 0.6854166666666667 0.2125 0.6856770833333333 0.13657407407407407 0.68671875 0.1300925925925926 0.6895833333333333 0.12685185185185185 0.7046875 0.12546296296296297
0 0.5450520833333333 0.6796296296296296 0.5505208333333333 0.6819444444444445 0.5536458333333333 0.687962962962963 0.5546875 0.7736111111111111 0.55234375 0.7893518518518519 0.5442708333333334 0.7967592592592593 0.5294270833333333 0.7925925925925926 0.5270833333333333 0.7828703703703703 0.5260416666666666 0.7550925925925925 0.5278645833333333 0.7449074074074075 0.5263020833333333 0.7273148148148149 0.5278645833333333 0.6861111111111111 0.53671875 0.6787037037037037 0.5447916666666667 0.6796296296296296
0 0.8184895833333333 0.24027777777777778 0.8221354166666667 0.2449074074074074 0.8244791666666667 0.26064814814814813 0.8255208333333334 0.31805555555555554 0.8229166666666666 0.325 0.8153645833333333 0.3277777777777778 0.8044270833333333 0.32685185185185184 0.80078125 0.32083333333333336 0.8018229166666667 0.287962962962963 0.79921875 0.25462962962962965 0.8002604166666667 0.24675925925925926 0.80390625 0.24074074074074073 0.8182291666666667 0.24027777777777778
0 0.5872395833333334 0.6921296296296297 0.5927083333333333 0.6953703703703704 0.5958333333333333 0.7064814814814815 0.5940104166666667 0.7833333333333333 0.590625 0.8157407407407408 0.5825520833333333 0.8208333333333333 0.57109375 0.8194444444444444 0.5666666666666667 0.8106481481481481 0.5674479166666667 0.7777777777777778 0.5658854166666667 0.7583333333333333 0.5708333333333333 0.6958333333333333 0.5770833333333333 0.6916666666666667 0.5869791666666667 0.6921296296296297
0 0.8145833333333333 0.6893518518518519 0.8252604166666667 0.6967592592592593 0.8268229166666666 0.7324074074074074 0.82734375 0.7699074074074074 0.8255208333333334 0.7916666666666666 0.82109375 0.7986111111111112 0.81640625 0.8009259259259259 0.8036458333333333 0.7972222222222223 0.7997395833333333 0.7861111111111111 0.7984375 0.7648148148148148 0.7994791666666666 0.736574074074074 0.7973958333333333 0.7097222222222223 0.7981770833333334 0.7 0.8015625 0.6925925925925925 0.8143229166666667 0.6893518518518519