0 0.8869791666666667 0.1310185185185185 0.8919270833333334 0.13333333333333333 0.8950520833333333 0.13935185185185187 0.8973958333333333 0.2050925925925926 0.8963541666666667 0.24074074074074073 0.8924479166666667 0.2462962962962963 0.8869791666666667 0.24861111111111112 0.8755208333333333 0.24768518518518517 0.8697916666666666 0.2375 0.8692708333333333 0.1824074074074074 0.8666666666666667 0.16203703703703703 0.871875 0.13518518518518519 0.88671875 0.1310185185185185
0 0.7783854166666667 0.12731481481481483 0.7825520833333334 0.13148148148148148 0.7841145833333333 0.14212962962962963 0.7848958333333333 0.20972222222222223 0.7833333333333333 0.22314814814814815 0.7731770833333333 0.23148148148148148 0.7658854166666667 0.22824074074074074 0.7622395833333333 0.2199074074074074 0.7583333333333333 0.21712962962962962 0.7567708333333333 0.14305555555555555 0.7583333333333333 0.13240740740740742 0.7619791666666667 0.12777777777777777 0.778125 0.12731481481481483
0 0.6255208333333333 0.687037037037037 0.6302083333333334 0.6893518518518519 0.63359375 0.700925925925926 0.63515625 0.7763888888888889 0.6333333333333333 0.8101851851851852 0.6296875 0.8185185185185185 0.625 0.8208333333333333 0.60859375 0.8180555555555555 0.6049479166666667 0.8097222222222222 0.6044270833333333 0.8018518518518518 0.6072916666666667 0.762962962962963 0.60546875 0.7537037037037037 0.6075520833333333 0.7444444444444445 0.6075520833333333 0.7143518518518519 0.6096354166666667 0.6958333333333333 0.6140625 0.6875 0.6252604166666667 0.687037037037037
0 0.7408854166666666 0.5453703703703704 0.7479166666666667 0.5486111111111112 0.7502604166666667 0.5537037037037037 0.7505208333333333 0.5958333333333333 0.74921875 0.6402777777777777 0.7463541666666667 0.6476851851851851 0.73984375 0.6509259259259259 0.7270833333333333 0.6476851851851851 0.72421875 0.6361111111111111 0.7252604166666666 0.5527777777777778 0.72890625 0.5467592592592593 0.740625 0.5453703703703704
0 0.70234375 0.13055555555555556 0.7072916666666667 0.13287037037037036 0.7096354166666666 0.1388888888888889 0.7106770833333333 0.2101851851851852 0.7096354166666666 0.2199074074074074 0.70703125 0.225 0.6997395833333333 0.22870370370370371 0.6893229166666667 0.22777777777777777 0.6854166666666667 0.22037037037037038 0.6854166666666667 0.1439814814814815 0.6885416666666667 0.13240740740740742 0.7020833333333333 0.13055555555555556
0 0.96015625 0.13148148148148148 0.9703125 0.1375 0.9744791666666667 0.15092592592592594 0.9747395833333333 0.23055555555555557 0.9708333333333333 0.23842592592592593 0.9638020833333333 0.24259259259259258 0.9559895833333333 0.24166666666666667 0.94765625 0.2300925925925926 0.9442708333333333 0.1597222222222222 0.9455729166666667 0.14722222222222223 0.94921875 0.13657407407407407 0.9598958333333333 0.13148148148148148
0 0.8109375 0.11064814814814815 0.81484375 0.11296296296296296 0.8197916666666667 0.12268518518518519 0.82265625 0.15648148148148147 0.82265625 0.18888888888888888 0.8208333333333333 0.20185185185185187 0.8174479166666667 0.20925925925925926 0.8111979166666666 0.21203703703703702 0.80078125 0.2101851851851852 0.7953125 0.20324074074074075 0.79609375 0.18009259259259258 0.7942708333333334 0.13842592592592592 0.7947916666666667 0.12685185185185185 0.7984375 0.11574074074074074 0.803125 0.1111111111111111 0.8106770833333333 0.11064814814814815
0 0.8658854166666666 0.7027777777777777 0.86953125 0.7097222222222223 0.87109375 0.7199074074074074 0.8729166666666667 0.799537037037037 0.87109375 0.8138888888888889 0.8640625 0.8185185185185185 0.8479166666666667 0.8152777777777778 0.8440104166666667 0.8060185185185185 0.8411458333333334 0.7152777777777778 0.8432291666666667 0.7064814814814815 0.8489583333333334 0.7 0.859375 0.6990740740740741 0.865625 0.7027777777777777
0 0.85625 0.5601851851851852 0.8658854166666666 0.5652777777777778 0.8684895833333334 0.5773148148148148 0.8671875 0.6444444444444445 0.8651041666666667 0.6662037037037037 0.86171875 0.6796296296296296 0.85703125 0.6828703703703703 0.8416666666666667 0.6796296296296296 0.8372395833333334 0.6675925925925926 0.84140625 0.5736111111111111 0.8455729166666667 0.5625 0.8559895833333333 0.5601851851851852
0 0.7416666666666667 0.262037037037037 0.7489583333333333 0.2708333333333333 0.7513020833333334 0.29305555555555557 0.7528645833333333 0.3592592592592593 0.7515625 0.36342592592592593 0.7466145833333333 0.36666666666666664 0.7317708333333334 0.36435185185185187 0.7283854166666667 0.3587962962962963 0.7270833333333333 0.350462962962963 0.7252604166666666 0.27546296296296297 0.7307291666666667 0.2638888888888889 0.74140625 0.262037037037037
0 0.6619791666666667 0.12962962962962962 0.6716145833333333 0.13333333333333333 0.67421875 0.1439814814814815 0.6747395833333333 0.15694444444444444 0.6729166666666667 0.22916666666666666 0.6700520833333333 0.23796296296296296 0.66171875 0.2449074074074074 0.65078125 0.2412037037037037 0.6455729166666667 0.2263888888888889 0.6471354166666666 0.17453703703703705 0.6505208333333333 0.1375 0.6544270833333333 0.1310185185185185 0.66171875 0.12962962962962962
0 0.5921875 0.12916666666666668 0.5994791666666667 0.1375 0.60078125 0.17175925925925925 0.5986979166666667 0.22407407407407406 0.5950520833333334 0.23472222222222222 0.5885416666666666 0.24074074074074073 0.5809895833333333 0.23981481481481481 0.575 0.23472222222222222 0.571875 0.22361111111111112 0.5716145833333334 0.21064814814814814 0.5752604166666667 0.1337962962962963 0.58125 0.1287037037037037 0.5919270833333333 0.12916666666666668
0 0.9330729166666667 0.5574074074074075 0.9395833333333333 0.5611111111111111 0.94375 0.5708333333333333 0.946875 0.6023148148148149 0.946875 0.6694444444444444 0.9434895833333333 0.6791666666666667 0.9377604166666667 0.6824074074074075 0.9276041666666667 0.6819444444444445 0.9205729166666666 0.674074074074074 0.9182291666666667 0.6597222222222222 0.9182291666666667 0.6189814814814815 0.9158854166666667 0.6046296296296296 0.915625 0.5736111111111111 0.9174479166666667 0.5634259259259259 0.9216145833333333 0.5592592592592592 0.9328125 0.5574074074074075
0 0.5815104166666667 0.6962962962962963 0.5927083333333333 0.7013888888888888 0.5958333333333333 0.712037037037037 0.5932291666666667 0.7412037037037037 0.59296875 0.8074074074074075 0.5895833333333333 0.8212962962962963 0.5815104166666667 0.825462962962963 0.5708333333333333 0.8236111111111111 0.5671875 0.8175925925925925 0.565625 0.8069444444444445 0.56953125 0.7074074074074074 0.5734375 0.6986111111111111 0.58125 0.6962962962962963
0 0.7067708333333333 0.5643518518518519 0.7111979166666667 0.5666666666666667 0.7135416666666666 0.5736111111111111 0.7143229166666667 0.6231481481481481 0.7135416666666666 0.6305555555555555 0.7109375 0.6319444444444444 0.6927083333333334 0.6319444444444444 0.68984375 0.6268518518518519 0.69140625 0.6111111111111112 0.690625 0.5680555555555555 0.69609375 0.5643518518518519 0.7065104166666667 0.5643518518518519
0 0.70390625 0.6907407407407408 0.7091145833333333 0.6967592592592593 0.7111979166666667 0.7064814814814815 0.7119791666666667 0.7555555555555555 0.7106770833333333 0.8041666666666667 0.7091145833333333 0.8074074074074075 0.703125 0.8092592592592592 0.6848958333333334 0.8069444444444445 0.6815104166666667 0.7953703703703704 0.6848958333333334 0.6986111111111111 0.6901041666666666 0.6902777777777778 0.7036458333333333 0.6907407407407408
0 0.7390625 0.700462962962963 0.7442708333333333 0.7060185185185185 0.7466145833333333 0.7166666666666667 0.74921875 0.7722222222222223 0.7486979166666666 0.7925925925925926 0.7411458333333333 0.7981481481481482 0.72734375 0.7976851851851852 0.7239583333333334 0.7935185185185185 0.7203125 0.7555555555555555 0.7190104166666667 0.7097222222222223 0.7244791666666667 0.7018518518518518 0.7388020833333333 0.700462962962963
0 0.5466145833333333 0.6847222222222222 0.5536458333333333 0.6935185185185185 0.5546875 0.7847222222222222 0.55078125 0.7976851851851852 0.5440104166666667 0.8027777777777778 0.5328125 0.8004629629629629 0.5278645833333333 0.7902777777777777 0.5291666666666667 0.7333333333333333 0.5247395833333334 0.7097222222222223 0.5299479166666666 0.6893518518518519 0.5361979166666667 0.6847222222222222 0.5463541666666667 0.6847222222222222
0 0.6265625 0.55 0.6302083333333334 0.5541666666666667 0.6322916666666667 0.5675925925925925 0.63515625 0.6481481481481481 0.6338541666666667 0.6578703703703703 0.6302083333333334 0.6648148148148149 0.62265625 0.6680555555555555 0.6109375 0.6666666666666666 0.6078125 0.6611111111111111 0.6057291666666667 0.6467592592592593 0.6036458333333333 0.5675925925925925 0.6057291666666667 0.5537037037037037 0.6083333333333333 0.5513888888888889 0.6263020833333334 0.55
0 0.85546875 0.14351851851851852 0.8578125 0.15046296296296297 0.85859375 0.17222222222222222 0.8580729166666666 0.22361111111111112 0.8552083333333333 0.23564814814814813 0.84765625 0.23981481481481481 0.8354166666666667 0.23842592592592593 0.8322916666666667 0.23333333333333334 0.83125 0.21712962962962962 0.8330729166666667 0.17314814814814813 0.8317708333333333 0.15601851851851853 0.8356770833333333 0.1425925925925926 0.8489583333333334 0.14074074074074075 0.8552083333333333 0.14351851851851852
0 0.6630208333333333 0.27361111111111114 0.6705729166666666 0.2791666666666667 0.67265625 0.2967592592592593 0.6705729166666666 0.3560185185185185 0.6653645833333334 0.36064814814814816 0.6489583333333333 0.3597222222222222 0.6466145833333333 0.35694444444444445 0.6455729166666667 0.3490740740740741 0.64765625 0.2800925925925926 0.6513020833333333 0.274537037037037 0.6627604166666666 0.27361111111111114
0 0.84921875 0.2550925925925926 0.85625 0.25787037037037036 0.86171875 0.2722222222222222 0.8653645833333333 0.3439814814814815 0.8627604166666667 0.3587962962962963 0.8489583333333334 0.36203703703703705 0.84140625 0.36018518518518516 0.83828125 0.3537037037037037 0.8338541666666667 0.28379629629629627 0.834375 0.2657407407407407 0.8361979166666667 0.26157407407407407 0.83984375 0.2574074074074074 0.8489583333333334 0.2550925925925926
0 0.70078125 0.25787037037037036 0.7098958333333333 0.2652777777777778 0.7111979166666667 0.28888888888888886 0.7106770833333333 0.35694444444444445 0.7067708333333333 0.36342592592592593 0.7010416666666667 0.36435185185185187 0.6927083333333334 0.36342592592592593 0.6869791666666667 0.3574074074074074 0.68515625 0.28935185185185186 0.6864583333333333 0.26342592592592595 0.6921875 0.25833333333333336 0.7005208333333334 0.25787037037037036
0 0.6270833333333333 0.24537037037037038 0.6346354166666667 0.24953703703703703 0.6380208333333334 0.262037037037037 0.6385416666666667 0.3384259259259259 0.6354166666666666 0.35324074074074074 0.6268229166666667 0.3578703703703704 0.6161458333333333 0.35694444444444445 0.6122395833333333 0.3490740740740741 0.6104166666666667 0.2689814814814815 0.6125 0.25 0.6169270833333333 0.24583333333333332 0.6268229166666667 0.24537037037037038
0 0.8950520833333333 0.5675925925925925 0.9020833333333333 0.5712962962962963 0.9049479166666666 0.5773148148148148 0.90703125 0.6319444444444444 0.9052083333333333 0.6643518518518519 0.8981770833333333 0.6759259259259259 0.8833333333333333 0.674537037037037 0.8799479166666667 0.6689814814814815 0.8770833333333333 0.624537037037037 0.87890625 0.5717592592592593 0.8864583333333333 0.5671296296296297 0.8947916666666667 0.5675925925925925
0 0.5940104166666667 0.27361111111111114 0.5986979166666667 0.27824074074074073 0.5994791666666667 0.287962962962963 0.5997395833333333 0.3111111111111111 0.5958333333333333 0.36712962962962964 0.5927083333333333 0.387037037037037 0.58515625 0.3962962962962963 0.5744791666666667 0.39490740740740743 0.5677083333333334 0.387037037037037 0.5658854166666667 0.362962962962963 0.5705729166666667 0.31157407407407406 0.5763020833333333 0.27546296296296297 0.5822916666666667 0.2712962962962963 0.59375 0.27361111111111114
0 0.5471354166666667 0.5421296296296296 0.5572916666666666 0.5449074074074074 0.559375 0.549537037037037 0.5578125 0.6509259259259259 0.55390625 0.6583333333333333 0.5481770833333334 0.6606481481481481 0.5354166666666667 0.6574074074074074 0.5328125 0.6537037037037037 0.5315104166666667 0.6439814814814815 0.534375 0.5462962962962963 0.53828125 0.5425925925925926 0.546875 0.5421296296296296
0 0.6622395833333333 0.9805555555555555 0.6682291666666667 0.9879629629629629 0.67109375 0.999537037037037 0.6424479166666667 0.999537037037037 0.6434895833333333 0.9912037037037037 0.6471354166666666 0.9837962962962963 0.65234375 0.9805555555555555 0.6619791666666667 0.9805555555555555
0 0.7104166666666667 0.3851851851851852 0.753125 0.3921296296296296 0.75546875 0.4023148148148148 0.7549479166666667 0.4287037037037037 0.7489583333333333 0.4356481481481482 0.7 0.4324074074074074 0.69453125 0.4287037037037037 0.69296875 0.40370370370370373 0.6953125 0.3907407407407407 0.7028645833333333 0.38564814814814813 0.71015625 0.3851851851851852
0 0.6263020833333334 0.11203703703703703 0.63125 0.11574074074074074 0.6354166666666666 0.12731481481481483 0.6372395833333333 0.17685185185185184 0.6346354166666667 0.21805555555555556 0.6302083333333334 0.22361111111111112 0.6234375 0.22592592592592592 0.6143229166666667 0.22407407407407406 0.6106770833333334 0.2199074074074074 0.6091145833333333 0.16435185185185186 0.6111979166666667 0.12222222222222222 0.6158854166666666 0.11481481481481481 0.6260416666666667 0.11203703703703703
0 0.96484375 0.2569444444444444 0.97265625 0.26481481481481484 0.975 0.27546296296296297 0.9760416666666667 0.3384259259259259 0.9729166666666667 0.362962962962963 0.9619791666666667 0.36944444444444446 0.9497395833333333 0.36574074074074076 0.9440104166666666 0.3537037037037037 0.9455729166666667 0.29583333333333334 0.94375 0.2763888888888889 0.9458333333333333 0.2657407407407407 0.9494791666666667 0.25972222222222224 0.9557291666666666 0.2564814814814815 0.9645833333333333 0.2569444444444444
0 0.7809895833333333 0.6888888888888889 0.7875 0.6925925925925925 0.78984375 0.7064814814814815 0.7924479166666667 0.7861111111111111 0.7895833333333333 0.8032407407407407 0.78671875 0.8087962962962963 0.78125 0.812037037037037 0.7690104166666667 0.8087962962962963 0.7645833333333333 0.8027777777777778 0.7619791666666667 0.7212962962962963 0.7619791666666667 0.7101851851851851 0.765625 0.6912037037037037 0.7807291666666667 0.6888888888888889
0 0.7763020833333333 0.5578703703703703 0.78359375 0.5606481481481481 0.7872395833333333 0.5662037037037037 0.790625 0.6282407407407408 0.7885416666666667 0.6587962962962963 0.7864583333333334 0.6625 0.7776041666666667 0.6657407407407407 0.7690104166666667 0.6643518518518519 0.7635416666666667 0.6509259259259259 0.7640625 0.6157407407407407 0.7609375 0.5773148148148148 0.7614583333333333 0.5680555555555555 0.7651041666666667 0.5611111111111111 0.7760416666666666 0.5578703703703703
0 0.6302083333333334 0.42824074074074076 0.6333333333333333 0.4305555555555556 0.6442708333333333 0.4527777777777778 0.6489583333333333 0.4703703703703704 0.66484375 0.5092592592592593 0.66484375 0.525 0.6510416666666666 0.5412037037037037 0.646875 0.5398148148148149 0.6401041666666667 0.5291666666666667 0.6325520833333333 0.5055555555555555 0.61171875 0.45694444444444443 0.6125 0.44537037037037036 0.6161458333333333 0.43842592592592594 0.6252604166666667 0.4287037037037037 0.6299479166666667 0.42824074074074076
0 0.6557291666666667 0.7023148148148148 0.6684895833333333 0.7037037037037037 0.6731770833333334 0.7097222222222223 0.671875 0.7976851851851852 0.66875 0.8097222222222222 0.6619791666666667 0.8166666666666667 0.64765625 0.812962962962963 0.64375 0.7953703703703704 0.64609375 0.7185185185185186 0.6510416666666666 0.7037037037037037 0.65546875 0.7023148148148148
0 0.7388020833333333 0.09861111111111111 0.7458333333333333 0.10231481481481482 0.7494791666666667 0.11388888888888889 0.7481770833333333 0.20046296296296295 0.7453125 0.21481481481481482 0.7359375 0.22083333333333333 0.7229166666666667 0.2175925925925926 0.7200520833333334 0.21342592592592594 0.7192708333333333 0.2050925925925926 0.721875 0.17731481481481481 0.7223958333333333 0.11296296296296296 0.7268229166666667 0.10185185185185185 0.7385416666666667 0.09861111111111111
0 0.8143229166666667 0.5564814814814815 0.8221354166666667 0.562962962962963 0.8255208333333334 0.5962962962962963 0.8247395833333333 0.6615740740740741 0.8213541666666667 0.6666666666666666 0.81640625 0.6685185185185185 0.8033854166666666 0.6675925925925926 0.79921875 0.6638888888888889 0.7981770833333334 0.6578703703703703 0.79921875 0.612037037037037 0.7966145833333333 0.5814814814814815 0.7971354166666667 0.5675925925925925 0.8002604166666667 0.5583333333333333 0.8140625 0.5564814814814815
0 0.8135416666666667 0.2449074074074074 0.8197916666666667 0.24768518518518517 0.8221354166666667 0.2518518518518518 0.8247395833333333 0.28564814814814815 0.8239583333333333 0.3282407407407407 0.8216145833333334 0.33240740740740743 0.81484375 0.3347222222222222 0.8036458333333333 0.3333333333333333 0.8002604166666667 0.3277777777777778 0.7997395833333333 0.25462962962962965 0.8036458333333333 0.2462962962962963 0.81328125 0.2449074074074074
0 0.7770833333333333 0.24259259259259258 0.7856770833333333 0.24861111111111112 0.78984375 0.262037037037037 0.7901041666666667 0.34074074074074073 0.7869791666666667 0.35185185185185186 0.7796875 0.35462962962962963 0.7669270833333334 0.35185185185185186 0.76328125 0.337037037037037 0.7630208333333334 0.2550925925925926 0.7671875 0.2462962962962963 0.7768229166666667 0.24259259259259258
0 0.8979166666666667 0.2638888888888889 0.9065104166666667 0.2722222222222222 0.9096354166666667 0.29444444444444445 0.9130208333333333 0.30462962962962964 0.9098958333333333 0.3138888888888889 0.9122395833333333 0.337037037037037 0.9114583333333334 0.36712962962962964 0.9075520833333334 0.37407407407407406 0.89921875 0.3773148148148148 0.8869791666666667 0.37592592592592594 0.8802083333333334 0.3638888888888889 0.8799479166666667 0.3541666666666667 0.8825520833333333 0.34305555555555556 0.88203125 0.30648148148148147 0.8776041666666666 0.29398148148148145 0.878125 0.2865740740740741 0.8838541666666667 0.2689814814814815 0.8901041666666667 0.26435185185185184 0.89765625 0.2638888888888889
0 0.55390625 0.8569444444444444 0.56171875 0.8717592592592592 0.5619791666666667 0.8893518518518518 0.559375 0.9023148148148148 0.5057291666666667 0.9282407407407407 0.49973958333333335 0.9263888888888889 0.4947916666666667 0.9152777777777777 0.49322916666666666 0.8935185185185185 0.49661458333333336 0.8833333333333333 0.53671875 0.861574074074074 0.5536458333333333 0.8569444444444444
0 0.8119791666666667 0.6939814814814815 0.8205729166666667 0.6967592592592593 0.82421875 0.7027777777777777 0.8263020833333333 0.7444444444444445 0.8244791666666667 0.7967592592592593 0.82109375 0.8032407407407407 0.815625 0.8060185185185185 0.8067708333333333 0.8050925925925926 0.80078125 0.8 0.7984375 0.7791666666666667 0.8002604166666667 0.7550925925925925 0.7973958333333333 0.7064814814814815 0.8026041666666667 0.6962962962962963 0.81171875 0.6939814814814815