0 0.8888020833333333 0.13287037037037036 0.89375 0.1398148148148148 0.896875 0.21064814814814814 0.8958333333333334 0.24027777777777778 0.8919270833333334 0.24722222222222223 0.8869791666666667 0.24953703703703703 0.87421875 0.24861111111111112 0.86953125 0.24027777777777778 0.8692708333333333 0.19490740740740742 0.8658854166666666 0.15694444444444444 0.8690104166666667 0.14074074074074075 0.8721354166666667 0.13472222222222222 0.8885416666666667 0.13287037037037036
0 0.77265625 0.12638888888888888 0.7802083333333333 0.12962962962962962 0.7828125 0.13657407407407407 0.7846354166666667 0.17685185185185184 0.78359375 0.21944444444444444 0.7796875 0.22685185185185186 0.77265625 0.23148148148148148 0.7653645833333333 0.22916666666666666 0.7622395833333333 0.21944444444444444 0.7578125 0.21851851851851853 0.7559895833333333 0.15185185185185185 0.75859375 0.1300925925925926 0.7723958333333333 0.12638888888888888
0 0.6200520833333333 0.6916666666666667 0.6302083333333334 0.6976851851851852 0.6325520833333333 0.7064814814814815 0.6333333333333333 0.7212962962962963 0.6341145833333334 0.7828703703703703 0.63125 0.8143518518518519 0.6265625 0.8217592592592593 0.6088541666666667 0.8199074074074074 0.6033854166666667 0.8069444444444445 0.6046875 0.7791666666666667 0.6020833333333333 0.7615740740740741 0.6049479166666667 0.7449074074074075 0.6072916666666667 0.7032407407407407 0.6106770833333334 0.6944444444444444 0.6197916666666666 0.6916666666666667
0 0.7002604166666667 0.25833333333333336 0.70859375 0.26435185185185184 0.7109375 0.2935185185185185 0.71015625 0.35555555555555557 0.70703125 0.362962962962963 0.7010416666666667 0.3648148148148148 0.6911458333333333 0.3638888888888889 0.6854166666666667 0.35648148148148145 0.6841145833333333 0.30277777777777776 0.6848958333333334 0.2652777777777778 0.6888020833333334 0.25972222222222224 0.7 0.25833333333333336
0 0.7002604166666667 0.1310185185185185 0.7067708333333333 0.13425925925925927 0.70859375 0.1388888888888889 0.7098958333333333 0.2111111111111111 0.7067708333333333 0.22453703703703703 0.69609375 0.22962962962962963 0.6888020833333334 0.22824074074074074 0.684375 0.22037037037037038 0.6848958333333334 0.14027777777777778 0.6875 0.13333333333333333 0.7 0.1310185185185185
0 0.9565104166666667 0.13194444444444445 0.9684895833333333 0.13703703703703704 0.9729166666666667 0.1476851851851852 0.9744791666666667 0.22407407407407406 0.97265625 0.23425925925925925 0.9653645833333333 0.24259259259259258 0.95625 0.24305555555555555 0.9505208333333334 0.23842592592592593 0.94609375 0.225 0.946875 0.21157407407407408 0.9440104166666666 0.15138888888888888 0.9484375 0.13657407407407407 0.95625 0.13240740740740742
0 0.8098958333333334 0.1111111111111111 0.8140625 0.11342592592592593 0.8190104166666666 0.12314814814814815 0.8216145833333334 0.18472222222222223 0.8184895833333333 0.2064814814814815 0.8106770833333333 0.2125 0.7994791666666666 0.21064814814814814 0.7940104166666667 0.20324074074074075 0.7953125 0.18333333333333332 0.7942708333333334 0.12685185185185185 0.7997395833333333 0.11342592592592593 0.8096354166666667 0.1111111111111111
0 0.7802083333333333 0.5597222222222222 0.7848958333333333 0.5638888888888889 0.78671875 0.5708333333333333 0.7893229166666667 0.6337962962962963 0.7875 0.6597222222222222 0.7776041666666667 0.6662037037037037 0.7684895833333333 0.6657407407407407 0.76484375 0.6611111111111111 0.7630208333333334 0.6537037037037037 0.7604166666666666 0.5726851851851852 0.7651041666666667 0.5611111111111111 0.7799479166666666 0.5597222222222222
0 0.85234375 0.6995370370370371 0.8635416666666667 0.7027777777777777 0.8674479166666667 0.7083333333333334 0.8697916666666666 0.7171296296296297 0.871875 0.787962962962963 0.8703125 0.8148148148148148 0.8630208333333333 0.8199074074074074 0.8479166666666667 0.8175925925925925 0.8450520833333334 0.8138888888888889 0.8419270833333333 0.8004629629629629 0.8427083333333333 0.7703703703703704 0.8403645833333333 0.7152777777777778 0.8450520833333334 0.7032407407407407 0.8520833333333333 0.7
0 0.8973958333333333 0.26481481481481484 0.90546875 0.27175925925925926 0.9078125 0.2791666666666667 0.9083333333333333 0.29398148148148145 0.9122395833333333 0.3060185185185185 0.9096354166666667 0.31342592592592594 0.91171875 0.3458333333333333 0.9104166666666667 0.36944444444444446 0.9078125 0.37453703703703706 0.9010416666666666 0.37777777777777777 0.88671875 0.37592592592592594 0.8799479166666667 0.3680555555555556 0.8791666666666667 0.36157407407407405 0.8817708333333333 0.34120370370370373 0.8802083333333334 0.3060185185185185 0.8768229166666667 0.29305555555555557 0.8776041666666666 0.2861111111111111 0.8838541666666667 0.2689814814814815 0.8971354166666666 0.26481481481481484
0 0.8533854166666667 0.5606481481481481 0.865625 0.5666666666666667 0.8671875 0.575925925925926 0.8645833333333334 0.6671296296296296 0.8609375 0.6805555555555556 0.8549479166666667 0.6842592592592592 0.8419270833333333 0.6819444444444445 0.8375 0.6759259259259259 0.8359375 0.6680555555555555 0.8408854166666667 0.5745370370370371 0.8453125 0.562037037037037 0.853125 0.5606481481481481
0 0.7377604166666667 0.26157407407407407 0.74453125 0.2652777777777778 0.7486979166666666 0.27546296296296297 0.7520833333333333 0.3449074074074074 0.7502604166666667 0.3638888888888889 0.7473958333333334 0.36712962962962964 0.7359375 0.3675925925925926 0.7302083333333333 0.3648148148148148 0.7270833333333333 0.3592592592592593 0.72421875 0.2773148148148148 0.7294270833333333 0.26481481481481484 0.7375 0.262037037037037
0 0.6619791666666667 0.1300925925925926 0.6708333333333333 0.13425925925925927 0.67421875 0.15231481481481482 0.6721354166666667 0.22962962962962963 0.6692708333333334 0.23796296296296296 0.6609375 0.2449074074074074 0.65 0.24166666666666667 0.64609375 0.23425925925925925 0.64453125 0.21944444444444444 0.65 0.13657407407407407 0.65390625 0.1310185185185185 0.66171875 0.1300925925925926
0 0.7385416666666667 0.5458333333333333 0.7458333333333333 0.5486111111111112 0.7486979166666666 0.5532407407407407 0.75 0.5953703703703703 0.7479166666666667 0.6402777777777777 0.7447916666666666 0.649074074074074 0.73828125 0.6518518518518519 0.7296875 0.6509259259259259 0.7239583333333334 0.6449074074074074 0.72265625 0.6060185185185185 0.7239583333333334 0.5532407407407407 0.7270833333333333 0.5476851851851852 0.73828125 0.5458333333333333
0 0.5895833333333333 0.1287037037037037 0.59609375 0.13240740740740742 0.5989583333333334 0.13796296296296295 0.59921875 0.17685185185185184 0.5966145833333333 0.2273148148148148 0.5924479166666666 0.2375 0.5856770833333333 0.24074074074074073 0.5770833333333333 0.2388888888888889 0.57109375 0.22870370370370371 0.5708333333333333 0.18009259259259258 0.57421875 0.13333333333333333 0.5778645833333333 0.12962962962962962 0.5893229166666667 0.1287037037037037
0 0.032552083333333336 0.6296296296296297 0.04140625 0.6356481481481482 0.04375 0.6587962962962963 0.03984375 0.6759259259259259 0.0359375 0.7305555555555555 0.029427083333333333 0.7462962962962963 0.023697916666666666 0.75 0.01484375 0.7490740740740741 0.00859375 0.7407407407407407 0.008854166666666666 0.7013888888888888 0.012239583333333333 0.6657407407407407 0.018229166666666668 0.6337962962962963 0.021875 0.6296296296296297 0.03229166666666667 0.6296296296296297
0 0.9328125 0.5587962962962963 0.9390625 0.5625 0.9440104166666666 0.5763888888888888 0.9466145833333334 0.625 0.9455729166666667 0.6712962962962963 0.9424479166666667 0.6800925925925926 0.93671875 0.6828703703703703 0.9252604166666667 0.6824074074074075 0.91953125 0.674537037037037 0.9171875 0.662962962962963 0.9143229166666667 0.6064814814814815 0.91484375 0.5680555555555555 0.9203125 0.5601851851851852 0.9325520833333333 0.5587962962962963
0 0.7 0.5643518518518519 0.71015625 0.5671296296296297 0.71171875 0.5717592592592593 0.7135416666666666 0.5875 0.7135416666666666 0.6226851851851852 0.7130208333333333 0.6296296296296297 0.7104166666666667 0.6328703703703704 0.6888020833333334 0.6300925925925925 0.690625 0.6055555555555555 0.6893229166666667 0.5685185185185185 0.6997395833333333 0.5643518518518519
0 0.6255208333333333 0.5509259259259259 0.6299479166666667 0.5578703703703703 0.6315104166666666 0.5745370370370371 0.6341145833333334 0.6509259259259259 0.6294270833333333 0.6648148148148149 0.6169270833333333 0.6694444444444444 0.60859375 0.6662037037037037 0.60546875 0.6574074074074074 0.6026041666666667 0.5662037037037037 0.6057291666666667 0.5527777777777778 0.6125 0.55 0.6252604166666667 0.5509259259259259
0 0.6963541666666667 0.6902777777777778 0.70625 0.6949074074074074 0.7111979166666667 0.7097222222222223 0.7096354166666666 0.8037037037037037 0.703125 0.8097222222222222 0.6846354166666667 0.8078703703703703 0.6799479166666667 0.8009259259259259 0.6830729166666667 0.7023148148148148 0.6869791666666667 0.6925925925925925 0.69609375 0.6902777777777778
0 0.7375 0.700925925925926 0.7411458333333333 0.7032407407407407 0.74453125 0.7129629629629629 0.7486979166666666 0.7722222222222223 0.7479166666666667 0.7930555555555555 0.7385416666666667 0.799074074074074 0.7270833333333333 0.799074074074074 0.7229166666666667 0.7939814814814815 0.7200520833333334 0.763425925925926 0.7184895833333333 0.7134259259259259 0.7192708333333333 0.7069444444444445 0.7236979166666667 0.7027777777777777 0.7372395833333333 0.700925925925926
0 0.54609375 0.6865740740740741 0.5518229166666667 0.6953703703703704 0.5536458333333333 0.7699074074074074 0.5520833333333334 0.7930555555555555 0.5481770833333334 0.8004629629629629 0.54296875 0.8032407407407407 0.5307291666666667 0.8004629629629629 0.5255208333333333 0.7875 0.5255208333333333 0.7606481481481482 0.528125 0.7287037037037037 0.5244791666666667 0.7097222222222223 0.52578125 0.6939814814814815 0.528125 0.6893518518518519 0.5390625 0.6842592592592592 0.5458333333333333 0.6865740740740741
0 0.5627604166666667 0.35138888888888886 0.5674479166666667 0.35509259259259257 0.5755208333333334 0.3699074074074074 0.5768229166666666 0.3763888888888889 0.5755208333333334 0.387037037037037 0.5518229166666667 0.42824074074074076 0.53984375 0.4546296296296296 0.5330729166666667 0.46111111111111114 0.5260416666666666 0.4601851851851852 0.5182291666666666 0.4486111111111111 0.515625 0.44074074074074077 0.5158854166666667 0.42916666666666664 0.5481770833333334 0.3662037037037037 0.5591145833333333 0.35185185185185186 0.5625 0.35138888888888886
0 0.6580729166666667 0.27314814814814814 0.66875 0.27824074074074073 0.6713541666666667 0.29583333333333334 0.6692708333333334 0.35648148148148145 0.6677083333333333 0.3597222222222222 0.659375 0.3611111111111111 0.6471354166666666 0.3597222222222222 0.6450520833333333 0.3541666666666667 0.6458333333333334 0.2851851851851852 0.65 0.27546296296296297 0.6578125 0.27314814814814814
0 0.54453125 0.5425925925925926 0.5541666666666667 0.5444444444444444 0.5580729166666667 0.5486111111111112 0.5578125 0.6444444444444445 0.5536458333333333 0.6578703703703703 0.54765625 0.6611111111111111 0.5341145833333333 0.6578703703703703 0.53046875 0.6467592592592593 0.5330729166666667 0.5472222222222223 0.5364583333333334 0.5435185185185185 0.5442708333333334 0.5425925925925926
0 0.6252604166666667 0.24583333333333332 0.6346354166666667 0.25092592592592594 0.63671875 0.26157407407407407 0.6377604166666667 0.3314814814814815 0.6354166666666666 0.350462962962963 0.63046875 0.35694444444444445 0.6247395833333333 0.35833333333333334 0.6153645833333333 0.3574074074074074 0.6106770833333334 0.35 0.6091145833333333 0.28194444444444444 0.6104166666666667 0.2550925925925926 0.6158854166666666 0.24722222222222223 0.625 0.24583333333333332
0 0.8908854166666667 0.5680555555555555 0.90234375 0.5731481481481482 0.9046875 0.5847222222222223 0.90546875 0.6597222222222222 0.9010416666666666 0.6726851851851852 0.89453125 0.6768518518518518 0.8830729166666667 0.6754629629629629 0.8791666666666667 0.6717592592592593 0.8786458333333333 0.6435185185185185 0.8760416666666667 0.6263888888888889 0.87734375 0.575 0.88046875 0.5703703703703704 0.890625 0.5680555555555555
0 0.66171875 0.9819444444444444 0.6671875 0.9879629629629629 0.6700520833333333 0.999537037037037 0.6424479166666667 0.999537037037037 0.6434895833333333 0.9902777777777778 0.6466145833333333 0.9837962962962963 0.6614583333333334 0.9819444444444444
0 0.84609375 0.25555555555555554 0.8533854166666667 0.2574074074074074 0.8596354166666667 0.2671296296296296 0.8645833333333334 0.33101851851851855 0.8627604166666667 0.35694444444444445 0.8513020833333333 0.36203703703703705 0.84140625 0.3611111111111111 0.8377604166666667 0.35648148148148145 0.8322916666666667 0.28194444444444444 0.8348958333333333 0.26296296296296295 0.8385416666666666 0.25787037037037036 0.8458333333333333 0.25555555555555554
0 0.8513020833333333 0.14212962962962963 0.8559895833333333 0.14629629629629629 0.85703125 0.15231481481481482 0.8572916666666667 0.21898148148148147 0.8544270833333333 0.23703703703703705 0.8463541666666666 0.2412037037037037 0.8348958333333333 0.23981481481481481 0.83125 0.23287037037037037 0.83125 0.15416666666666667 0.83515625 0.14305555555555555 0.8510416666666667 0.14212962962962963
0 0.7221354166666667 0.3875 0.7408854166666666 0.38981481481481484 0.7481770833333333 0.39444444444444443 0.7481770833333333 0.4287037037037037 0.74609375 0.4337962962962963 0.7421875 0.4356481481481482 0.6950520833333333 0.43333333333333335 0.6880208333333333 0.42777777777777776 0.6861979166666666 0.4083333333333333 0.6901041666666666 0.3902777777777778 0.6986979166666667 0.3861111111111111 0.721875 0.3875
0 0.6252604166666667 0.1125 0.6296875 0.11527777777777778 0.634375 0.12638888888888888 0.6359375 0.17546296296296296 0.6341145833333334 0.21712962962962962 0.6302083333333334 0.22268518518518518 0.6231770833333333 0.22592592592592592 0.61328125 0.225 0.6096354166666667 0.22037037037037038 0.6083333333333333 0.16527777777777777 0.609375 0.1259259259259259 0.6158854166666666 0.11435185185185186 0.625 0.1125
0 0.9565104166666667 0.2569444444444444 0.9669270833333333 0.25925925925925924 0.97265625 0.2689814814814815 0.97578125 0.29583333333333334 0.9763020833333333 0.33935185185185185 0.9723958333333333 0.3625 0.9661458333333334 0.36944444444444446 0.95625 0.3699074074074074 0.9486979166666667 0.3662037037037037 0.9421875 0.3527777777777778 0.9453125 0.29398148148148145 0.9427083333333334 0.2763888888888889 0.9486979166666667 0.26064814814814813 0.95625 0.2574074074074074
0 0.6408854166666667 0.4398148148148148 0.6458333333333334 0.4425925925925926 0.6502604166666667 0.4527777777777778 0.6703125 0.5365740740740741 0.66796875 0.5486111111111112 0.65546875 0.5587962962962963 0.65 0.5574074074074075 0.64375 0.5444444444444444 0.6388020833333333 0.5185185185185185 0.63359375 0.5055555555555555 0.6244791666666667 0.4708333333333333 0.625 0.4527777777777778 0.640625 0.4398148148148148
0 0.66015625 0.7032407407407407 0.6684895833333333 0.7046296296296296 0.6713541666666667 0.7087962962962963 0.67265625 0.7337962962962963 0.6703125 0.7685185185185185 0.6716145833333333 0.7935185185185185 0.6684895833333333 0.8087962962962963 0.66171875 0.8171296296296297 0.646875 0.8143518518518519 0.6440104166666667 0.8069444444444445 0.64296875 0.7939814814814815 0.6453125 0.7768518518518519 0.64453125 0.7375 0.6473958333333333 0.7055555555555556 0.6510416666666666 0.7023148148148148 0.6598958333333333 0.7032407407407407
0 0.77265625 0.6902777777777778 0.7830729166666667 0.6916666666666667 0.7877604166666666 0.6967592592592593 0.7911458333333333 0.7810185185185186 0.7908854166666667 0.7958333333333333 0.7880208333333333 0.8064814814814815 0.7830729166666667 0.812037037037037 0.7723958333333333 0.8125 0.7651041666666667 0.8078703703703703 0.7614583333333333 0.7972222222222223 0.7630208333333334 0.7513888888888889 0.7619791666666667 0.6995370370370371 0.765625 0.6912037037037037 0.7723958333333333 0.6907407407407408
0 0.7424479166666667 0.10092592592592593 0.7466145833333333 0.10555555555555556 0.74765625 0.1111111111111111 0.7473958333333334 0.2 0.7453125 0.21388888888888888 0.74140625 0.21944444444444444 0.7364583333333333 0.2212962962962963 0.7244791666666667 0.22037037037037038 0.7192708333333333 0.21203703703703702 0.7208333333333333 0.125 0.7223958333333333 0.10972222222222222 0.7263020833333333 0.10185185185185185 0.73203125 0.09907407407407408 0.7421875 0.10092592592592593
0 0.81484375 0.5578703703703703 0.8184895833333333 0.5601851851851852 0.8223958333333333 0.5708333333333333 0.825 0.6263888888888889 0.8239583333333333 0.6611111111111111 0.82109375 0.6671296296296296 0.8153645833333333 0.6694444444444444 0.8041666666666667 0.6689814814814815 0.7984375 0.6638888888888889 0.7984375 0.6180555555555556 0.7958333333333333 0.5819444444444445 0.7966145833333333 0.5666666666666667 0.79921875 0.5597222222222222 0.8145833333333333 0.5578703703703703
0 0.8153645833333333 0.2462962962962963 0.8192708333333333 0.24861111111111112 0.8221354166666667 0.2550925925925926 0.8239583333333333 0.3199074074074074 0.8216145833333334 0.33194444444444443 0.8143229166666667 0.3351851851851852 0.8033854166666666 0.3337962962962963 0.7994791666666666 0.3277777777777778 0.8 0.29212962962962963 0.7981770833333334 0.25833333333333336 0.7994791666666666 0.2513888888888889 0.803125 0.24722222222222223 0.8151041666666666 0.2462962962962963
0 0.7770833333333333 0.24351851851851852 0.7864583333333334 0.2518518518518518 0.7893229166666667 0.28194444444444444 0.7888020833333333 0.3449074074074074 0.7864583333333334 0.3523148148148148 0.7791666666666667 0.35555555555555557 0.7684895833333333 0.35462962962962963 0.7645833333333333 0.3509259259259259 0.7611979166666667 0.32175925925925924 0.76171875 0.25462962962962965 0.7684895833333333 0.24537037037037038 0.7768229166666667 0.24351851851851852
0 0.8109375 0.6949074074074074 0.8184895833333333 0.6972222222222222 0.82265625 0.7027777777777777 0.8255208333333334 0.7412037037037037 0.8236979166666667 0.7958333333333333 0.8213541666666667 0.8027777777777778 0.8143229166666667 0.8074074074074075 0.8067708333333333 0.8064814814814815 0.7997395833333333 0.8 0.7971354166666667 0.775 0.7981770833333334 0.7305555555555555 0.796875 0.7069444444444445 0.8013020833333333 0.6972222222222222 0.8106770833333333 0.6949074074074074
0 0.5833333333333334 0.6976851851851852 0.5921875 0.7027777777777777 0.5947916666666667 0.7101851851851851 0.59375 0.7518518518518519 0.59140625 0.7620370370370371 0.5942708333333333 0.7800925925925926 0.5895833333333333 0.8203703703703704 0.5783854166666667 0.8273148148148148 0.5692708333333333 0.825 0.56484375 0.8134259259259259 0.5640625 0.8037037037037037 0.56875 0.7060185185185185 0.57109375 0.7 0.5747395833333333 0.6976851851851852 0.5830729166666667 0.6976851851851852