0 0.9645833333333333 0.2759259259259259 0.9666666666666667 0.2777777777777778 0.96875 0.28703703703703703 0.96875 0.3 0.9666666666666667 0.3055555555555556 0.95625 0.31296296296296294 0.9208333333333333 0.3111111111111111 0.9135416666666667 0.3 0.9135416666666667 0.28703703703703703 0.9270833333333334 0.2759259259259259 0.9635416666666666 0.2759259259259259
0 0.5729166666666666 0.7944444444444444 0.5729166666666666 0.7888888888888889 0.5697916666666667 0.7833333333333333 0.5697916666666667 0.7759259259259259 0.5729166666666666 0.7666666666666667 0.5770833333333333 0.762962962962963 0.59375 0.7611111111111111 0.6177083333333333 0.7611111111111111 0.621875 0.7722222222222223 0.6229166666666667 0.7944444444444444 0.6104166666666667 0.7981481481481482 0.578125 0.7981481481481482 0.5739583333333333 0.7944444444444444
0 0.6625 0.674074074074074 0.6666666666666666 0.687037037037037 0.6666666666666666 0.7333333333333333 0.6645833333333333 0.7574074074074074 0.6614583333333334 0.7592592592592593 0.6427083333333333 0.7592592592592593 0.6385416666666667 0.7537037037037037 0.6385416666666667 0.7018518518518518 0.640625 0.6814814814814815 0.646875 0.6722222222222223 0.6614583333333334 0.674074074074074
0 0.21770833333333334 0.5111111111111111 0.24166666666666667 0.5148148148148148 0.24270833333333333 0.5333333333333333 0.24166666666666667 0.5425925925925926 0.23854166666666668 0.5462962962962963 0.19895833333333332 0.5444444444444444 0.196875 0.5351851851851852 0.19895833333333332 0.5148148148148148 0.21666666666666667 0.5111111111111111
0 0.19895833333333332 0.35185185185185186 0.19895833333333332 0.3314814814814815 0.2 0.32592592592592595 0.20416666666666666 0.32037037037037036 0.23958333333333334 0.32222222222222224 0.240625 0.35 0.2375 0.35555555555555557 0.20208333333333334 0.35555555555555557 0.2 0.35185185185185186
0 0.12083333333333333 0.46296296296296297 0.134375 0.4666666666666667 0.13645833333333332 0.4740740740740741 0.13645833333333332 0.48518518518518516 0.13229166666666667 0.4962962962962963 0.115625 0.5 0.09166666666666666 0.4962962962962963 0.090625 0.4703703703703704 0.09270833333333334 0.4648148148148148 0.096875 0.46296296296296297 0.11979166666666667 0.46296296296296297
0 0.78125 0.22592592592592592 0.7833333333333333 0.23703703703703705 0.7822916666666667 0.2518518518518518 0.7729166666666667 0.25925925925925924 0.7416666666666667 0.25925925925925924 0.7375 0.2518518518518518 0.7364583333333333 0.24074074074074073 0.740625 0.23148148148148148 0.7447916666666666 0.22777777777777777 0.7572916666666667 0.22407407407407406 0.7802083333333333 0.22592592592592592
0 0.45 0.7555555555555555 0.453125 0.7574074074074074 0.4552083333333333 0.7685185185185185 0.453125 0.7851851851851852 0.45 0.7888888888888889 0.43854166666666666 0.7907407407407407 0.40729166666666666 0.7888888888888889 0.40729166666666666 0.7611111111111111 0.44895833333333335 0.7555555555555555
0 0.6229166666666667 0.4074074074074074 0.625 0.40925925925925927 0.6270833333333333 0.4185185185185185 0.6270833333333333 0.4388888888888889 0.621875 0.4462962962962963 0.6020833333333333 0.45 0.578125 0.44814814814814813 0.575 0.4425925925925926 0.5760416666666667 0.4166666666666667 0.5833333333333334 0.40925925925925927 0.621875 0.4074074074074074
0 0.07708333333333334 0.2759259259259259 0.08333333333333333 0.2851851851851852 0.08333333333333333 0.3055555555555556 0.07708333333333334 0.31296296296296294 0.05625 0.31666666666666665 0.0375 0.31666666666666665 0.034375 0.3 0.036458333333333336 0.2814814814814815 0.04375 0.2777777777777778 0.07604166666666666 0.2759259259259259
0 0.565625 0.32037037037037036 0.5666666666666667 0.3425925925925926 0.5635416666666667 0.35185185185185186 0.559375 0.3537037037037037 0.5197916666666667 0.35185185185185186 0.5177083333333333 0.34814814814814815 0.5166666666666667 0.3296296296296296 0.521875 0.32037037037037036 0.5645833333333333 0.32037037037037036
0 0.4510416666666667 0.2722222222222222 0.4552083333333333 0.2814814814814815 0.453125 0.30185185185185187 0.43645833333333334 0.3074074074074074 0.409375 0.3074074074074074 0.40625 0.29814814814814816 0.40729166666666666 0.2814814814814815 0.41041666666666665 0.2759259259259259 0.41770833333333335 0.2722222222222222 0.45 0.2722222222222222
0 0.46458333333333335 0.17037037037037037 0.46770833333333334 0.17777777777777778 0.46770833333333334 0.19814814814814816 0.465625 0.20555555555555555 0.46145833333333336 0.20925925925925926 0.4322916666666667 0.21296296296296297 0.42083333333333334 0.21296296296296297 0.41354166666666664 0.20925925925925926 0.4125 0.1814814814814815 0.41458333333333336 0.17777777777777778 0.43020833333333336 0.17222222222222222 0.4635416666666667 0.17037037037037037
0 0.09895833333333333 0.31851851851851853 0.13229166666666667 0.32037037037037036 0.13645833333333332 0.3277777777777778 0.13541666666666666 0.34814814814814815 0.12916666666666668 0.3537037037037037 0.11979166666666667 0.35555555555555557 0.09270833333333334 0.35555555555555557 0.0875 0.35 0.08645833333333333 0.3314814814814815 0.08958333333333333 0.32222222222222224 0.09791666666666667 0.32037037037037036
0 0.7447916666666666 0.4759259259259259 0.771875 0.47962962962962963 0.771875 0.5037037037037037 0.7614583333333333 0.5092592592592593 0.7333333333333333 0.5074074074074074 0.7302083333333333 0.5018518518518519 0.73125 0.48148148148148145 0.74375 0.4759259259259259
0 0.9291666666666667 0.08703703703703704 0.9333333333333333 0.09259259259259259 0.9458333333333333 0.1 0.946875 0.1037037037037037 0.9458333333333333 0.11851851851851852 0.9385416666666667 0.13333333333333333 0.9135416666666667 0.12962962962962962 0.9041666666666667 0.12222222222222222 0.9010416666666666 0.11481481481481481 0.9 0.10555555555555556 0.90625 0.09074074074074075 0.928125 0.08703703703703704
0 0.8979166666666667 0.08333333333333333 0.9010416666666666 0.09074074074074075 0.8979166666666667 0.1111111111111111 0.8885416666666667 0.11851851851851852 0.853125 0.11666666666666667 0.8510416666666667 0.11481481481481481 0.8489583333333334 0.1037037037037037 0.85 0.09259259259259259 0.853125 0.08703703703703704 0.8677083333333333 0.08148148148148149 0.896875 0.08333333333333333
0 0.13645833333333332 0.22592592592592592 0.14375 0.23148148148148148 0.14375 0.2518518518518518 0.140625 0.2611111111111111 0.13229166666666667 0.26481481481481484 0.10833333333333334 0.26666666666666666 0.096875 0.26481481481481484 0.09479166666666666 0.2611111111111111 0.09479166666666666 0.23333333333333334 0.10416666666666667 0.22777777777777777 0.13541666666666666 0.22592592592592592
0 0.784375 0.6148148148148148 0.7927083333333333 0.6185185185185185 0.79375 0.6444444444444445 0.7916666666666666 0.6481481481481481 0.7802083333333333 0.6518518518518519 0.7458333333333333 0.65 0.7375 0.6407407407407407 0.7375 0.6222222222222222 0.740625 0.6166666666666667 0.7447916666666666 0.6148148148148148 0.7833333333333333 0.6148148148148148
0 0.9552083333333333 0.3685185185185185 0.9697916666666667 0.37037037037037035 0.9729166666666667 0.37962962962962965 0.971875 0.3925925925925926 0.96875 0.39814814814814814 0.9583333333333334 0.40370370370370373 0.9364583333333333 0.4074074074074074 0.915625 0.40555555555555556 0.9114583333333334 0.39444444444444443 0.9114583333333334 0.38333333333333336 0.9145833333333333 0.37777777777777777 0.925 0.37037037037037035 0.9541666666666667 0.3685185185185185
0 0.29583333333333334 0.6574074074074074 0.3 0.6685185185185185 0.29791666666666666 0.687037037037037 0.28958333333333336 0.6944444444444444 0.2760416666666667 0.6962962962962963 0.25 0.6925925925925925 0.24791666666666667 0.6888888888888889 0.24895833333333334 0.6648148148148149 0.25625 0.6574074074074074 0.2947916666666667 0.6574074074074074
0 0.8807291666666667 0.25555555555555554 0.05520833333333333 0.037037037037037035
0 0.8979166666666667 0.40925925925925927 0.9052083333333333 0.4148148148148148 0.9072916666666667 0.4388888888888889 0.9010416666666666 0.4462962962962963 0.8822916666666667 0.45 0.8583333333333333 0.45 0.8541666666666666 0.44074074074074077 0.853125 0.4203703703703704 0.8552083333333333 0.412962962962963 0.86875 0.40925925925925927 0.896875 0.40925925925925927
0 0.27395833333333336 0.4166666666666667 0.2875 0.4203703703703704 0.28854166666666664 0.43703703703703706 0.284375 0.45185185185185184 0.253125 0.45185185185185184 0.246875 0.4462962962962963 0.24583333333333332 0.42962962962962964 0.24895833333333334 0.4203703703703704 0.253125 0.4166666666666667 0.27291666666666664 0.4166666666666667
0 0.2864583333333333 0.17407407407407408 0.29270833333333335 0.18333333333333332 0.29270833333333335 0.19814814814814816 0.28854166666666664 0.20925925925925926 0.28229166666666666 0.21296296296296297 0.25 0.21296296296296297 0.24583333333333332 0.20555555555555555 0.24479166666666666 0.1962962962962963 0.24791666666666667 0.1814814814814815 0.2552083333333333 0.17407407407407408 0.28541666666666665 0.17407407407407408
0 0.3625 0.8018518518518518 0.3927083333333333 0.8055555555555556 0.3958333333333333 0.812962962962963 0.3958333333333333 0.8296296296296296 0.38958333333333334 0.8388888888888889 0.37083333333333335 0.8388888888888889 0.3489583333333333 0.8333333333333334 0.3489583333333333 0.8111111111111111 0.353125 0.8037037037037037 0.3614583333333333 0.8018518518518518
0 0.778125 0.31666666666666665 0.7833333333333333 0.32592592592592595 0.7833333333333333 0.34074074074074073 0.7760416666666666 0.35185185185185186 0.771875 0.3537037037037037 0.7354166666666667 0.35185185185185186 0.7322916666666667 0.34629629629629627 0.7322916666666667 0.3277777777777778 0.7385416666666667 0.32037037037037036 0.7458333333333333 0.31666666666666665 0.7770833333333333 0.31666666666666665
0 0.057291666666666664 0.562962962962963 0.06979166666666667 0.5648148148148148 0.07395833333333333 0.5740740740740741 0.07291666666666667 0.5925925925925926 0.06354166666666666 0.5981481481481481 0.029166666666666667 0.5981481481481481 0.023958333333333335 0.587037037037037 0.023958333333333335 0.5740740740740741 0.026041666666666668 0.5666666666666667 0.030208333333333334 0.562962962962963 0.05625 0.562962962962963
0 0.23958333333333334 0.5611111111111111 0.24166666666666667 0.5814814814814815 0.23854166666666668 0.5907407407407408 0.209375 0.5944444444444444 0.19895833333333332 0.5925925925925926 0.19479166666666667 0.5888888888888889 0.19375 0.5740740740740741 0.196875 0.5611111111111111 0.23854166666666668 0.5611111111111111
0 0.24479166666666666 0.08703703703703704 0.25 0.08888888888888889 0.25416666666666665 0.09444444444444444 0.25416666666666665 0.12037037037037036 0.2520833333333333 0.12962962962962962 0.24895833333333334 0.13148148148148148 0.21354166666666666 0.12962962962962962 0.20729166666666668 0.1259259259259259 0.20416666666666666 0.11481481481481481 0.20625 0.09074074074074075 0.22083333333333333 0.08518518518518518 0.24375 0.08703703703703704
0 0.4010416666666667 0.6092592592592593 0.4041666666666667 0.6166666666666667 0.4041666666666667 0.6351851851851852 0.4010416666666667 0.6407407407407407 0.3958333333333333 0.6444444444444445 0.37395833333333334 0.6462962962962963 0.36041666666666666 0.6462962962962963 0.35520833333333335 0.6425925925925926 0.353125 0.6314814814814815 0.35520833333333335 0.6129629629629629 0.37083333333333335 0.6074074074074074 0.4 0.6092592592592593
0 0.140625 0.4166666666666667 0.14479166666666668 0.4222222222222222 0.14583333333333334 0.44074074074074077 0.14166666666666666 0.45 0.1375 0.45185185185185184 0.09479166666666666 0.45 0.09166666666666666 0.4444444444444444 0.09166666666666666 0.42962962962962964 0.09375 0.4185185185185185 0.13958333333333334 0.4166666666666667
0 0.5614583333333333 0.5166666666666667 0.5677083333333334 0.524074074074074 0.56875 0.5314814814814814 0.5677083333333334 0.5407407407407407 0.5645833333333333 0.5462962962962963 0.546875 0.5537037037037037 0.5416666666666666 0.5518518518518518 0.5333333333333333 0.5555555555555556 0.521875 0.5555555555555556 0.521875 0.5425925925925926 0.5270833333333333 0.5351851851851852 0.5270833333333333 0.5296296296296297 0.5395833333333333 0.5203703703703704 0.5604166666666667 0.5166666666666667
0 0.909375 0.7574074074074074 0.9135416666666667 0.7666666666666667 0.9125 0.7851851851851852 0.90625 0.7888888888888889 0.884375 0.7907407407407407 0.8666666666666667 0.7888888888888889 0.8625 0.7759259259259259 0.8625 0.7648148148148148 0.865625 0.7592592592592593 0.8916666666666667 0.7555555555555555 0.9083333333333333 0.7574074074074074
0 0.9114583333333334 0.8018518518518518 0.9166666666666666 0.812962962962963 0.915625 0.8296296296296296 0.90625 0.837037037037037 0.8854166666666666 0.8388888888888889 0.8708333333333333 0.837037037037037 0.8635416666666667 0.8222222222222222 0.8635416666666667 0.812962962962963 0.865625 0.8092592592592592 0.8927083333333333 0.8018518518518518 0.9104166666666667 0.8018518518518518
0 0.06458333333333334 0.4666666666666667 0.078125 0.4685185185185185 0.08125 0.4759259259259259 0.08125 0.48518518518518516 0.078125 0.4962962962962963 0.06041666666666667 0.5018518518518519 0.034375 0.4981481481481482 0.03229166666666667 0.49074074074074076 0.03229166666666667 0.4759259259259259 0.034375 0.4703703703703704 0.041666666666666664 0.4666666666666667 0.06354166666666666 0.4666666666666667
0 0.7010416666666667 0.36666666666666664 0.73125 0.36666666666666664 0.7333333333333333 0.3685185185185185 0.73125 0.387037037037037 0.7239583333333334 0.39814814814814814 0.71875 0.40185185185185185 0.690625 0.40555555555555556 0.6802083333333333 0.40370370370370373 0.6760416666666667 0.39444444444444443 0.6760416666666667 0.3814814814814815 0.6822916666666666 0.37037037037037035 0.7 0.36666666666666664
0 0.4479166666666667 0.08333333333333333 0.45729166666666665 0.08333333333333333 0.46145833333333336 0.08888888888888889 0.4625 0.09444444444444444 0.46145833333333336 0.11666666666666667 0.45416666666666666 0.12222222222222222 0.41875 0.12222222222222222 0.41354166666666664 0.11666666666666667 0.41354166666666664 0.09814814814814815 0.4166666666666667 0.08888888888888889 0.425 0.08518518518518518 0.446875 0.08333333333333333
0 0.7109375 0.725 0.053125 0.03518518518518519
0 0.13958333333333334 0.2740740740740741 0.14270833333333333 0.2814814814814815 0.140625 0.3055555555555556 0.1125 0.3111111111111111 0.1 0.3111111111111111 0.09375 0.3055555555555556 0.09375 0.2851851851851852 0.09791666666666667 0.2759259259259259 0.12291666666666666 0.27037037037037037 0.134375 0.27037037037037037 0.13854166666666667 0.2740740740740741
0 0.903125 0.7055555555555556 0.9083333333333333 0.7148148148148148 0.9083333333333333 0.7296296296296296 0.90625 0.7351851851851852 0.9020833333333333 0.7388888888888889 0.884375 0.7407407407407407 0.865625 0.7388888888888889 0.8635416666666667 0.7296296296296296 0.8635416666666667 0.7111111111111111 0.8822916666666667 0.7055555555555556 0.9020833333333333 0.7055555555555556
0 0.4510416666666667 0.3648148148148148 0.4552083333333333 0.36666666666666664 0.459375 0.37962962962962965 0.4583333333333333 0.3907407407407407 0.453125 0.40185185185185185 0.41354166666666664 0.4 0.41041666666666665 0.39814814814814814 0.40625 0.387037037037037 0.4083333333333333 0.37222222222222223 0.41354166666666664 0.3648148148148148 0.45 0.3648148148148148
0 0.0515625 0.7175925925925926 0.04895833333333333 0.03518518518518519
0 0.396875 0.37222222222222223 0.39895833333333336 0.37962962962962965 0.39895833333333336 0.3925925925925926 0.396875 0.39814814814814814 0.37395833333333334 0.40555555555555556 0.35520833333333335 0.40370370370370373 0.3541666666666667 0.387037037037037 0.35833333333333334 0.37592592592592594 0.37604166666666666 0.3685185185185185 0.39375 0.3685185185185185 0.3958333333333333 0.37222222222222223
0 0.2734375 0.24444444444444444 0.051041666666666666 0.040740740740740744
0 0.46041666666666664 0.5555555555555556 0.46145833333333336 0.5777777777777777 0.4583333333333333 0.587037037037037 0.425 0.5925925925925926 0.41354166666666664 0.5888888888888889 0.4114583333333333 0.5703703703703704 0.41458333333333336 0.5611111111111111 0.4239583333333333 0.5574074074074075 0.459375 0.5555555555555556
0 0.07291666666666667 0.23148148148148148 0.084375 0.23333333333333334 0.08854166666666667 0.2388888888888889 0.08854166666666667 0.2611111111111111 0.08125 0.26666666666666666 0.05 0.26666666666666666 0.04479166666666667 0.25925925925925924 0.04375 0.24259259259259258 0.04583333333333333 0.23703703703703705 0.05 0.23333333333333334 0.071875 0.23148148148148148
0 0.95 0.6074074074074074 0.9635416666666666 0.6111111111111112 0.9677083333333333 0.6185185185185185 0.9677083333333333 0.6370370370370371 0.965625 0.6407407407407407 0.959375 0.6425925925925926 0.9260416666666667 0.6407407407407407 0.91875 0.6333333333333333 0.9177083333333333 0.6148148148148148 0.9208333333333333 0.6074074074074074 0.9489583333333333 0.6074074074074074
0 0.2708333333333333 0.8212962962962963 0.052083333333333336 0.03518518518518519
0 0.903125 0.5592592592592592 0.90625 0.5611111111111111 0.909375 0.5703703703703704 0.909375 0.5777777777777777 0.90625 0.5851851851851851 0.89375 0.5907407407407408 0.875 0.5925925925925926 0.865625 0.5907407407407408 0.8625 0.587037037037037 0.8625 0.562962962962963 0.8677083333333333 0.5592592592592592 0.9020833333333333 0.5592592592592592
0 0.6114583333333333 0.562962962962963 0.6229166666666667 0.5666666666666667 0.6239583333333333 0.5907407407407408 0.621875 0.5944444444444444 0.6072916666666667 0.5981481481481481 0.5802083333333333 0.5981481481481481 0.5739583333333333 0.5851851851851851 0.5739583333333333 0.5722222222222222 0.578125 0.5666666666666667 0.6104166666666667 0.562962962962963
0 0.28020833333333334 0.46296296296296297 0.28958333333333336 0.4648148148148148 0.29375 0.4703703703703704 0.29375 0.4925925925925926 0.28958333333333336 0.5 0.24895833333333334 0.4981481481481482 0.24479166666666666 0.4925925925925926 0.24375 0.4740740740740741 0.25 0.46111111111111114 0.2791666666666667 0.46296296296296297
0 0.5604166666666667 0.8685185185185185 0.5635416666666667 0.8796296296296297 0.5614583333333333 0.8944444444444445 0.55625 0.9018518518518519 0.5479166666666667 0.9037037037037037 0.515625 0.9018518518518519 0.5125 0.8925925925925926 0.5125 0.8722222222222222 0.5177083333333333 0.8666666666666667 0.5395833333333333 0.8666666666666667 0.546875 0.8629629629629629 0.5541666666666667 0.8629629629629629 0.559375 0.8685185185185185
0 0.9322916666666666 0.7537037037037037 0.959375 0.7537037037037037 0.9697916666666667 0.7574074074074074 0.9729166666666667 0.7685185185185185 0.9729166666666667 0.7814814814814814 0.9677083333333333 0.7888888888888889 0.9229166666666667 0.7870370370370371 0.9208333333333333 0.774074074074074 0.9208333333333333 0.7574074074074074 0.93125 0.7537037037037037
0 0.12395833333333334 0.7555555555555555 0.12916666666666668 0.7648148148148148 0.12916666666666668 0.7722222222222223 0.12395833333333334 0.7833333333333333 0.12083333333333333 0.7851851851851852 0.084375 0.7851851851851852 0.08229166666666667 0.7796296296296297 0.08229166666666667 0.7666666666666667 0.0875 0.7574074074074074 0.11458333333333333 0.7537037037037037 0.12291666666666666 0.7555555555555555
0 0.40208333333333335 0.22962962962962963 0.40729166666666666 0.23333333333333334 0.409375 0.25555555555555554 0.40729166666666666 0.26296296296296295 0.4 0.26666666666666666 0.36354166666666665 0.26481481481481484 0.36041666666666666 0.2574074074074074 0.36041666666666666 0.24444444444444444 0.3625 0.23703703703703705 0.36875 0.22962962962962963 0.4010416666666667 0.22962962962962963
0 0.26875 0.2740740740740741 0.28958333333333336 0.2740740740740741 0.2947916666666667 0.2777777777777778 0.296875 0.2851851851851852 0.29583333333333334 0.3055555555555556 0.28541666666666665 0.3111111111111111 0.24895833333333334 0.3111111111111111 0.246875 0.3055555555555556 0.246875 0.29074074074074074 0.25 0.2796296296296296 0.253125 0.2759259259259259 0.2677083333333333 0.2759259259259259
0 0.40520833333333334 0.17962962962962964 0.4083333333333333 0.2037037037037037 0.40520833333333334 0.21296296296296297 0.4 0.21481481481481482 0.36666666666666664 0.21481481481481482 0.3625 0.20925925925925926 0.3625 0.19444444444444445 0.365625 0.18333333333333332 0.3697916666666667 0.17962962962962964 0.4041666666666667 0.17962962962962964
0 0.23541666666666666 0.7518518518518519 0.2375 0.7555555555555555 0.2375 0.7759259259259259 0.23541666666666666 0.7814814814814814 0.20729166666666668 0.7870370370370371 0.19166666666666668 0.7851851851851852 0.190625 0.7611111111111111 0.19270833333333334 0.7574074074074074 0.20208333333333334 0.7537037037037037 0.234375 0.7518518518518519
0 0.10885416666666667 0.675 0.051041666666666666 0.03888888888888889
0 0.43020833333333336 0.6092592592592593 0.46041666666666664 0.6203703703703703 0.4625 0.6240740740740741 0.46145833333333336 0.6444444444444445 0.459375 0.65 0.45416666666666666 0.6518518518518519 0.43333333333333335 0.65 0.428125 0.6462962962962963 0.42083333333333334 0.6462962962962963 0.41354166666666664 0.6407407407407407 0.4114583333333333 0.6370370370370371 0.4125 0.6148148148148148 0.41875 0.6074074074074074 0.42916666666666664 0.6092592592592593
0 0.8786458333333333 0.20555555555555555 0.051041666666666666 0.040740740740740744
0 0.5666666666666667 0.08703703703703704 0.56875 0.10185185185185185 0.5677083333333334 0.11666666666666667 0.565625 0.12037037037037036 0.5583333333333333 0.1259259259259259 0.5322916666666667 0.12777777777777777 0.521875 0.1259259259259259 0.5197916666666667 0.12222222222222222 0.51875 0.10925925925925926 0.5260416666666666 0.09259259259259259 0.5364583333333334 0.08518518518518518 0.565625 0.08703703703703704
0 0.23645833333333333 0.6074074074074074 0.240625 0.6092592592592593 0.24270833333333333 0.6148148148148148 0.24270833333333333 0.6314814814814815 0.240625 0.6370370370370371 0.23541666666666666 0.6407407407407407 0.19895833333333332 0.6407407407407407 0.19583333333333333 0.6388888888888888 0.19270833333333334 0.6314814814814815 0.19270833333333334 0.6148148148148148 0.196875 0.6074074074074074 0.23541666666666666 0.6074074074074074
0 0.9010416666666666 0.8537037037037037 0.909375 0.8574074074074074 0.915625 0.8666666666666667 0.915625 0.8870370370370371 0.9125 0.8925925925925926 0.9083333333333333 0.8944444444444445 0.8708333333333333 0.8944444444444445 0.865625 0.8888888888888888 0.8635416666666667 0.8722222222222222 0.8666666666666667 0.8592592592592593 0.9 0.8537037037037037
0 0.453125 0.4166666666666667 0.4552083333333333 0.4222222222222222 0.4552083333333333 0.4388888888888889 0.453125 0.4444444444444444 0.4479166666666667 0.44814814814814813 0.4114583333333333 0.44814814814814813 0.40729166666666666 0.44074074074074077 0.40729166666666666 0.42777777777777776 0.41458333333333336 0.4148148148148148 0.4395833333333333 0.412962962962963 0.45208333333333334 0.4166666666666667
0 0.9083333333333333 0.5111111111111111 0.9145833333333333 0.5222222222222223 0.9135416666666667 0.5425925925925926 0.88125 0.5518518518518518 0.8697916666666666 0.5518518518518518 0.865625 0.5462962962962963 0.8635416666666667 0.5333333333333333 0.8635416666666667 0.5222222222222223 0.865625 0.5185185185185185 0.9072916666666667 0.5111111111111111
0 0.03854166666666667 0.5092592592592593 0.06770833333333333 0.5092592592592593 0.07708333333333334 0.512962962962963 0.078125 0.5259259259259259 0.075 0.5314814814814814 0.07395833333333333 0.5388888888888889 0.071875 0.5425925925925926 0.065625 0.5444444444444444 0.027083333333333334 0.5425925925925926 0.025 0.5388888888888889 0.025 0.5148148148148148 0.027083333333333334 0.5111111111111111 0.0375 0.5092592592592593
0 0.7166666666666667 0.17592592592592593 0.71875 0.17777777777777778 0.7197916666666667 0.19074074074074074 0.7177083333333333 0.2037037037037037 0.7125 0.20925925925925926 0.6791666666666667 0.20925925925925926 0.6760416666666667 0.20185185185185187 0.675 0.18888888888888888 0.678125 0.17962962962962964 0.6854166666666667 0.17592592592592593 0.715625 0.17592592592592593
0 0.13125 0.36666666666666664 0.1375 0.37407407407407406 0.13854166666666667 0.3925925925925926 0.13645833333333332 0.39814814814814814 0.12604166666666666 0.40370370370370373 0.09270833333333334 0.40370370370370373 0.08958333333333333 0.3962962962962963 0.08958333333333333 0.37407407407407406 0.09270833333333334 0.3685185185185185 0.1 0.36666666666666664 0.13020833333333334 0.36666666666666664
0 0.5645833333333333 0.17962962962962964 0.5645833333333333 0.20555555555555555 0.559375 0.21296296296296297 0.521875 0.2111111111111111 0.51875 0.2074074074074074 0.5177083333333333 0.18888888888888888 0.525 0.17777777777777778 0.553125 0.17592592592592593 0.5635416666666667 0.17962962962962964
0 0.28541666666666665 0.31666666666666665 0.28958333333333336 0.32037037037037036 0.290625 0.32592592592592595 0.28958333333333336 0.34814814814814815 0.278125 0.3537037037037037 0.24791666666666667 0.3537037037037037 0.24479166666666666 0.34814814814814815 0.24479166666666666 0.3333333333333333 0.246875 0.32407407407407407 0.25 0.32037037037037036 0.284375 0.31666666666666665
0 0.2755208333333333 0.5768518518518518 0.04895833333333333 0.03888888888888889
0 0.7729166666666667 0.8018518518518518 0.7833333333333333 0.8037037037037037 0.7864583333333334 0.8092592592592592 0.7864583333333334 0.8314814814814815 0.7770833333333333 0.837037037037037 0.74375 0.837037037037037 0.740625 0.8351851851851851 0.7375 0.8277777777777777 0.7364583333333333 0.8148148148148148 0.7395833333333334 0.8074074074074075 0.7625 0.8055555555555556 0.771875 0.8018518518518518
0 0.7291666666666666 0.5296296296296297 0.7322916666666667 0.5388888888888889 0.7322916666666667 0.5537037037037037 0.7302083333333333 0.5574074074074075 0.7166666666666667 0.5648148148148148 0.69375 0.5703703703703704 0.6864583333333333 0.5703703703703704 0.68125 0.5611111111111111 0.68125 0.5462962962962963 0.6854166666666667 0.5388888888888889 0.7052083333333333 0.5351851851851852 0.7177083333333333 0.5277777777777778 0.728125 0.5296296296296297
0 0.9197916666666667 0.7111111111111111 0.9395833333333333 0.7037037037037037 0.9666666666666667 0.7018518518518518 0.9697916666666667 0.7037037037037037 0.975 0.7166666666666667 0.975 0.7314814814814815 0.9697916666666667 0.7388888888888889 0.9270833333333334 0.7407407407407407 0.9208333333333333 0.7351851851851852 0.9197916666666667 0.7129629629629629
0 0.7208333333333333 0.2222222222222222 0.7291666666666666 0.22777777777777777 0.7302083333333333 0.24444444444444444 0.7260416666666667 0.25555555555555554 0.7177083333333333 0.2611111111111111 0.6875 0.25925925925925924 0.6822916666666666 0.2537037037037037 0.6802083333333333 0.24074074074074073 0.68125 0.2351851851851852 0.6885416666666667 0.22407407407407406 0.7197916666666667 0.2222222222222222
0 0.24166666666666667 0.2740740740740741 0.24166666666666667 0.3074074074074074 0.21666666666666667 0.3111111111111111 0.20416666666666666 0.3111111111111111 0.19895833333333332 0.3055555555555556 0.19895833333333332 0.28703703703703703 0.20208333333333334 0.2777777777777778 0.21145833333333333 0.2722222222222222 0.240625 0.2740740740740741
0 0.3802083333333333 0.31666666666666665 0.39479166666666665 0.31851851851851853 0.39895833333333336 0.32222222222222224 0.39895833333333336 0.34444444444444444 0.3958333333333333 0.35185185185185186 0.39166666666666666 0.3537037037037037 0.3625 0.3537037037037037 0.35520833333333335 0.34814814814814815 0.35520833333333335 0.3296296296296296 0.359375 0.32222222222222224 0.3697916666666667 0.31666666666666665 0.37916666666666665 0.31666666666666665
0 0.035416666666666666 0.4222222222222222 0.07604166666666666 0.4185185185185185 0.07916666666666666 0.4203703703703704 0.08125 0.42777777777777776 0.08125 0.4444444444444444 0.07916666666666666 0.45 0.07083333333333333 0.4537037037037037 0.03958333333333333 0.45555555555555555 0.035416666666666666 0.45185185185185184 0.03333333333333333 0.4425925925925926 0.03333333333333333 0.42962962962962964 0.035416666666666666 0.42407407407407405
0 0.12604166666666666 0.8518518518518519 0.13020833333333334 0.8592592592592593 0.12916666666666668 0.8777777777777778 0.121875 0.8870370370370371 0.109375 0.8888888888888888 0.078125 0.8851851851851852 0.07604166666666666 0.8814814814814815 0.07604166666666666 0.8648148148148148 0.078125 0.8574074074074074 0.08854166666666667 0.8518518518518519 0.125 0.8518518518518519
0 0.9359375 0.25092592592592594 0.053125 0.03888888888888889
0 0.94375 0.8037037037037037 0.9614583333333333 0.8037037037037037 0.975 0.8092592592592592 0.978125 0.8203703703703704 0.978125 0.8333333333333334 0.9739583333333334 0.8388888888888889 0.9302083333333333 0.8388888888888889 0.925 0.8351851851851851 0.9197916666666667 0.8166666666666667 0.9208333333333333 0.8092592592592592 0.9239583333333333 0.8055555555555556 0.9427083333333334 0.8037037037037037
0 0.559375 0.8055555555555556 0.5635416666666667 0.8111111111111111 0.5635416666666667 0.8314814814814815 0.559375 0.8388888888888889 0.553125 0.8407407407407408 0.515625 0.8407407407407408 0.5125 0.837037037037037 0.5104166666666666 0.8277777777777777 0.5104166666666666 0.8166666666666667 0.5135416666666667 0.8092592592592592 0.5166666666666667 0.8074074074074075 0.5458333333333333 0.8037037037037037 0.5583333333333333 0.8055555555555556
0 0.41354166666666664 0.4685185185185185 0.42083333333333334 0.4648148148148148 0.459375 0.4648148148148148 0.4625 0.4777777777777778 0.4625 0.4925925925925926 0.45729166666666665 0.5 0.4166666666666667 0.5018518518518519 0.41041666666666665 0.4962962962962963 0.41041666666666665 0.4777777777777778 0.41354166666666664 0.4703703703703704
0 0.3802083333333333 0.08518518518518518 0.4041666666666667 0.08703703703703704 0.40625 0.09074074074074075 0.40729166666666666 0.1111111111111111 0.4041666666666667 0.12222222222222222 0.39791666666666664 0.1259259259259259 0.36770833333333336 0.1259259259259259 0.36354166666666665 0.12037037037037036 0.3625 0.10185185185185185 0.3645833333333333 0.09444444444444444 0.36875 0.08888888888888889 0.37916666666666665 0.08518518518518518
0 0.09375 0.8018518518518518 0.12604166666666666 0.8018518518518518 0.13020833333333334 0.8055555555555556 0.13020833333333334 0.8296296296296296 0.121875 0.8351851851851851 0.08125 0.8333333333333334 0.08020833333333334 0.8092592592592592 0.084375 0.8037037037037037 0.09270833333333334 0.8018518518518518
0 0.73125 0.6166666666666667 0.7322916666666667 0.6333333333333333 0.7302083333333333 0.6462962962962963 0.709375 0.65 0.684375 0.6462962962962963 0.6822916666666666 0.6388888888888888 0.6822916666666666 0.6166666666666667 0.7302083333333333 0.6166666666666667
0 0.7197916666666667 0.45740740740740743 0.7239583333333334 0.46111111111111114 0.7270833333333333 0.47962962962962963 0.7229166666666667 0.49074074074074076 0.715625 0.49444444444444446 0.6770833333333334 0.4925925925925926 0.6697916666666667 0.48333333333333334 0.6697916666666667 0.4759259259259259 0.671875 0.4685185185185185 0.678125 0.46111111111111114 0.690625 0.45740740740740743 0.71875 0.45740740740740743
0 0.5697916666666667 0.6129629629629629 0.571875 0.6185185185185185 0.5708333333333333 0.6407407407407407 0.5677083333333334 0.6444444444444445 0.5572916666666666 0.6462962962962963 0.5291666666666667 0.6462962962962963 0.5270833333333333 0.6407407407407407 0.5270833333333333 0.6203703703703703 0.53125 0.6148148148148148 0.5364583333333334 0.6129629629629629 0.56875 0.6129629629629629
0 0.40520833333333334 0.13703703703703704 0.40729166666666666 0.14629629629629629 0.40729166666666666 0.16111111111111112 0.4041666666666667 0.1685185185185185 0.365625 0.17962962962962964 0.35833333333333334 0.17777777777777778 0.35625 0.17407407407407408 0.35625 0.1574074074074074 0.36041666666666666 0.1425925925925926 0.3885416666666667 0.13333333333333333 0.4 0.13333333333333333 0.4041666666666667 0.13703703703703704
0 0.9458333333333333 0.43796296296296294 0.058333333333333334 0.03888888888888889
0 0.7947916666666667 0.6666666666666666 0.796875 0.6703703703703704 0.7958333333333333 0.6888888888888889 0.790625 0.6925925925925925 0.759375 0.6981481481481482 0.7520833333333333 0.6981481481481482 0.74375 0.6925925925925925 0.7416666666666667 0.6851851851851852 0.7416666666666667 0.674074074074074 0.7447916666666666 0.6666666666666666 0.7489583333333333 0.662962962962963 0.7895833333333333 0.662962962962963 0.79375 0.6666666666666666
0 0.7458333333333333 0.737037037037037 0.7447916666666666 0.7148148148148148 0.7489583333333333 0.7092592592592593 0.7895833333333333 0.7092592592592593 0.7927083333333333 0.7166666666666667 0.7927083333333333 0.7351851851851852 0.7885416666666667 0.7407407407407407 0.7520833333333333 0.7407407407407407 0.746875 0.737037037037037
0 0.9666666666666667 0.8518518518518519 0.9739583333333334 0.8537037037037037 0.978125 0.8611111111111112 0.9791666666666666 0.8833333333333333 0.975 0.8888888888888888 0.9270833333333334 0.8888888888888888 0.9239583333333333 0.8851851851851852 0.9239583333333333 0.8703703703703703 0.921875 0.8592592592592593 0.925 0.8555555555555555 0.965625 0.8518518518518519
0 0.7864583333333334 0.8481481481481481 0.790625 0.8555555555555555 0.7916666666666666 0.8759259259259259 0.7895833333333333 0.8833333333333333 0.7822916666666667 0.8870370370370371 0.7395833333333334 0.8851851851851852 0.7385416666666667 0.8537037037037037 0.7427083333333333 0.85 0.7854166666666667 0.8481481481481481
0 0.23125 0.8055555555555556 0.23333333333333334 0.812962962962963 0.23333333333333334 0.8333333333333334 0.23125 0.837037037037037 0.21666666666666667 0.8388888888888889 0.19166666666666668 0.837037037037037 0.18958333333333333 0.8333333333333334 0.18958333333333333 0.8092592592592592 0.19791666666666666 0.8037037037037037 0.23020833333333332 0.8055555555555556
0 0.9333333333333333 0.18333333333333332 0.9520833333333333 0.18518518518518517 0.95625 0.18703703703703703 0.9572916666666667 0.19074074074074074 0.9572916666666667 0.2074074074074074 0.9552083333333333 0.21666666666666667 0.94375 0.22407407407407406 0.9145833333333333 0.2222222222222222 0.9072916666666667 0.21666666666666667 0.90625 0.19444444444444445 0.9083333333333333 0.19074074074074074 0.9177083333333333 0.18518518518518517 0.9322916666666666 0.18333333333333332
0 0.753125 0.7537037037037037 0.7802083333333333 0.7537037037037037 0.7875 0.7574074074074074 0.790625 0.762962962962963 0.7916666666666666 0.7833333333333333 0.7895833333333333 0.7888888888888889 0.7677083333333333 0.7925925925925926 0.74375 0.7925925925925926 0.7395833333333334 0.7888888888888889 0.7354166666666667 0.7611111111111111 0.7447916666666666 0.7537037037037037 0.7520833333333333 0.7537037037037037
0 0.521875 0.45185185185185184 0.5177083333333333 0.4425925925925926 0.51875 0.42592592592592593 0.5270833333333333 0.4166666666666667 0.54375 0.412962962962963 0.565625 0.412962962962963 0.5677083333333334 0.4166666666666667 0.56875 0.4388888888888889 0.5645833333333333 0.4444444444444444 0.5520833333333334 0.45 0.5322916666666667 0.4537037037037037 0.5229166666666667 0.45185185185185184
0 0.9729166666666667 0.046296296296296294 0.9770833333333333 0.05 0.978125 0.05555555555555555 0.9885416666666667 0.07222222222222222 0.996875 0.1 0.996875 0.10740740740740741 0.9927083333333333 0.11666666666666667 0.9770833333333333 0.12962962962962962 0.96875 0.12407407407407407 0.9604166666666667 0.1037037037037037 0.9541666666666667 0.0962962962962963 0.9479166666666666 0.07777777777777778 0.9479166666666666 0.06851851851851852 0.9520833333333333 0.05925925925925926 0.9645833333333333 0.04814814814814815 0.971875 0.046296296296296294
0 0.2635416666666667 0.016666666666666666 0.275 0.020370370370370372 0.2947916666666667 0.03518518518518519 0.2947916666666667 0.05 0.28958333333333336 0.06666666666666667 0.28229166666666666 0.06666666666666667 0.25104166666666666 0.05 0.25 0.03888888888888889 0.2552083333333333 0.018518518518518517 0.2625 0.016666666666666666
0 0.4317708333333333 0.7185185185185186 0.057291666666666664 0.040740740740740744
0 0.8708333333333333 0 0.875 0.003703703703703704 0.8770833333333333 0.022222222222222223 0.8729166666666667 0.03333333333333333 0.8625 0.04259259259259259 0.8291666666666667 0.03888888888888889 0.825 0.03518518518518519 0.821875 0.014814814814814815 0.8354166666666667 0 0.8697916666666666 0
0 0.6260416666666667 0.6148148148148148 0.6291666666666667 0.6222222222222222 0.6291666666666667 0.6370370370370371 0.621875 0.6481481481481481 0.6135416666666667 0.65 0.578125 0.6481481481481481 0.5760416666666667 0.6462962962962963 0.5739583333333333 0.6370370370370371 0.5739583333333333 0.6203703703703703 0.5802083333333333 0.6148148148148148 0.59375 0.6129629629629629 0.625 0.6148148148148148
0 0.08645833333333333 0.17592592592592593 0.09270833333333334 0.17962962962962964 0.09375 0.18333333333333332 0.09375 0.2074074074074074 0.08958333333333333 0.21296296296296297 0.078125 0.21481481481481482 0.04583333333333333 0.21481481481481482 0.042708333333333334 0.20555555555555555 0.042708333333333334 0.18333333333333332 0.04479166666666667 0.17777777777777778 0.04895833333333333 0.17592592592592593 0.08541666666666667 0.17592592592592593
0 0.0375 0.7481481481481481 0.078125 0.75 0.078125 0.7796296296296297 0.07604166666666666 0.7851851851851852 0.05 0.7907407407407407 0.030208333333333334 0.7907407407407407 0.026041666666666668 0.7851851851851852 0.025 0.7574074074074074 0.030208333333333334 0.75 0.036458333333333336 0.7481481481481481
0 0.6239583333333333 0.5074074074074074 0.6270833333333333 0.5203703703703704 0.6270833333333333 0.5351851851851852 0.625 0.5407407407407407 0.6166666666666667 0.5444444444444444 0.5947916666666667 0.5462962962962963 0.5729166666666666 0.5425925925925926 0.571875 0.5185185185185185 0.5739583333333333 0.5148148148148148 0.5854166666666667 0.5092592592592593 0.6229166666666667 0.5074074074074074
0 0.7145833333333333 0.2777777777777778 0.7197916666666667 0.2796296296296296 0.7239583333333334 0.28703703703703703 0.725 0.3037037037037037 0.7229166666666667 0.3074074074074074 0.709375 0.3148148148148148 0.6885416666666667 0.31851851851851853 0.6802083333333333 0.3148148148148148 0.6791666666666667 0.2962962962962963 0.6822916666666666 0.28888888888888886 0.6864583333333333 0.2851851851851852 0.7135416666666666 0.2777777777777778
0 0.7270833333333333 0.7574074074074074 0.7322916666666667 0.7666666666666667 0.73125 0.7888888888888889 0.7135416666666666 0.7944444444444444 0.690625 0.7962962962962963 0.6854166666666667 0.7962962962962963 0.6833333333333333 0.7925925925925926 0.6833333333333333 0.762962962962963 0.6947916666666667 0.7592592592592593 0.709375 0.7592592592592593 0.7135416666666666 0.7555555555555555 0.7260416666666667 0.7574074074074074
0 0.7885416666666667 0.562962962962963 0.7916666666666666 0.5740740740740741 0.790625 0.5907407407407408 0.7854166666666667 0.5962962962962963 0.775 0.5981481481481481 0.7479166666666667 0.5962962962962963 0.740625 0.5851851851851851 0.7395833333333334 0.5685185185185185 0.7416666666666667 0.5648148148148148 0.75 0.5611111111111111 0.7875 0.562962962962963
0 0.6177083333333333 0.22407407407407406 0.6197916666666666 0.22962962962962963 0.61875 0.25 0.6114583333333333 0.25555555555555554 0.596875 0.25925925925925924 0.5739583333333333 0.2574074074074074 0.5708333333333333 0.2462962962962963 0.571875 0.23333333333333334 0.5822916666666667 0.22037037037037038 0.60625 0.22037037037037038 0.6166666666666667 0.22407407407407406
0 0.12708333333333333 0.7074074074074074 0.12916666666666668 0.7111111111111111 0.12916666666666668 0.7296296296296296 0.12083333333333333 0.7388888888888889 0.08541666666666667 0.7351851851851852 0.08333333333333333 0.7314814814814815 0.08229166666666667 0.7185185185185186 0.08333333333333333 0.7129629629629629 0.0875 0.7074074074074074 0.12604166666666666 0.7074074074074074
0 0.9 0.32407407407407407 0.9041666666666667 0.32592592592592595 0.90625 0.3314814814814815 0.9052083333333333 0.34814814814814815 0.9010416666666666 0.3537037037037037 0.890625 0.3592592592592593 0.8791666666666667 0.3611111111111111 0.8572916666666667 0.3592592592592593 0.8520833333333333 0.34629629629629627 0.8541666666666666 0.3333333333333333 0.8625 0.32592592592592595 0.8989583333333333 0.32407407407407407
0 0.621875 0.8111111111111111 0.625 0.8222222222222222 0.6239583333333333 0.8388888888888889 0.6104166666666667 0.8444444444444444 0.575 0.8444444444444444 0.5677083333333334 0.8333333333333334 0.5708333333333333 0.8166666666666667 0.5791666666666667 0.8111111111111111 0.6208333333333333 0.8111111111111111
0 0.075 0.6296296296296297 0.078125 0.6314814814814815 0.07916666666666666 0.6481481481481481 0.07708333333333334 0.6611111111111111 0.07395833333333333 0.6648148148148149 0.03854166666666667 0.662962962962963 0.03229166666666667 0.6592592592592592 0.030208333333333334 0.6518518518518519 0.030208333333333334 0.6370370370370371 0.03333333333333333 0.6277777777777778 0.042708333333333334 0.6259259259259259 0.05520833333333333 0.6296296296296297 0.07395833333333333 0.6296296296296297
0 0.13229166666666667 0.524074074074074 0.134375 0.5314814814814814 0.134375 0.5518518518518518 0.13020833333333334 0.5574074074074075 0.084375 0.562962962962963 0.078125 0.562962962962963 0.07604166666666666 0.5592592592592592 0.075 0.5388888888888889 0.078125 0.5296296296296297 0.11875 0.5222222222222223 0.13125 0.524074074074074
0 0.284375 0.3611111111111111 0.290625 0.3648148148148148 0.29270833333333335 0.37037037037037035 0.2916666666666667 0.3925925925925926 0.2864583333333333 0.39814814814814814 0.2708333333333333 0.4 0.24791666666666667 0.39814814814814814 0.24375 0.387037037037037 0.24583333333333332 0.37037037037037035 0.2520833333333333 0.362962962962963 0.2833333333333333 0.3611111111111111
0 0.22708333333333333 0.8611111111111112 0.22916666666666666 0.8648148148148148 0.22916666666666666 0.8833333333333333 0.225 0.8907407407407407 0.21458333333333332 0.8925925925925926 0.21041666666666667 0.8962962962962963 0.18645833333333334 0.8944444444444445 0.184375 0.8907407407407407 0.18541666666666667 0.8666666666666667 0.203125 0.8611111111111112 0.22604166666666667 0.8611111111111112
0 0.9302083333333333 0.5555555555555556 0.965625 0.5648148148148148 0.9677083333333333 0.5722222222222222 0.9677083333333333 0.5888888888888889 0.965625 0.5944444444444444 0.9604166666666667 0.5962962962962963 0.9354166666666667 0.5962962962962963 0.9166666666666666 0.5907407407407408 0.9135416666666667 0.5796296296296296 0.9145833333333333 0.5666666666666667 0.9208333333333333 0.5574074074074075 0.9291666666666667 0.5555555555555556
0 0.9135416666666667 0.6129629629629629 0.9145833333333333 0.6296296296296297 0.9104166666666667 0.6407407407407407 0.890625 0.6444444444444445 0.8614583333333333 0.6444444444444445 0.8572916666666667 0.6314814814814815 0.8583333333333333 0.6148148148148148 0.8645833333333334 0.6111111111111112 0.9125 0.6129629629629629
0 0.09375 0.03518518518518519 0.05625 0.04814814814814815
0 0.13984375 0.9523148148148148 0.05677083333333333 0.041666666666666664
0 0.26901041666666664 0.8703703703703703 0.06302083333333333 0.05185185185185185
0 0.40546875 0.8870370370370371 0.09010416666666667 0.05555555555555555
0 0.5427083333333333 0.7245370370370371 0.0625 0.05648148148148148
0 0.5419270833333333 0.48333333333333334 0.0609375 0.040740740740740744
0 0.6075520833333333 0.3337962962962963 0.07760416666666667 0.06388888888888888
0 0.7666666666666667 0.3912037037037037 0.0625 0.049074074074074076
0 0.7653645833333333 0.18518518518518517 0.0828125 0.05555555555555555
0 0.8854166666666666 0.4828703703703704 0.06666666666666667 0.05092592592592592
0 0.22005208333333334 0.38287037037037036 0.05260416666666667 0.05462962962962963
0 0.5432291666666667 0.38287037037037036 0.059375 0.04351851851851852