0 0.8888020833333333 0.12638888888888888 0.8934895833333333 0.12916666666666668 0.8955729166666667 0.13657407407407407 0.89765625 0.1648148148148148 0.8979166666666667 0.2212962962962963 0.89453125 0.23981481481481481 0.88359375 0.24305555555555555 0.87421875 0.24074074074074073 0.8697916666666666 0.2300925925925926 0.8684895833333334 0.15046296296296297 0.8697916666666666 0.13703703703703704 0.87265625 0.12916666666666668 0.8791666666666667 0.1259259259259259 0.8885416666666667 0.12638888888888888
0 0.8088541666666667 0.10462962962962963 0.81484375 0.10694444444444444 0.81953125 0.11574074074074074 0.82265625 0.15694444444444444 0.8208333333333333 0.19583333333333333 0.81796875 0.20324074074074075 0.8106770833333333 0.2064814814814815 0.7997395833333333 0.20416666666666666 0.7942708333333334 0.19305555555555556 0.7963541666666667 0.18287037037037038 0.7963541666666667 0.16620370370370371 0.7940104166666667 0.12731481481481483 0.7966145833333333 0.11527777777777778 0.8005208333333333 0.10787037037037037 0.80859375 0.10462962962962963
0 0.7390625 0.25601851851851853 0.7453125 0.25833333333333336 0.7484375 0.26296296296296295 0.7510416666666667 0.2791666666666667 0.7528645833333333 0.3523148148148148 0.7513020833333334 0.3592592592592593 0.7450520833333333 0.3611111111111111 0.7333333333333333 0.36018518518518516 0.7268229166666667 0.3486111111111111 0.7247395833333333 0.2722222222222222 0.7307291666666667 0.25833333333333336 0.7388020833333333 0.25601851851851853
0 0.06354166666666666 0.15092592592592594 0.06822916666666666 0.15416666666666667 0.071875 0.16157407407407406 0.07109375 0.18518518518518517 0.06536458333333334 0.20694444444444443 0.062239583333333334 0.24212962962962964 0.0578125 0.2537037037037037 0.05078125 0.2569444444444444 0.04296875 0.25416666666666665 0.036458333333333336 0.24583333333333332 0.0375 0.2125 0.046875 0.15648148148148147 0.05260416666666667 0.15 0.06328125 0.15092592592592594
0 0.703125 0.25324074074074077 0.7083333333333334 0.2569444444444444 0.7106770833333333 0.2638888888888889 0.7111979166666667 0.3490740740740741 0.70703125 0.35694444444444445 0.6997395833333333 0.35833333333333334 0.6890625 0.35509259259259257 0.6864583333333333 0.3486111111111111 0.6854166666666667 0.26481481481481484 0.6888020833333334 0.25416666666666665 0.7028645833333333 0.25324074074074077
0 0.9643229166666667 0.12685185185185185 0.97109375 0.13287037037037036 0.97421875 0.1398148148148148 0.97578125 0.20185185185185187 0.97421875 0.22870370370370371 0.965625 0.23657407407407408 0.9541666666666667 0.23472222222222222 0.9471354166666667 0.22361111111111112 0.9466145833333334 0.16435185185185186 0.9447916666666667 0.15833333333333333 0.94609375 0.14074074074074075 0.95 0.1310185185185185 0.9565104166666667 0.1259259259259259 0.9640625 0.12685185185185185
0 0.8453125 0.13518518518518519 0.8565104166666667 0.13842592592592592 0.8591145833333333 0.15787037037037038 0.8580729166666666 0.21944444444444444 0.8544270833333333 0.23148148148148148 0.8484375 0.23472222222222222 0.83515625 0.2324074074074074 0.8315104166666667 0.22175925925925927 0.8322916666666667 0.1439814814814815 0.8348958333333333 0.13703703703703704 0.8450520833333334 0.13518518518518519
0 0.8174479166666667 0.5523148148148148 0.821875 0.5569444444444445 0.8244791666666667 0.5699074074074074 0.8255208333333334 0.6513888888888889 0.8223958333333333 0.6601851851851852 0.8140625 0.6638888888888889 0.80234375 0.6620370370370371 0.7981770833333334 0.6532407407407408 0.79921875 0.6194444444444445 0.796875 0.5712962962962963 0.8002604166666667 0.5532407407407407 0.8171875 0.5523148148148148
0 0.6854166666666667 0.3939814814814815 0.68984375 0.4009259259259259 0.7028645833333333 0.4777777777777778 0.7028645833333333 0.487962962962963 0.7005208333333334 0.4962962962962963 0.6872395833333333 0.5046296296296297 0.6815104166666667 0.5027777777777778 0.6770833333333334 0.49398148148148147 0.6643229166666667 0.41805555555555557 0.66484375 0.4060185185185185 0.6682291666666667 0.39861111111111114 0.6765625 0.39351851851851855 0.68515625 0.3939814814814815
0 0.8583333333333333 0.6935185185185185 0.8666666666666667 0.6981481481481482 0.8713541666666667 0.7134259259259259 0.8729166666666667 0.8041666666666667 0.8705729166666667 0.8111111111111111 0.8661458333333333 0.8138888888888889 0.8473958333333333 0.8101851851851852 0.8434895833333333 0.7935185185185185 0.8442708333333333 0.7407407407407407 0.8416666666666667 0.7268518518518519 0.8419270833333333 0.7074074074074074 0.8489583333333334 0.6953703703703704 0.8580729166666666 0.6935185185185185
0 0.5895833333333333 0.2439814814814815 0.5986979166666667 0.24814814814814815 0.6015625 0.28194444444444444 0.6010416666666667 0.35555555555555557 0.59609375 0.3662037037037037 0.58984375 0.36944444444444446 0.578125 0.36712962962962964 0.5734375 0.3592592592592593 0.57265625 0.3490740740740741 0.5744791666666667 0.2537037037037037 0.578125 0.24583333333333332 0.5893229166666667 0.2439814814814815
0 0.62109375 0.5435185185185185 0.6283854166666667 0.5467592592592593 0.6315104166666666 0.5574074074074075 0.634375 0.6310185185185185 0.6328125 0.6541666666666667 0.6278645833333333 0.6615740740740741 0.6213541666666667 0.662962962962963 0.6119791666666666 0.6615740740740741 0.6072916666666667 0.6546296296296297 0.6036458333333333 0.575462962962963 0.60390625 0.5574074074074075 0.6057291666666667 0.549074074074074 0.609375 0.5449074074074074 0.6208333333333333 0.5435185185185185
0 0.6643229166666667 0.12407407407407407 0.6713541666666667 0.12685185185185185 0.67421875 0.13703703703703704 0.675 0.22407407407407406 0.6721354166666667 0.23148148148148148 0.6614583333333334 0.2388888888888889 0.64921875 0.23425925925925925 0.64609375 0.22685185185185186 0.6455729166666667 0.21898148148148147 0.65078125 0.1300925925925926 0.6549479166666666 0.125 0.6640625 0.12407407407407407
0 0.7796875 0.5527777777777778 0.78515625 0.5564814814814815 0.7875 0.5638888888888889 0.7903645833333334 0.6370370370370371 0.7885416666666667 0.6546296296296297 0.7794270833333333 0.6606481481481481 0.76875 0.6587962962962963 0.7645833333333333 0.65 0.7614583333333333 0.586574074074074 0.7627604166666667 0.5601851851851852 0.7692708333333333 0.5537037037037037 0.7794270833333333 0.5527777777777778
0 0.5911458333333334 0.12268518518518519 0.5979166666666667 0.12638888888888888 0.6 0.13518518518518519 0.5989583333333334 0.20879629629629629 0.59609375 0.22685185185185186 0.58671875 0.2351851851851852 0.5770833333333333 0.23148148148148148 0.571875 0.22037037037037038 0.5736979166666667 0.14212962962962963 0.5744791666666667 0.12962962962962962 0.5768229166666666 0.125 0.5908854166666667 0.12268518518518519
0 0.8572916666666667 0.5555555555555556 0.86640625 0.5592592592592592 0.8684895833333334 0.5685185185185185 0.86640625 0.6597222222222222 0.8630208333333333 0.6731481481481482 0.8572916666666667 0.6787037037037037 0.8421875 0.675 0.83828125 0.6685185185185185 0.8372395833333334 0.6615740740740741 0.8419270833333333 0.5703703703703704 0.846875 0.5569444444444445 0.85703125 0.5555555555555556
0 0.8973958333333333 0.562962962962963 0.9028645833333333 0.5662037037037037 0.9052083333333333 0.5712962962962963 0.9075520833333334 0.6439814814814815 0.9052083333333333 0.6657407407407407 0.9010416666666666 0.6708333333333333 0.8950520833333333 0.6722222222222223 0.8833333333333333 0.6708333333333333 0.8796875 0.6648148148148149 0.8783854166666667 0.5740740740740741 0.8794270833333333 0.5666666666666667 0.88203125 0.5638888888888889 0.8971354166666666 0.562962962962963
0 0.7 0.6847222222222222 0.70703125 0.6884259259259259 0.71171875 0.7027777777777777 0.71171875 0.775 0.709375 0.8 0.7052083333333333 0.8037037037037037 0.6854166666666667 0.8013888888888889 0.68125 0.7916666666666666 0.6846354166666667 0.6935185185185185 0.68984375 0.6851851851851852 0.6997395833333333 0.6847222222222222
0 0.7385416666666667 0.6953703703703704 0.7427083333333333 0.6981481481481482 0.7455729166666667 0.7064814814814815 0.7494791666666667 0.7824074074074074 0.74609375 0.7907407407407407 0.734375 0.7935185185185185 0.7265625 0.7925925925925926 0.7236979166666667 0.7865740740740741 0.7190104166666667 0.7277777777777777 0.7192708333333333 0.7064814814814815 0.7236979166666667 0.6976851851851852 0.73828125 0.6953703703703704
0 0.3765625 0.6064814814814815 0.38776041666666666 0.612037037037037 0.39140625 0.6222222222222222 0.38697916666666665 0.6736111111111112 0.37890625 0.7203703703703703 0.37395833333333334 0.725462962962963 0.36380208333333336 0.725462962962963 0.35859375 0.7208333333333333 0.35546875 0.7125 0.3572916666666667 0.6791666666666667 0.3653645833333333 0.6226851851851852 0.3703125 0.6092592592592593 0.3763020833333333 0.6069444444444444
0 0.9997395833333333 0.14953703703703702 0.9997395833333333 0.20324074074074075 0.9973958333333334 0.20277777777777778 0.9940104166666667 0.16620370370370371 0.9942708333333333 0.1597222222222222 0.9994791666666667 0.14953703703703702
0 0.7015625 0.12546296296296297 0.7080729166666667 0.12824074074074074 0.7098958333333333 0.13518518518518519 0.71015625 0.20972222222222223 0.7067708333333333 0.2199074074074074 0.6981770833333333 0.22314814814814815 0.6890625 0.22175925925925927 0.6848958333333334 0.21296296296296297 0.6856770833333333 0.13333333333333333 0.6893229166666667 0.12731481481481483 0.7013020833333333 0.12546296296296297
0 0.6591145833333333 0.2671296296296296 0.6684895833333333 0.26990740740740743 0.671875 0.2824074074074074 0.6708333333333333 0.3439814814814815 0.6692708333333334 0.35185185185185186 0.6651041666666667 0.3541666666666667 0.6481770833333333 0.3527777777777778 0.6458333333333334 0.3453703703703704 0.6473958333333333 0.27546296296296297 0.65078125 0.26851851851851855 0.6588541666666666 0.2671296296296296
0 0.54453125 0.5361111111111111 0.5567708333333333 0.5393518518518519 0.559375 0.5458333333333333 0.5583333333333333 0.6370370370370371 0.5546875 0.6518518518518519 0.5479166666666667 0.6550925925925926 0.5359375 0.6527777777777778 0.5328125 0.649074074074074 0.53125 0.6412037037037037 0.5338541666666666 0.5430555555555555 0.5359375 0.537962962962963 0.5442708333333334 0.5361111111111111
0 0.78828125 0.4046296296296296 0.8315104166666667 0.4111111111111111 0.83984375 0.4148148148148148 0.8419270833333333 0.41805555555555557 0.8427083333333333 0.42777777777777776 0.8419270833333333 0.4486111111111111 0.8393229166666667 0.4550925925925926 0.83203125 0.45925925925925926 0.7830729166666667 0.4537037037037037 0.7763020833333333 0.449537037037037 0.7723958333333333 0.4388888888888889 0.77265625 0.41944444444444445 0.7776041666666667 0.4078703703703704 0.7880208333333333 0.4046296296296296
0 0.6231770833333333 0.23935185185185184 0.6348958333333333 0.2439814814814815 0.6380208333333334 0.25462962962962965 0.6375 0.30462962962962964 0.6390625 0.32546296296296295 0.6369791666666667 0.3453703703703704 0.6299479166666667 0.35138888888888886 0.6229166666666667 0.3523148148148148 0.6158854166666666 0.3509259259259259 0.6119791666666666 0.3449074074074074 0.61171875 0.2513888888888889 0.6151041666666667 0.24305555555555555 0.6229166666666667 0.23981481481481481
0 0.9361979166666666 0.5527777777777778 0.940625 0.5560185185185185 0.9453125 0.5680555555555555 0.94765625 0.6055555555555555 0.9473958333333333 0.6648148148148149 0.94375 0.674074074074074 0.9369791666666667 0.6768518518518518 0.9255208333333333 0.675 0.9200520833333333 0.6652777777777777 0.915625 0.5712962962962963 0.9166666666666666 0.5606481481481481 0.92109375 0.5546296296296296 0.9359375 0.5527777777777778
0 0.6619791666666667 0.6962962962962963 0.6684895833333333 0.6981481481481482 0.67265625 0.7037037037037037 0.6734375 0.7550925925925925 0.6721354166666667 0.7902777777777777 0.6697916666666667 0.8032407407407407 0.66171875 0.812037037037037 0.65078125 0.8106481481481481 0.64609375 0.8046296296296296 0.6447916666666667 0.7597222222222222 0.64609375 0.711574074074074 0.65234375 0.6967592592592593 0.66171875 0.6962962962962963
0 0.8528645833333334 0.25 0.8578125 0.25416666666666665 0.8614583333333333 0.26435185185185184 0.8638020833333333 0.2824074074074074 0.8661458333333333 0.3384259259259259 0.8627604166666667 0.35324074074074074 0.8455729166666667 0.35648148148148145 0.8408854166666667 0.3537037037037037 0.83828125 0.34629629629629627 0.834375 0.2625 0.83828125 0.25324074074074077 0.8526041666666667 0.25
0 0.7778645833333333 0.23703703703703705 0.7859375 0.24305555555555555 0.7901041666666667 0.2587962962962963 0.78984375 0.33564814814814814 0.7869791666666667 0.3453703703703704 0.7809895833333333 0.3486111111111111 0.7669270833333334 0.3453703703703704 0.7630208333333334 0.33194444444444443 0.7627604166666667 0.2513888888888889 0.7671875 0.24074074074074073 0.7776041666666667 0.23703703703703705
0 0.73984375 0.5393518518518519 0.7463541666666667 0.5416666666666666 0.7497395833333333 0.5462962962962963 0.7505208333333333 0.6055555555555555 0.7486979166666666 0.6375 0.7442708333333333 0.6439814814814815 0.7390625 0.6458333333333334 0.7263020833333333 0.6412037037037037 0.7244791666666667 0.6347222222222222 0.7244791666666667 0.6217592592592592 0.7255208333333333 0.5467592592592593 0.73046875 0.5407407407407407 0.7395833333333334 0.5393518518518519
0 0.6231770833333333 0.10601851851851851 0.6299479166666667 0.10833333333333334 0.634375 0.11481481481481481 0.63671875 0.13287037037037036 0.6375 0.18564814814814815 0.6341145833333334 0.2125 0.6263020833333334 0.21944444444444444 0.61640625 0.21898148148148147 0.6109375 0.21296296296296297 0.6096354166666667 0.20555555555555555 0.6106770833333334 0.11898148148148148 0.6151041666666667 0.10925925925925926 0.6229166666666667 0.10648148148148148
0 0.9645833333333333 0.25092592592592594 0.97109375 0.25555555555555554 0.97421875 0.2625 0.9765625 0.2916666666666667 0.975 0.3527777777777778 0.971875 0.3597222222222222 0.96484375 0.3638888888888889 0.9533854166666667 0.3625 0.9497395833333333 0.3592592592592593 0.94375 0.3453703703703704 0.94609375 0.300462962962963 0.94453125 0.26944444444444443 0.9505208333333334 0.25416666666666665 0.9643229166666667 0.25092592592592594
0 0.7036458333333333 0.5578703703703703 0.7114583333333333 0.5606481481481481 0.71328125 0.5671296296296297 0.7143229166666667 0.6199074074074075 0.7135416666666666 0.625 0.7106770833333333 0.6268518518518519 0.6927083333333334 0.6263888888888889 0.6893229166666667 0.6194444444444445 0.6911458333333333 0.5990740740740741 0.6903645833333333 0.5634259259259259 0.69296875 0.5597222222222222 0.7033854166666667 0.5578703703703703
0 0.6270833333333333 0.687037037037037 0.6315104166666666 0.6921296296296297 0.63359375 0.7055555555555556 0.63515625 0.7828703703703703 0.6307291666666667 0.8111111111111111 0.6276041666666666 0.8148148148148148 0.6205729166666667 0.8157407407407408 0.609375 0.8134259259259259 0.6044270833333333 0.8037037037037037 0.6046875 0.7689814814814815 0.6075520833333333 0.7550925925925925 0.60703125 0.7092592592592593 0.6091145833333333 0.6925925925925925 0.6111979166666667 0.6888888888888889 0.61640625 0.6861111111111111 0.6268229166666667 0.687037037037037
0 0.7825520833333334 0.6847222222222222 0.7875 0.6893518518518519 0.7893229166666667 0.6995370370370371 0.7921875 0.7842592592592592 0.78828125 0.8004629629629629 0.7799479166666666 0.8074074074074075 0.7700520833333333 0.8041666666666667 0.76328125 0.7925925925925926 0.76171875 0.7087962962962963 0.7653645833333333 0.6861111111111111 0.7822916666666667 0.6847222222222222
0 0.5421875 0.6787037037037037 0.55234375 0.6851851851851852 0.5541666666666667 0.6976851851851852 0.5536458333333333 0.7833333333333333 0.5505208333333333 0.7925925925925926 0.5434895833333333 0.7967592592592593 0.5296875 0.7935185185185185 0.5270833333333333 0.7851851851851852 0.52578125 0.7652777777777777 0.5260416666666666 0.6921296296296297 0.5309895833333333 0.6814814814814815 0.5419270833333333 0.6787037037037037
0 0.8145833333333333 0.23981481481481481 0.8203125 0.24305555555555555 0.8223958333333333 0.24953703703703703 0.8244791666666667 0.26805555555555555 0.825 0.31666666666666665 0.8213541666666667 0.32685185185185184 0.8106770833333333 0.3287037037037037 0.8036458333333333 0.32731481481481484 0.8002604166666667 0.3212962962962963 0.8013020833333333 0.2884259259259259 0.7986979166666667 0.2550925925925926 0.8036458333333333 0.2412037037037037 0.8143229166666667 0.23981481481481481
0 0.7770833333333333 0.12083333333333333 0.7825520833333334 0.12453703703703704 0.7838541666666666 0.12916666666666668 0.7859375 0.2 0.7830729166666667 0.2175925925925926 0.7734375 0.22453703703703703 0.7645833333333333 0.22268518518518518 0.7622395833333333 0.21388888888888888 0.7578125 0.20972222222222223 0.7583333333333333 0.1712962962962963 0.75625 0.14027777777777778 0.7572916666666667 0.13055555555555556 0.7609375 0.12268518518518519 0.7768229166666667 0.12083333333333333
0 0.8940104166666667 0.25787037037037036 0.9020833333333333 0.2601851851851852 0.9078125 0.26851851851851855 0.9104166666666667 0.2898148148148148 0.91328125 0.29814814814814816 0.9111979166666667 0.30694444444444446 0.9130208333333333 0.3458333333333333 0.91171875 0.36342592592592593 0.9044270833333333 0.37083333333333335 0.890625 0.37083333333333335 0.88359375 0.3648148148148148 0.8807291666666667 0.35833333333333334 0.88046875 0.3490740740740741 0.8830729166666667 0.3388888888888889 0.8825520833333333 0.3055555555555556 0.878125 0.28564814814814815 0.8838541666666667 0.26342592592592595 0.89375 0.25833333333333336
0 0.5848958333333333 0.6916666666666667 0.5927083333333333 0.6958333333333333 0.5955729166666667 0.7097222222222223 0.5932291666666667 0.725925925925926 0.5927083333333333 0.8018518518518518 0.5893229166666667 0.8175925925925925 0.58125 0.8208333333333333 0.5716145833333334 0.8194444444444444 0.5677083333333334 0.8143518518518519 0.5651041666666666 0.7953703703703704 0.56640625 0.7648148148148148 0.5684895833333333 0.7541666666666667 0.5700520833333333 0.6990740740740741 0.57421875 0.6925925925925925 0.5846354166666666 0.6916666666666667
0 0.9861979166666667 0.44212962962962965 0.9927083333333333 0.44722222222222224 0.99765625 0.46111111111111114 0.9997395833333333 0.462037037037037 0.9997395833333333 0.5421296296296296 0.9947916666666666 0.5365740740740741 0.9864583333333333 0.5194444444444445 0.9666666666666667 0.4708333333333333 0.9669270833333333 0.4597222222222222 0.9705729166666667 0.4527777777777778 0.9802083333333333 0.4425925925925926 0.9859375 0.44212962962962965
0 0.8140625 0.6893518518518519 0.8247395833333333 0.6972222222222222 0.8260416666666667 0.7125 0.8255208333333334 0.7898148148148149 0.8213541666666667 0.7981481481481482 0.8151041666666666 0.8009259259259259 0.8020833333333334 0.7967592592592593 0.7994791666666666 0.7925925925925926 0.7981770833333334 0.7828703703703703 0.7979166666666667 0.7013888888888888 0.8018229166666667 0.6921296296296297 0.8138020833333334 0.6893518518518519