0 0.8942708333333333 0.12407407407407407 0.896875 0.13148148148148148 0.8989583333333333 0.1648148148148148 0.8986979166666667 0.22361111111111112 0.8947916666666667 0.23657407407407408 0.8848958333333333 0.23935185185185184 0.8760416666666667 0.23796296296296296 0.871875 0.22824074074074074 0.8721354166666667 0.19490740740740742 0.86953125 0.15 0.8723958333333334 0.1300925925925926 0.875 0.12453703703703704 0.8815104166666666 0.12175925925925926 0.8940104166666667 0.12407407407407407
0 0.7770833333333333 0.1162037037037037 0.7828125 0.11851851851851852 0.7846354166666667 0.12314814814814815 0.7848958333333333 0.15462962962962962 0.7877604166666666 0.18611111111111112 0.78671875 0.2050925925925926 0.7833333333333333 0.2162037037037037 0.7736979166666667 0.2212962962962963 0.76484375 0.2162037037037037 0.76015625 0.20694444444444443 0.75859375 0.13657407407407407 0.7619791666666667 0.11944444444444445 0.7768229166666667 0.1162037037037037
0 0.62265625 0.6768518518518518 0.6299479166666667 0.6782407407407407 0.6338541666666667 0.6824074074074075 0.63671875 0.7189814814814814 0.6364583333333333 0.7833333333333333 0.6346354166666667 0.8004629629629629 0.63203125 0.8083333333333333 0.62578125 0.812037037037037 0.61015625 0.8083333333333333 0.6072916666666667 0.8037037037037037 0.60546875 0.7930555555555555 0.6078125 0.7754629629629629 0.6059895833333333 0.7583333333333333 0.60859375 0.6995370370370371 0.6161458333333333 0.6782407407407407 0.6223958333333334 0.6768518518518518
0 0.85546875 0.24675925925925926 0.8611979166666667 0.25416666666666665 0.8638020833333333 0.2625 0.8674479166666667 0.324537037037037 0.8651041666666667 0.34814814814814815 0.8552083333333333 0.3523148148148148 0.8450520833333334 0.35185185185185186 0.8408854166666667 0.34629629629629627 0.8356770833333333 0.2662037037037037 0.8359375 0.25833333333333336 0.8419270833333333 0.24768518518518517 0.8552083333333333 0.24675925925925926
0 0.08489583333333334 0.21296296296296297 0.09921875 0.21851851851851853 0.10208333333333333 0.225 0.10130208333333333 0.2412037037037037 0.09609375 0.26296296296296295 0.0953125 0.2935185185185185 0.09166666666666666 0.30694444444444446 0.08854166666666667 0.3101851851851852 0.08359375 0.3074074074074074 0.07786458333333333 0.2902777777777778 0.07421875 0.28888888888888886 0.07057291666666667 0.2935185185185185 0.0640625 0.2865740740740741 0.07630208333333334 0.2199074074074074 0.07864583333333333 0.21435185185185185 0.08463541666666667 0.21296296296296297
0 0.7044270833333334 0.25 0.709375 0.25277777777777777 0.71171875 0.25833333333333336 0.7138020833333333 0.32916666666666666 0.7109375 0.35 0.7 0.3541666666666667 0.6924479166666667 0.3527777777777778 0.68828125 0.3472222222222222 0.6861979166666666 0.28194444444444444 0.6890625 0.2523148148148148 0.7041666666666667 0.25
0 0.7028645833333333 0.12129629629629629 0.7109375 0.12638888888888888 0.7125 0.18287037037037038 0.7106770833333333 0.2125 0.70703125 0.2175925925925926 0.7018229166666666 0.21944444444444444 0.6890625 0.21666666666666667 0.68671875 0.2101851851851852 0.6869791666666667 0.13333333333333333 0.6893229166666667 0.12407407407407407 0.7026041666666667 0.12129629629629629
0 0.96640625 0.12268518518518519 0.9721354166666667 0.12638888888888888 0.9760416666666667 0.13703703703703704 0.97734375 0.21666666666666667 0.9739583333333334 0.2273148148148148 0.9651041666666667 0.2337962962962963 0.95625 0.2310185185185185 0.9489583333333333 0.21944444444444444 0.946875 0.1527777777777778 0.9479166666666666 0.13703703703703704 0.9526041666666667 0.12546296296296297 0.9591145833333333 0.12175925925925926 0.9661458333333334 0.12268518518518519
0 0.8122395833333333 0.10092592592592593 0.8171875 0.10416666666666667 0.8216145833333334 0.11296296296296296 0.8252604166666667 0.1648148148148148 0.8216145833333334 0.19583333333333333 0.8184895833333333 0.20046296296296295 0.8130208333333333 0.2023148148148148 0.8013020833333333 0.2 0.7963541666666667 0.19212962962962962 0.7981770833333334 0.18009259259259258 0.796875 0.11574074074074074 0.8005208333333333 0.1050925925925926 0.8119791666666667 0.10092592592592593
0 0.8182291666666667 0.5481481481481482 0.821875 0.5504629629629629 0.8247395833333333 0.5569444444444445 0.8268229166666666 0.5847222222222223 0.8263020833333333 0.6513888888888889 0.82421875 0.6569444444444444 0.8182291666666667 0.6592592592592592 0.8036458333333333 0.6578703703703703 0.8 0.6513888888888889 0.80078125 0.6050925925925926 0.7984375 0.5675925925925925 0.80078125 0.55 0.81796875 0.5481481481481482
0 0.8596354166666667 0.6893518518518519 0.8661458333333333 0.6907407407407408 0.86953125 0.6949074074074074 0.87265625 0.7129629629629629 0.8736979166666666 0.8 0.87109375 0.8069444444444445 0.8635416666666667 0.8101851851851852 0.85234375 0.8087962962962963 0.84765625 0.8046296296296296 0.84453125 0.7958333333333333 0.84375 0.7861111111111111 0.8453125 0.7652777777777777 0.8432291666666667 0.7069444444444445 0.8484375 0.6925925925925925 0.859375 0.6893518518518519
0 0.90078125 0.25462962962962965 0.9057291666666667 0.25787037037037036 0.9091145833333333 0.26435185185185184 0.9151041666666667 0.2967592592592593 0.91328125 0.30324074074074076 0.9138020833333333 0.35648148148148145 0.9114583333333334 0.362962962962963 0.9015625 0.3675925925925926 0.8880208333333334 0.3648148148148148 0.8825520833333333 0.35555555555555557 0.884375 0.33240740740740743 0.8833333333333333 0.29259259259259257 0.8794270833333333 0.28425925925925927 0.8833333333333333 0.2638888888888889 0.8861979166666667 0.25833333333333336 0.8924479166666667 0.25462962962962965 0.9005208333333333 0.25462962962962965
0 0.54765625 0.5328703703703703 0.5588541666666667 0.5361111111111111 0.5606770833333333 0.5407407407407407 0.5598958333333334 0.6370370370370371 0.55703125 0.6481481481481481 0.5515625 0.6513888888888889 0.5369791666666667 0.6481481481481481 0.5333333333333333 0.6375 0.5361979166666667 0.537962962962963 0.53984375 0.5337962962962963 0.5473958333333333 0.5328703703703703
0 0.6263020833333334 0.5407407407407407 0.6317708333333333 0.5472222222222223 0.63359375 0.5583333333333333 0.6364583333333333 0.6425925925925926 0.6338541666666667 0.6532407407407408 0.6231770833333333 0.6606481481481481 0.61484375 0.6601851851851852 0.6091145833333333 0.6509259259259259 0.6065104166666667 0.6129629629629629 0.6057291666666667 0.5527777777777778 0.6067708333333334 0.5467592592592593 0.6098958333333333 0.5425925925925926 0.6260416666666667 0.5407407407407407
0 0.8950520833333333 0.5583333333333333 0.9052083333333333 0.5638888888888889 0.9078125 0.5875 0.9080729166666667 0.6518518518518519 0.9044270833333333 0.6652777777777777 0.8989583333333333 0.6675925925925926 0.8838541666666667 0.6657407407407407 0.8809895833333333 0.6615740740740741 0.88046875 0.6537037037037037 0.8802083333333334 0.5652777777777778 0.88359375 0.5597222222222222 0.8947916666666667 0.5583333333333333
0 0.7419270833333333 0.2523148148148148 0.7486979166666666 0.2569444444444444 0.7518229166666667 0.2652777777777778 0.7546875 0.34629629629629627 0.7515625 0.35509259259259257 0.7411458333333333 0.3574074074074074 0.7333333333333333 0.35555555555555557 0.7296875 0.34814814814814815 0.7255208333333333 0.27175925925925926 0.7302083333333333 0.2569444444444444 0.7416666666666667 0.2523148148148148
0 0.6661458333333333 0.11990740740740741 0.67265625 0.12268518518518519 0.6763020833333333 0.1361111111111111 0.6768229166666667 0.1986111111111111 0.67578125 0.22083333333333333 0.6739583333333333 0.2263888888888889 0.6622395833333333 0.2351851851851852 0.6565104166666667 0.23425925925925925 0.6494791666666667 0.22777777777777777 0.6471354166666666 0.21805555555555556 0.6473958333333333 0.20462962962962963 0.6520833333333333 0.12962962962962962 0.6567708333333333 0.12129629629629629 0.6658854166666667 0.11990740740740741
0 0.77890625 0.5486111111111112 0.7864583333333334 0.5523148148148148 0.78984375 0.5615740740740741 0.7921875 0.6365740740740741 0.78984375 0.6518518518518519 0.7765625 0.6569444444444444 0.7692708333333333 0.6541666666666667 0.765625 0.6430555555555556 0.765625 0.6046296296296296 0.7627604166666667 0.5680555555555555 0.765625 0.5537037037037037 0.7786458333333334 0.5486111111111112
0 0.5919270833333333 0.11898148148148148 0.5981770833333333 0.12175925925925926 0.60078125 0.12638888888888888 0.6013020833333333 0.2 0.5994791666666667 0.22083333333333333 0.58984375 0.23148148148148148 0.5828125 0.2310185185185185 0.57734375 0.2263888888888889 0.57421875 0.2199074074074074 0.5734375 0.20601851851851852 0.57578125 0.12638888888888888 0.578125 0.12129629629629629 0.5916666666666667 0.11898148148148148
0 0.8559895833333333 0.5509259259259259 0.8661458333333333 0.5541666666666667 0.8700520833333333 0.5657407407407408 0.86953125 0.6273148148148148 0.8666666666666667 0.6606481481481481 0.86328125 0.6699074074074074 0.8565104166666667 0.674074074074074 0.8453125 0.6722222222222223 0.8411458333333334 0.6685185185185185 0.8390625 0.6611111111111111 0.84140625 0.5833333333333334 0.84375 0.5648148148148148 0.8481770833333333 0.5523148148148148 0.8557291666666667 0.5509259259259259
0 0.5888020833333333 0.23981481481481481 0.5986979166666667 0.24166666666666667 0.6010416666666667 0.24583333333333332 0.603125 0.33564814814814814 0.60234375 0.35324074074074074 0.6 0.36064814814814816 0.5955729166666667 0.36527777777777776 0.5888020833333333 0.36666666666666664 0.5815104166666667 0.3662037037037037 0.5783854166666667 0.362962962962963 0.5744791666666667 0.3527777777777778 0.5739583333333333 0.3416666666666667 0.57734375 0.24583333333333332 0.5817708333333333 0.2412037037037037 0.5885416666666666 0.23981481481481481
0 0.9380208333333333 0.549537037037037 0.9447916666666667 0.5578703703703703 0.9471354166666667 0.5671296296296297 0.9489583333333333 0.6504629629629629 0.946875 0.6689814814814815 0.9359375 0.6736111111111112 0.92578125 0.6712962962962963 0.9213541666666667 0.6615740740740741 0.9174479166666667 0.6125 0.9192708333333334 0.6013888888888889 0.9169270833333333 0.5851851851851851 0.9166666666666666 0.5643518518518519 0.9182291666666667 0.5564814814814815 0.92265625 0.5504629629629629 0.9377604166666667 0.549537037037037
0 0.5848958333333333 0.687962962962963 0.5924479166666666 0.6907407407407408 0.5963541666666666 0.6976851851851852 0.5958333333333333 0.7726851851851851 0.59296875 0.8078703703703703 0.5880208333333333 0.8143518518518519 0.5825520833333333 0.8166666666666667 0.5776041666666667 0.8166666666666667 0.5708333333333333 0.8115740740740741 0.56796875 0.8037037037037037 0.5674479166666667 0.7907407407407407 0.571875 0.6958333333333333 0.5747395833333333 0.6898148148148148 0.5846354166666666 0.687962962962963
0 0.6994791666666667 0.6810185185185185 0.7096354166666666 0.6851851851851852 0.7130208333333333 0.6990740740740741 0.7119791666666667 0.7907407407407407 0.7106770833333333 0.7967592592592593 0.70390625 0.8 0.68828125 0.7981481481481482 0.684375 0.7949074074074074 0.6828125 0.7898148148148149 0.6859375 0.6925925925925925 0.6901041666666666 0.6824074074074075 0.69921875 0.6810185185185185
0 0.740625 0.6921296296296297 0.7455729166666667 0.6967592592592593 0.7479166666666667 0.7064814814814815 0.7510416666666667 0.7768518518518519 0.7481770833333333 0.7865740740740741 0.7393229166666667 0.7893518518518519 0.7296875 0.7888888888888889 0.7260416666666667 0.7851851851851852 0.7205729166666667 0.7064814814814815 0.7213541666666666 0.6995370370370371 0.72421875 0.6944444444444444 0.7403645833333333 0.6921296296296297
0 0.546875 0.6759259259259259 0.5515625 0.6787037037037037 0.5541666666666667 0.6851851851851852 0.55546875 0.7722222222222223 0.553125 0.7861111111111111 0.5453125 0.7939814814814815 0.5361979166666667 0.7925925925925926 0.5317708333333333 0.788425925925926 0.52890625 0.7805555555555556 0.5278645833333333 0.6976851851851852 0.52890625 0.6861111111111111 0.5322916666666667 0.6782407407407407 0.5395833333333333 0.675 0.5466145833333333 0.6759259259259259
0 0.77734375 0.8462962962962963 0.8205729166666667 0.8486111111111111 0.8244791666666667 0.8555555555555555 0.82578125 0.8759259259259259 0.8244791666666667 0.8898148148148148 0.82109375 0.8939814814814815 0.7770833333333333 0.8953703703703704 0.7653645833333333 0.8953703703703704 0.75859375 0.8921296296296296 0.7546875 0.8865740740740741 0.7536458333333333 0.8689814814814815 0.7541666666666667 0.8550925925925926 0.7572916666666667 0.8486111111111111 0.7653645833333333 0.8453703703703703 0.7770833333333333 0.8462962962962963
0 0.665625 0.26435185185185184 0.6721354166666667 0.2689814814814815 0.6747395833333333 0.2912037037037037 0.6723958333333333 0.3453703703703704 0.6674479166666667 0.3509259259259259 0.65234375 0.350462962962963 0.6479166666666667 0.3453703703703704 0.65 0.2689814814814815 0.65390625 0.26481481481481484 0.6653645833333334 0.26435185185185184
0 0.74140625 0.07546296296296297 0.746875 0.07777777777777778 0.7510416666666667 0.08564814814814815 0.7515625 0.1287037037037037 0.7455729166666667 0.1884259259259259 0.7421875 0.19537037037037036 0.7377604166666667 0.19814814814814816 0.7208333333333333 0.1935185185185185 0.7182291666666667 0.18101851851851852 0.7221354166666667 0.15092592592592594 0.7244791666666667 0.09953703703703703 0.72734375 0.0837962962962963 0.7309895833333333 0.07685185185185185 0.7411458333333333 0.07546296296296297
0 0.725 0.3773148148148148 0.7541666666666667 0.3814814814814815 0.7588541666666667 0.38657407407407407 0.76015625 0.39351851851851855 0.7591145833333334 0.42083333333333334 0.75703125 0.425462962962963 0.7515625 0.42685185185185187 0.7052083333333333 0.42314814814814816 0.6986979166666667 0.4185185185185185 0.6971354166666667 0.39861111111111114 0.7 0.38101851851851853 0.7078125 0.3763888888888889 0.7247395833333333 0.3773148148148148
0 0.6315104166666666 0.23703703703703705 0.6369791666666667 0.24212962962962964 0.6395833333333333 0.2513888888888889 0.6385416666666667 0.30185185185185187 0.640625 0.324537037037037 0.6377604166666667 0.34305555555555556 0.6278645833333333 0.3490740740740741 0.61953125 0.3486111111111111 0.6138020833333333 0.34120370370370373 0.6127604166666667 0.2490740740740741 0.6184895833333334 0.2375 0.63125 0.23703703703703705
0 0.6622395833333333 0.9712962962962963 0.665625 0.9736111111111111 0.6716145833333333 0.9856481481481482 0.6734375 0.999537037037037 0.6442708333333333 0.999537037037037 0.6455729166666667 0.9842592592592593 0.6494791666666667 0.9736111111111111 0.6619791666666667 0.9712962962962963
0 0.8541666666666666 0.13240740740740742 0.8580729166666666 0.13518518518518519 0.8606770833333334 0.14351851851851852 0.8609375 0.20185185185185187 0.8588541666666667 0.22407407407407406 0.85078125 0.2310185185185185 0.83828125 0.2300925925925926 0.8341145833333333 0.22361111111111112 0.8341145833333333 0.14351851851851852 0.8348958333333333 0.13657407407407407 0.8377604166666667 0.13240740740740742 0.85390625 0.13240740740740742
0 0.74140625 0.5365740740740741 0.75078125 0.5430555555555555 0.7520833333333333 0.5712962962962963 0.75078125 0.5921296296296297 0.75234375 0.6023148148148149 0.7494791666666667 0.6356481481481482 0.7411458333333333 0.6421296296296296 0.7309895833333333 0.6407407407407407 0.72734375 0.6361111111111111 0.7260416666666667 0.6027777777777777 0.7270833333333333 0.5425925925925926 0.7307291666666667 0.5375 0.7411458333333333 0.5365740740740741
0 0.7075520833333333 0.5550925925925926 0.7127604166666667 0.5574074074074075 0.71484375 0.5652777777777778 0.715625 0.6189814814814815 0.7135416666666666 0.6222222222222222 0.6973958333333333 0.6236111111111111 0.6916666666666667 0.6203703703703703 0.6932291666666667 0.5958333333333333 0.6919270833333333 0.5601851851851852 0.6958333333333333 0.5560185185185185 0.7072916666666667 0.5550925925925926
0 0.6270833333333333 0.10277777777777777 0.6338541666666667 0.10740740740740741 0.6369791666666667 0.11574074074074074 0.6388020833333333 0.15416666666666667 0.6377604166666667 0.20324074074074075 0.6348958333333333 0.2111111111111111 0.6276041666666666 0.21666666666666667 0.6197916666666666 0.21666666666666667 0.6122395833333333 0.20925925925925926 0.6106770833333334 0.18564814814814815 0.6130208333333333 0.1125 0.6190104166666667 0.10416666666666667 0.6268229166666667 0.10277777777777777
0 0.96796875 0.24768518518518517 0.97421875 0.2537037037037037 0.97734375 0.27175925925925926 0.9770833333333333 0.33935185185185185 0.9763020833333333 0.3486111111111111 0.9734375 0.35555555555555557 0.9643229166666667 0.36018518518518516 0.9526041666666667 0.35648148148148145 0.9455729166666667 0.3449074074074074 0.9473958333333333 0.3023148148148148 0.9458333333333333 0.2689814814814815 0.9518229166666666 0.25092592592592594 0.95859375 0.24675925925925926 0.9677083333333333 0.24768518518518517
0 0.8221354166666667 0.687962962962963 0.8265625 0.6953703703703704 0.8276041666666667 0.7138888888888889 0.8268229166666666 0.7828703703703703 0.825 0.7916666666666666 0.8143229166666667 0.7976851851851852 0.803125 0.7916666666666666 0.8 0.7819444444444444 0.8015625 0.7472222222222222 0.7994791666666666 0.6962962962962963 0.8026041666666667 0.6884259259259259 0.8057291666666667 0.6865740740740741 0.821875 0.687962962962963
0 0.7838541666666666 0.6805555555555556 0.7901041666666667 0.6875 0.7916666666666666 0.6949074074074074 0.7934895833333333 0.7828703703703703 0.78984375 0.7972222222222223 0.7799479166666666 0.8032407407407407 0.76875 0.799537037037037 0.7651041666666667 0.7898148148148149 0.7658854166666667 0.7652777777777777 0.7635416666666667 0.7055555555555556 0.7669270833333334 0.6833333333333333 0.78359375 0.6805555555555556
0 0.6692708333333334 0.6944444444444444 0.67421875 0.6990740740740741 0.6752604166666667 0.7055555555555556 0.67421875 0.7805555555555556 0.66953125 0.8018518518518518 0.6640625 0.8078703703703703 0.6510416666666666 0.8069444444444445 0.646875 0.799537037037037 0.6471354166666666 0.7236111111111111 0.6510416666666666 0.6935185185185185 0.6690104166666667 0.6944444444444444
0 0.8203125 0.2375 0.8247395833333333 0.2513888888888889 0.8263020833333333 0.2708333333333333 0.8260416666666667 0.3138888888888889 0.8244791666666667 0.3212962962962963 0.8161458333333333 0.324537037037037 0.80703125 0.32407407407407407 0.8020833333333334 0.31712962962962965 0.80234375 0.2800925925925926 0.8002604166666667 0.25 0.8049479166666667 0.23796296296296296 0.8200520833333333 0.2375
0 0.7799479166666666 0.23333333333333334 0.7861979166666667 0.2375 0.790625 0.24675925925925926 0.7921875 0.2935185185185185 0.7911458333333333 0.3347222222222222 0.7875 0.34305555555555556 0.7802083333333333 0.3458333333333333 0.7690104166666667 0.34305555555555556 0.765625 0.337037037037037 0.7638020833333333 0.26296296296296295 0.7658854166666667 0.24166666666666667 0.7744791666666667 0.23333333333333334 0.7796875 0.23333333333333334
0 0.59921875 0.41388888888888886 0.61015625 0.42268518518518516 0.6145833333333334 0.43148148148148147 0.6359375 0.449537037037037 0.64453125 0.4601851851851852 0.6458333333333334 0.4699074074074074 0.6440104166666667 0.47962962962962963 0.63984375 0.49398148148148147 0.63515625 0.4986111111111111 0.61953125 0.48935185185185187 0.58125 0.45046296296296295 0.58046875 0.43703703703703706 0.5846354166666666 0.4212962962962963 0.5895833333333333 0.41388888888888886 0.5989583333333334 0.41388888888888886