0 0.11302083333333333 0.3388888888888889 0.05520833333333333 0.040740740740740744
0 0.7057291666666666 0.24166666666666667 0.051041666666666666 0.046296296296296294
0 0.5927083333333333 0.23981481481481481 0.058333333333333334 0.04259259259259259
0 0.11979166666666667 0.2898148148148148 0.05416666666666667 0.04259259259259259
0 0.43125 0.28888888888888886 0.05 0.040740740740740744
0 0.6005208333333333 0.8287037037037037 0.05520833333333333 0.03888888888888889
0 0.8765625 0.2537037037037037 0.057291666666666664 0.040740740740740744
0 0.8786458333333333 0.4287037037037037 0.05520833333333333 0.04259259259259259
0 0.8765625 0.3435185185185185 0.059375 0.04259259259259259
0 0.7630208333333334 0.38981481481481484 0.06354166666666666 0.04259259259259259
0 0.9380208333333333 0.5740740740740741 0.05520833333333333 0.040740740740740744
0 0.3765625 0.3861111111111111 0.051041666666666666 0.04259259259259259
0 0.9348958333333334 0.24722222222222223 0.04895833333333333 0.03888888888888889
0 0.2755208333333333 0.2916666666666667 0.051041666666666666 0.03888888888888889
0 0.60234375 0.5310185185185186 0.0578125 0.04351851851851852
0 0.9427083333333334 0.3861111111111111 0.06458333333333334 0.03888888888888889
0 0.6171875 0.8768518518518519 0.06354166666666666 0.046296296296296294
0 0.9427083333333334 0.6240740740740741 0.05416666666666667 0.040740740740740744
0 0.2796875 0.24259259259259258 0.04479166666666667 0.040740740740740744
0 0.42916666666666664 0.774074074074074 0.058333333333333334 0.040740740740740744
0 0.2708333333333333 0.337037037037037 0.04583333333333333 0.037037037037037035
0 0.05364583333333333 0.5268518518518519 0.05520833333333333 0.03888888888888889
0 0.5369791666666667 0.8222222222222222 0.06145833333333333 0.044444444444444446
0 0.7635416666666667 0.18703703703703703 0.07708333333333334 0.05185185185185185
0 0.40572916666666664 0.8824074074074074 0.09270833333333334 0.05
0 0.6 0.5768518518518518 0.05 0.04259259259259259
0 0.275 0.675 0.05625 0.04259259259259259
0 0.21927083333333333 0.575925925925926 0.04895833333333333 0.040740740740740744
0 0.7692708333333333 0.6805555555555556 0.06145833333333333 0.03518518518518519
0 0.8864583333333333 0.48148148148148145 0.06666666666666667 0.037037037037037035
0 0.058333333333333334 0.43703703703703706 0.052083333333333336 0.040740740740740744
0 0.7078125 0.7222222222222222 0.053125 0.040740740740740744
0 0.9442708333333333 0.43703703703703706 0.06145833333333333 0.037037037037037035
0 0.5411458333333333 0.7240740740740741 0.06354166666666666 0.040740740740740744
0 0.9322916666666666 0.20185185185185187 0.04791666666666667 0.040740740740740744
0 0.12083333333333333 0.4351851851851852 0.05416666666666667 0.037037037037037035
0 0.4322916666666667 0.7166666666666667 0.0625 0.040740740740740744
0 0.7604166666666666 0.3351851851851852 0.05416666666666667 0.040740740740740744
0 0.8864583333333333 0.5324074074074074 0.058333333333333334 0.03888888888888889
0 0.4375 0.5740740740740741 0.05625 0.040740740740740744
0 0.10677083333333333 0.8694444444444445 0.06145833333333333 0.03888888888888889
0 0.8760416666666667 0.20462962962962963 0.052083333333333336 0.03888888888888889
0 0.20208333333333334 0.9611111111111111 0.06041666666666667 0.044444444444444446
0 0.7640625 0.5768518518518518 0.057291666666666664 0.04259259259259259
0 0.7682291666666666 0.7222222222222222 0.057291666666666664 0.037037037037037035
0 0.7619791666666667 0.8675925925925926 0.06354166666666666 0.04259259259259259
0 0.10677083333333333 0.5407407407407407 0.06770833333333333 0.044444444444444446
0 0.7010416666666667 0.29907407407407405 0.05 0.03888888888888889
0 0.8822916666666667 0.625 0.058333333333333334 0.04259259259259259
0 0.052083333333333336 0.7175925925925926 0.052083333333333336 0.03148148148148148
0 0.2755208333333333 0.575925925925926 0.051041666666666666 0.040740740740740744
0 0.9416666666666667 0.2935185185185185 0.05625 0.03888888888888889
0 0.209375 0.8777777777777778 0.05 0.044444444444444446
0 0.27239583333333334 0.8212962962962963 0.05520833333333333 0.03518518518518519
0 0.11302083333333333 0.6731481481481482 0.051041666666666666 0.03888888888888889
0 0.057291666666666664 0.48333333333333334 0.05416666666666667 0.037037037037037035
0 0.5359375 0.8851851851851852 0.06145833333333333 0.044444444444444446
0 0.9510416666666667 0.8694444444444445 0.058333333333333334 0.03888888888888889
0 0.37395833333333334 0.8203703703703704 0.052083333333333336 0.040740740740740744
0 0.540625 0.48518518518518516 0.0625 0.040740740740740744
0 0.12552083333333333 0.387037037037037 0.036458333333333336 0.040740740740740744
0 0.5979166666666667 0.7805555555555556 0.058333333333333334 0.04259259259259259
0 0.4348958333333333 0.38425925925925924 0.05520833333333333 0.03888888888888889
0 0.2708333333333333 0.3824074074074074 0.05 0.04259259259259259
0 0.7671875 0.6314814814814815 0.059375 0.040740740740740744
0 0.8817708333333333 0.5740740740740741 0.051041666666666666 0.040740740740740744
0 0.4328125 0.4324074074074074 0.05520833333333333 0.03888888888888889
0 0.9489583333333333 0.7694444444444445 0.05416666666666667 0.03888888888888889
0 0.3807291666666667 0.337037037037037 0.04895833333333333 0.040740740740740744
0 0.1125 0.7212962962962963 0.04375 0.03518518518518519
0 0.5395833333333333 0.3851851851851852 0.05625 0.040740740740740744
0 0.11614583333333334 0.4824074074074074 0.04895833333333333 0.03518518518518519
0 0.37916666666666665 0.6277777777777778 0.052083333333333336 0.044444444444444446
0 0.7635416666666667 0.8212962962962963 0.052083333333333336 0.03518518518518519
0 0.603125 0.6296296296296297 0.058333333333333334 0.040740740740740744
0 0.2203125 0.33611111111111114 0.046875 0.04259259259259259
0 0.759375 0.24444444444444444 0.05 0.040740740740740744
0 0.10989583333333333 0.8175925925925925 0.053125 0.03518518518518519
0 0.8885416666666667 0.8175925925925925 0.052083333333333336 0.04259259259259259
0 0.6010416666666667 0.42685185185185187 0.058333333333333334 0.046296296296296294
0 0.7541666666666667 0.487962962962963 0.04791666666666667 0.04259259259259259
0 0.2171875 0.7675925925925926 0.053125 0.03518518518518519
0 0.8736979166666666 0.10694444444444444 0.059895833333333336 0.05462962962962963
0 0.06875 0.25092592592592594 0.05 0.03518518518518519
0 0.26875 0.4351851851851852 0.05 0.037037037037037035
0 0.5770833333333333 0.337037037037037 0.13333333333333333 0.05185185185185185
0 0.2708333333333333 0.8712962962962963 0.05416666666666667 0.03888888888888889
0 0.3854166666666667 0.19814814814814816 0.04583333333333333 0.040740740740740744
0 0.42604166666666665 0.48148148148148145 0.03333333333333333 0.040740740740740744
0 0.2708333333333333 0.47962962962962963 0.05625 0.040740740740740744
0 0.23177083333333334 0.1125 0.06354166666666666 0.05462962962962963
0 0.06145833333333333 0.2953703703703704 0.052083333333333336 0.04259259259259259
0 0.9494791666666667 0.8175925925925925 0.057291666666666664 0.03518518518518519
0 0.5421875 0.43333333333333335 0.053125 0.040740740740740744
0 0.10989583333333333 0.7694444444444445 0.046875 0.03888888888888889
0 0.21875 0.387037037037037 0.05 0.040740740740740744
0 0.05572916666666667 0.6453703703703704 0.05520833333333333 0.03888888888888889
0 0.43802083333333336 0.6287037037037037 0.05520833333333333 0.05
0 0.7046875 0.6305555555555555 0.053125 0.03888888888888889
0 0.41822916666666665 0.03888888888888889 0.05520833333333333 0.040740740740740744
0 0.44166666666666665 0.19074074074074074 0.05625 0.044444444444444446
0 0.22083333333333333 0.29074074074074074 0.04791666666666667 0.040740740740740744
0 0.3854166666666667 0.24722222222222223 0.05 0.03888888888888889
0 0.21927083333333333 0.6240740740740741 0.051041666666666666 0.040740740740740744
0 0.8875 0.7703703703703704 0.052083333333333336 0.03333333333333333
0 0.7 0.387037037037037 0.05625 0.040740740740740744
0 0.5473958333333333 0.6296296296296297 0.051041666666666666 0.040740740740740744
0 0.12447916666666667 0.2462962962962963 0.051041666666666666 0.037037037037037035
0 0.7645833333333333 0.7731481481481481 0.06041666666666667 0.04259259259259259
0 0.05364583333333333 0.7694444444444445 0.05520833333333333 0.04259259259259259
0 0.0515625 0.5824074074074074 0.05520833333333333 0.03888888888888889
0 0.44166666666666665 0.11157407407407408 0.058333333333333334 0.05277777777777778
0 0.9450520833333333 0.7203703703703703 0.0640625 0.040740740740740744
0 0.5434895833333333 0.11203703703703703 0.0578125 0.06481481481481481
0 0.6973958333333333 0.18981481481481483 0.04895833333333333 0.05
0 0.7 0.475 0.0625 0.05
0 0.7072916666666667 0.7722222222222223 0.05625 0.044444444444444446
0 0.8895833333333333 0.8731481481481481 0.05625 0.046296296296296294
0 0.9921875 0.262037037037037 0.015625 0.10185185185185185
0 0.22083333333333333 0.5305555555555556 0.052083333333333336 0.03888888888888889