0 0.8869791666666667 0.11388888888888889 0.8940104166666667 0.11666666666666667 0.8963541666666667 0.12361111111111112 0.8989583333333333 0.18055555555555555 0.8981770833333333 0.2212962962962963 0.8958333333333334 0.22777777777777777 0.8880208333333334 0.23148148148148148 0.8763020833333334 0.2300925925925926 0.87109375 0.2199074074074074 0.8697916666666666 0.1925925925925926 0.8713541666666667 0.1787037037037037 0.8684895833333334 0.14444444444444443 0.8731770833333333 0.11805555555555555 0.88671875 0.11388888888888889
0 0.8140625 0.09351851851851851 0.81875 0.09861111111111111 0.8216145833333334 0.10925925925925926 0.8234375 0.14907407407407408 0.8213541666666667 0.18611111111111112 0.81875 0.1925925925925926 0.8119791666666667 0.19537037037037036 0.8005208333333333 0.19305555555555556 0.79609375 0.18518518518518517 0.7973958333333333 0.14722222222222223 0.7950520833333333 0.11435185185185186 0.79765625 0.10231481481481482 0.8015625 0.09537037037037037 0.8138020833333334 0.09351851851851851
0 0.6276041666666666 0.6759259259259259 0.6315104166666666 0.6796296296296296 0.6338541666666667 0.6884259259259259 0.6359375 0.7569444444444444 0.6317708333333333 0.7962962962962963 0.6299479166666667 0.8013888888888889 0.6234375 0.8041666666666667 0.61015625 0.8018518518518518 0.6052083333333333 0.7930555555555555 0.60703125 0.7652777777777777 0.60546875 0.7472222222222222 0.6078125 0.6967592592592593 0.61015625 0.6819444444444445 0.6125 0.6773148148148148 0.61875 0.674074074074074 0.62734375 0.6759259259259259
0 0.8614583333333333 0.9888888888888889 0.8674479166666667 0.999537037037037 0.840625 0.999537037037037 0.8455729166666667 0.9884259259259259 0.8611979166666667 0.9888888888888889
0 0.85234375 0.23796296296296296 0.8598958333333333 0.24444444444444444 0.86328125 0.25787037037037036 0.86640625 0.32731481481481484 0.86328125 0.34120370370370373 0.84921875 0.3453703703703704 0.8416666666666667 0.34305555555555556 0.8390625 0.3347222222222222 0.8348958333333333 0.2513888888888889 0.8408854166666667 0.23981481481481481 0.8520833333333333 0.23796296296296296
0 0.7416666666666667 0.2449074074074074 0.74765625 0.24861111111111112 0.7513020833333334 0.25925925925925924 0.7536458333333333 0.33101851851851855 0.75234375 0.34629629629629627 0.7432291666666667 0.350462962962963 0.7338541666666667 0.35 0.7291666666666666 0.3449074074074074 0.725 0.2662037037037037 0.72890625 0.25092592592592594 0.734375 0.24583333333333332 0.74140625 0.2449074074074074
0 0.7041666666666667 0.24212962962962964 0.7080729166666667 0.24444444444444444 0.7114583333333333 0.2513888888888889 0.7114583333333333 0.3384259259259259 0.7098958333333333 0.3435185185185185 0.7020833333333333 0.34675925925925927 0.6921875 0.3458333333333333 0.6872395833333333 0.3384259259259259 0.68515625 0.2689814814814815 0.6861979166666666 0.2513888888888889 0.6885416666666667 0.2439814814814815 0.6950520833333333 0.24074074074074073 0.70390625 0.24212962962962964
0 0.9609375 0.11388888888888889 0.971875 0.11944444444444445 0.9752604166666666 0.1259259259259259 0.9760416666666667 0.13333333333333333 0.9763020833333333 0.2125 0.9744791666666667 0.21898148148148147 0.965625 0.22546296296296298 0.9580729166666667 0.225 0.9520833333333333 0.22083333333333333 0.9479166666666666 0.2064814814814815 0.9466145833333334 0.13287037037037036 0.95078125 0.11944444444444445 0.9606770833333333 0.11388888888888889
0 0.8166666666666667 0.5407407407407407 0.8208333333333333 0.5430555555555555 0.8244791666666667 0.5546296296296296 0.8263020833333333 0.5861111111111111 0.8252604166666667 0.6453703703703704 0.8213541666666667 0.6509259259259259 0.8166666666666667 0.6523148148148148 0.8041666666666667 0.6513888888888889 0.7997395833333333 0.6453703703703704 0.7973958333333333 0.5662037037037037 0.79765625 0.5537037037037037 0.8005208333333333 0.5430555555555555 0.81640625 0.5407407407407407
0 0.86015625 0.6824074074074075 0.8677083333333333 0.6875 0.8708333333333333 0.6967592592592593 0.8731770833333333 0.7472222222222222 0.8729166666666667 0.7930555555555555 0.8697916666666666 0.8 0.8638020833333333 0.8023148148148148 0.8489583333333334 0.799537037037037 0.84375 0.7800925925925926 0.84453125 0.725925925925926 0.8421875 0.6962962962962963 0.84765625 0.6847222222222222 0.8598958333333333 0.6824074074074075
0 0.9010416666666666 0.24768518518518517 0.9057291666666667 0.25092592592592594 0.9098958333333333 0.26157407407407407 0.9138020833333333 0.2861111111111111 0.9125 0.30185185185185187 0.9140625 0.3236111111111111 0.9119791666666667 0.35324074074074074 0.9015625 0.36064814814814816 0.88984375 0.3587962962962963 0.88125 0.3453703703703704 0.8833333333333333 0.3287037037037037 0.8833333333333333 0.2898148148148148 0.8783854166666667 0.2759259259259259 0.8828125 0.2569444444444444 0.8859375 0.25092592592592594 0.8901041666666667 0.24768518518518517 0.90078125 0.24768518518518517
0 0.6684895833333333 0.11296296296296296 0.6731770833333334 0.11712962962962963 0.6752604166666667 0.12685185185185185 0.6755208333333333 0.21342592592592594 0.66875 0.22361111111111112 0.6619791666666667 0.22777777777777777 0.6510416666666666 0.22407407407407406 0.6466145833333333 0.2162037037037037 0.64921875 0.13935185185185187 0.65078125 0.12222222222222222 0.65390625 0.11481481481481481 0.6609375 0.11157407407407408 0.6682291666666667 0.11296296296296296
0 0.7830729166666667 0.5435185185185185 0.7872395833333333 0.5486111111111112 0.78984375 0.5657407407407408 0.7903645833333334 0.6351851851851852 0.7869791666666667 0.6458333333333334 0.7763020833333333 0.649537037037037 0.7690104166666667 0.6476851851851851 0.7643229166666666 0.6361111111111111 0.76171875 0.5587962962962963 0.7643229166666666 0.5467592592592593 0.76796875 0.5430555555555555 0.7828125 0.5435185185185185
0 0.03828125 0.5046296296296297 0.05390625 0.5060185185185185 0.0578125 0.5152777777777777 0.049479166666666664 0.5879629629629629 0.04739583333333333 0.5949074074074074 0.04401041666666667 0.5981481481481481 0.030729166666666665 0.5949074074074074 0.025 0.586574074074074 0.025260416666666667 0.5671296296296297 0.030729166666666665 0.5263888888888889 0.02890625 0.5152777777777777 0.031510416666666666 0.5138888888888888 0.034375 0.5060185185185185 0.03802083333333333 0.5046296296296297
0 0.5911458333333334 0.23194444444444445 0.5984375 0.23425925925925925 0.6 0.23842592592592593 0.6018229166666667 0.3384259259259259 0.5984375 0.35324074074074074 0.5885416666666666 0.35833333333333334 0.5791666666666667 0.3560185185185185 0.57421875 0.34814814814814815 0.5729166666666666 0.32546296296296295 0.5752604166666667 0.24074074074074073 0.5783854166666667 0.23425925925925925 0.5908854166666667 0.23194444444444445
0 0.9325520833333333 0.5412037037037037 0.9403645833333333 0.5449074074074074 0.9442708333333333 0.5527777777777778 0.9481770833333333 0.5888888888888889 0.9473958333333333 0.6569444444444444 0.9440104166666666 0.6643518518518519 0.9361979166666666 0.6662037037037037 0.9260416666666667 0.6648148148148149 0.92109375 0.6578703703703703 0.9171875 0.6101851851851852 0.9184895833333333 0.5925925925925926 0.9169270833333333 0.5768518518518518 0.9174479166666667 0.55 0.9231770833333334 0.5430555555555555 0.9322916666666666 0.5412037037037037
0 0.5833333333333334 0.6805555555555556 0.59296875 0.6847222222222222 0.59609375 0.6921296296296297 0.5966145833333333 0.762962962962963 0.5916666666666667 0.8004629629629629 0.5885416666666666 0.8060185185185185 0.5825520833333333 0.8087962962962963 0.5692708333333333 0.8069444444444445 0.5669270833333333 0.8009259259259259 0.56640625 0.7828703703703703 0.5677083333333334 0.7699074074074074 0.5666666666666667 0.7444444444444445 0.5690104166666666 0.7319444444444444 0.5697916666666667 0.6925925925925925 0.5734375 0.6824074074074075 0.5830729166666667 0.6805555555555556
0 0.6971354166666667 0.6731481481481482 0.7075520833333333 0.6773148148148148 0.7104166666666667 0.6819444444444445 0.71171875 0.6902777777777778 0.7111979166666667 0.7777777777777778 0.7098958333333333 0.7898148148148149 0.70625 0.7925925925925926 0.6872395833333333 0.7907407407407407 0.6817708333333333 0.7828703703703703 0.6846354166666667 0.6847222222222222 0.6885416666666667 0.675 0.696875 0.6731481481481482
0 0.7380208333333333 0.6837962962962963 0.7432291666666667 0.687037037037037 0.74609375 0.6958333333333333 0.7494791666666667 0.7694444444444445 0.7486979166666666 0.7759259259259259 0.74609375 0.7791666666666667 0.7369791666666666 0.7824074074074074 0.72734375 0.7814814814814814 0.7244791666666667 0.7768518518518519 0.7190104166666667 0.6958333333333333 0.71953125 0.6912037037037037 0.7239583333333334 0.6861111111111111 0.7377604166666667 0.6837962962962963
0 0.5453125 0.6675925925925926 0.5536458333333333 0.6754629629629629 0.5552083333333333 0.7518518518518519 0.5536458333333333 0.775 0.55078125 0.7814814814814814 0.54453125 0.7861111111111111 0.5328125 0.7837962962962963 0.5283854166666667 0.7763888888888889 0.5263020833333333 0.6967592592592593 0.52890625 0.674537037037037 0.53671875 0.6675925925925926 0.5450520833333333 0.6675925925925926
0 0.58984375 0.11064814814814815 0.5997395833333333 0.11712962962962963 0.6005208333333333 0.1597222222222222 0.59921875 0.20925925925925926 0.5958333333333333 0.21851851851851853 0.5885416666666666 0.22407407407407406 0.58203125 0.22407407407407406 0.5765625 0.21944444444444444 0.57265625 0.20972222222222223 0.5723958333333333 0.19583333333333333 0.5755208333333334 0.11712962962962963 0.5794270833333334 0.1125 0.5895833333333333 0.11064814814814815
0 0.6244791666666667 0.5333333333333333 0.6302083333333334 0.5375 0.6325520833333333 0.5504629629629629 0.6354166666666666 0.6333333333333333 0.6341145833333334 0.6421296296296296 0.6307291666666667 0.6481481481481481 0.6197916666666666 0.6518518518518519 0.6104166666666667 0.649074074074074 0.60703125 0.6398148148148148 0.6041666666666666 0.5532407407407407 0.60703125 0.5361111111111111 0.62421875 0.5333333333333333
0 0.8536458333333333 0.12453703703703704 0.85859375 0.1300925925925926 0.8598958333333333 0.14074074074074075 0.8596354166666667 0.20879629629629629 0.8557291666666667 0.22083333333333333 0.8484375 0.22361111111111112 0.83671875 0.22175925925925927 0.83359375 0.21666666666666667 0.8338541666666667 0.13333333333333333 0.8348958333333333 0.12638888888888888 0.8372395833333334 0.12453703703703704 0.8533854166666667 0.12453703703703704
0 0.7434895833333334 0 0.7768229166666667 0 0.7760416666666666 0.009722222222222222 0.7700520833333333 0.025 0.746875 0.0587962962962963 0.7380208333333333 0.07592592592592592 0.7315104166666667 0.08194444444444444 0.7236979166666667 0.07685185185185185 0.7169270833333333 0.06527777777777778 0.7153645833333333 0.049074074074074076 0.7203125 0.0375 0.7434895833333334 0.000462962962962963
0 0.5486979166666667 0.5254629629629629 0.5591145833333333 0.5300925925925926 0.5606770833333333 0.5643518518518519 0.5578125 0.6356481481481482 0.5541666666666667 0.6421296296296296 0.5473958333333333 0.6444444444444445 0.5348958333333333 0.6402777777777777 0.5328125 0.6370370370370371 0.5317708333333333 0.6240740740740741 0.5338541666666666 0.5328703703703703 0.5361979166666667 0.5273148148148148 0.5484375 0.5254629629629629
0 0.71875 0.3699074074074074 0.7669270833333334 0.3763888888888889 0.7705729166666667 0.3902777777777778 0.7690104166666667 0.41435185185185186 0.7671875 0.4185185185185185 0.7622395833333333 0.42083333333333334 0.7096354166666666 0.41435185185185186 0.70703125 0.4046296296296296 0.7080729166666667 0.37962962962962965 0.7109375 0.3731481481481482 0.7184895833333333 0.3699074074074074
0 0.6299479166666667 0.22962962962962963 0.63515625 0.23333333333333334 0.6377604166666667 0.2412037037037037 0.6393229166666666 0.31157407407407406 0.6375 0.3351851851851852 0.628125 0.34074074074074073 0.6158854166666666 0.3398148148148148 0.6122395833333333 0.33194444444444443 0.6114583333333333 0.24444444444444444 0.6122395833333333 0.23703703703703705 0.61640625 0.2310185185185185 0.6296875 0.22962962962962963
0 0.89453125 0.5509259259259259 0.9028645833333333 0.5541666666666667 0.9059895833333333 0.5615740740740741 0.9072916666666667 0.6333333333333333 0.9057291666666667 0.6472222222222223 0.9028645833333333 0.6550925925925926 0.8997395833333334 0.6592592592592592 0.89375 0.6601851851851852 0.88359375 0.6592592592592592 0.8799479166666667 0.6532407407407408 0.8786458333333333 0.5972222222222222 0.8799479166666667 0.5560185185185185 0.8833333333333333 0.5523148148148148 0.8942708333333333 0.5509259259259259
0 0.37526041666666665 0.49675925925925923 0.384375 0.49953703703703706 0.38671875 0.5083333333333333 0.384375 0.5921296296296297 0.38125 0.612037037037037 0.3770833333333333 0.6180555555555556 0.359375 0.6143518518518518 0.35625 0.5995370370370371 0.36276041666666664 0.5078703703703704 0.3658854166666667 0.4981481481481482 0.375 0.49675925925925923
0 0.99375 0.8342592592592593 0.9997395833333333 0.8375 0.9997395833333333 0.9050925925925926 0.9924479166666667 0.8981481481481481 0.9760416666666667 0.8629629629629629 0.9770833333333333 0.8532407407407407 0.9846354166666667 0.8398148148148148 0.9885416666666667 0.8351851851851851 0.9934895833333334 0.8342592592592593
0 0.6578125 0.9634259259259259 0.6640625 0.9657407407407408 0.6684895833333333 0.9722222222222222 0.671875 0.9837962962962963 0.6721354166666667 0.999537037037037 0.64296875 0.999537037037037 0.64375 0.9768518518518519 0.6455729166666667 0.9703703703703703 0.65078125 0.9648148148148148 0.6575520833333334 0.9638888888888889
0 0.7419270833333333 0.5287037037037037 0.7484375 0.5328703703703703 0.75078125 0.5398148148148149 0.7515625 0.5828703703703704 0.75 0.6236111111111111 0.7481770833333333 0.6296296296296297 0.7411458333333333 0.6342592592592593 0.73046875 0.6333333333333333 0.725 0.6263888888888889 0.7247395833333333 0.5879629629629629 0.7268229166666667 0.5328703703703703 0.7322916666666667 0.5291666666666667 0.7416666666666667 0.5287037037037037
0 0.62734375 0.09490740740740741 0.63203125 0.09814814814814815 0.6356770833333333 0.10601851851851851 0.6380208333333334 0.15601851851851853 0.6354166666666666 0.2 0.6338541666666667 0.2037037037037037 0.6255208333333333 0.20833333333333334 0.6158854166666666 0.2074074074074074 0.6122395833333333 0.20324074074074075 0.6106770833333334 0.1962962962962963 0.6106770833333334 0.11157407407407408 0.615625 0.09814814814814815 0.6270833333333333 0.09490740740740741
0 0.9635416666666666 0.2388888888888889 0.9713541666666666 0.24305555555555555 0.9755208333333333 0.25092592592592594 0.978125 0.3101851851851852 0.9755208333333333 0.34305555555555556 0.9708333333333333 0.35 0.9635416666666666 0.3527777777777778 0.9518229166666666 0.35 0.9458333333333333 0.33935185185185185 0.9442708333333333 0.3314814814814815 0.9466145833333334 0.2898148148148148 0.9453125 0.25833333333333336 0.95234375 0.24166666666666667 0.96328125 0.2388888888888889
0 0.8557291666666667 0.5435185185185185 0.86640625 0.5481481481481482 0.86875 0.5569444444444445 0.86640625 0.6449074074074074 0.8630208333333333 0.6611111111111111 0.8575520833333333 0.6666666666666666 0.84453125 0.6648148148148149 0.8401041666666667 0.6597222222222222 0.8377604166666667 0.6513888888888889 0.8419270833333333 0.5587962962962963 0.846875 0.5458333333333333 0.85546875 0.5435185185185185
0 0.7833333333333333 0.6731481481481482 0.7885416666666667 0.6787037037037037 0.78984375 0.6851851851851852 0.7921875 0.7736111111111111 0.7872395833333333 0.7921296296296296 0.7802083333333333 0.7958333333333333 0.76953125 0.7930555555555555 0.76484375 0.7828703703703703 0.7627604166666667 0.6935185185185185 0.7653645833333333 0.6754629629629629 0.7830729166666667 0.6731481481481482
0 0.6653645833333334 0.2564814814814815 0.6690104166666667 0.2587962962962963 0.671875 0.2662037037037037 0.6729166666666667 0.2967592592592593 0.67109375 0.3402777777777778 0.66328125 0.34444444444444444 0.6505208333333333 0.3435185185185185 0.6471354166666666 0.3388888888888889 0.646875 0.2814814814814815 0.6479166666666667 0.2652777777777778 0.6510416666666666 0.25833333333333336 0.6651041666666667 0.2564814814814815
0 0.665625 0.6865740740740741 0.6716145833333333 0.6902777777777778 0.6734375 0.6962962962962963 0.6734375 0.7652777777777777 0.66953125 0.7916666666666666 0.6619791666666667 0.8004629629629629 0.6502604166666667 0.7986111111111112 0.6455729166666667 0.7902777777777777 0.6458333333333334 0.7023148148148148 0.6473958333333333 0.6921296296296297 0.6515625 0.6856481481481481 0.6653645833333334 0.6865740740740741
0 0.703125 0.5467592592592593 0.7106770833333333 0.549074074074074 0.7138020833333333 0.5569444444444445 0.7151041666666667 0.6097222222222223 0.7135416666666666 0.6148148148148148 0.7104166666666667 0.6157407407407407 0.69296875 0.6152777777777778 0.6903645833333333 0.6101851851851852 0.6916666666666667 0.5930555555555556 0.690625 0.5532407407407407 0.6927083333333334 0.549537037037037 0.7028645833333333 0.5467592592592593
0 0.7018229166666666 0.11296296296296296 0.70859375 0.1162037037037037 0.7106770833333333 0.12222222222222222 0.71171875 0.17175925925925925 0.7104166666666667 0.20277777777777778 0.7057291666666666 0.20972222222222223 0.7 0.21157407407407408 0.6893229166666667 0.2101851851851852 0.6856770833333333 0.20185185185185187 0.6861979166666666 0.12962962962962962 0.6869791666666667 0.11990740740740741 0.6890625 0.11574074074074074 0.7015625 0.11296296296296296
0 0.81640625 0.22824074074074074 0.8221354166666667 0.23287037037037037 0.8244791666666667 0.24583333333333332 0.8255208333333334 0.30324074074074076 0.82265625 0.3143518518518518 0.8145833333333333 0.31666666666666665 0.8044270833333333 0.31574074074074077 0.8013020833333333 0.3101851851851852 0.8020833333333334 0.27546296296296297 0.8 0.24074074074074073 0.8041666666666667 0.22962962962962963 0.8161458333333333 0.22824074074074074
0 0.7794270833333333 0.22592592592592592 0.78828125 0.23425925925925925 0.7911458333333333 0.24861111111111112 0.79140625 0.3106481481481482 0.78984375 0.3287037037037037 0.7877604166666666 0.3351851851851852 0.78125 0.33796296296296297 0.77109375 0.337037037037037 0.7653645833333333 0.3300925925925926 0.7630208333333334 0.28379629629629627 0.7643229166666666 0.2351851851851852 0.7705729166666667 0.22685185185185186 0.7791666666666667 0.22592592592592592
0 0.77890625 0.10925925925925926 0.7830729166666667 0.1125 0.78515625 0.1300925925925926 0.78671875 0.15694444444444444 0.7854166666666667 0.19768518518518519 0.7825520833333334 0.20833333333333334 0.77265625 0.21435185185185185 0.7651041666666667 0.20972222222222223 0.7588541666666667 0.19583333333333333 0.75703125 0.1259259259259259 0.75859375 0.1162037037037037 0.7625 0.11064814814814815 0.7786458333333334 0.10925925925925926
0 0.584375 0.4050925925925926 0.62578125 0.4356481481481482 0.6341145833333334 0.4449074074074074 0.634375 0.4550925925925926 0.6299479166666667 0.47824074074074074 0.6234375 0.4824074074074074 0.6161458333333333 0.48009259259259257 0.5932291666666667 0.46111111111111114 0.5783854166666667 0.4527777777777778 0.5684895833333333 0.44212962962962965 0.5674479166666667 0.4287037037037037 0.5721354166666667 0.4111111111111111 0.5778645833333333 0.4046296296296296 0.5841145833333333 0.4050925925925926
0 0.81796875 0.6787037037037037 0.8221354166666667 0.6814814814814815 0.8255208333333334 0.6916666666666667 0.8265625 0.7541666666666667 0.825 0.7796296296296297 0.8208333333333333 0.7870370370370371 0.8158854166666667 0.7898148148148149 0.80390625 0.7861111111111111 0.8005208333333333 0.7787037037037037 0.7994791666666666 0.7611111111111111 0.8013020833333333 0.7342592592592593 0.7984375 0.6921296296296297 0.8 0.6847222222222222 0.8036458333333333 0.6796296296296296 0.8177083333333334 0.6787037037037037