0 0.8893229166666666 0.12083333333333333 0.8942708333333333 0.12361111111111112 0.8963541666666667 0.12962962962962962 0.8981770833333333 0.15416666666666667 0.8986979166666667 0.2199074074074074 0.8942708333333333 0.23564814814814813 0.8856770833333333 0.2388888888888889 0.87578125 0.2375 0.8705729166666667 0.22361111111111112 0.8716145833333333 0.19583333333333333 0.8690104166666667 0.14953703703703702 0.8703125 0.13333333333333333 0.8731770833333333 0.125 0.8799479166666667 0.12083333333333333 0.8890625 0.12083333333333333
0 0.8140625 0.10046296296296296 0.81875 0.10555555555555556 0.8216145833333334 0.11527777777777778 0.8234375 0.17175925925925925 0.821875 0.1925925925925926 0.8171875 0.19953703703703704 0.8125 0.2013888888888889 0.80390625 0.20092592592592592 0.79609375 0.1925925925925926 0.79765625 0.17037037037037037 0.7947916666666667 0.12638888888888888 0.7958333333333333 0.11388888888888889 0.8002604166666667 0.10324074074074074 0.8067708333333333 0.09953703703703703 0.8138020833333334 0.10046296296296296
0 0.6244791666666667 0.6814814814814815 0.6302083333333334 0.6842592592592592 0.6338541666666667 0.6925925925925925 0.6361979166666667 0.7550925925925925 0.6328125 0.8037037037037037 0.6302083333333334 0.8092592592592592 0.6239583333333333 0.812037037037037 0.6140625 0.8115740740740741 0.6083333333333333 0.8078703703703703 0.60546875 0.8009259259259259 0.6046875 0.7893518518518519 0.6067708333333334 0.7731481481481481 0.6057291666666667 0.7333333333333333 0.6091145833333333 0.6925925925925925 0.6122395833333333 0.6847222222222222 0.62421875 0.6814814814814815
0 0.7416666666666667 0.25092592592592594 0.7473958333333334 0.25601851851851853 0.7513020833333334 0.2708333333333333 0.75390625 0.33611111111111114 0.7526041666666666 0.35185185185185186 0.7424479166666667 0.35694444444444445 0.7330729166666666 0.3560185185185185 0.7286458333333333 0.3486111111111111 0.7270833333333333 0.29305555555555557 0.725 0.274537037037037 0.72578125 0.2652777777777778 0.7299479166666667 0.2550925925925926 0.74140625 0.25092592592592594
0 0.9658854166666667 0.12222222222222222 0.9716145833333333 0.12638888888888888 0.97578125 0.13842592592592592 0.9768229166666667 0.2101851851851852 0.975 0.22361111111111112 0.9708333333333333 0.2300925925925926 0.965625 0.23287037037037037 0.95625 0.2310185185185185 0.9486979166666667 0.22037037037037038 0.94765625 0.16620370370370371 0.94609375 0.15601851851851853 0.94609375 0.14027777777777778 0.95078125 0.12638888888888888 0.9572916666666667 0.12129629629629629 0.965625 0.12222222222222222
0 0.8494791666666667 0.1300925925925926 0.8567708333333334 0.13333333333333333 0.859375 0.14305555555555555 0.86015625 0.20416666666666666 0.8575520833333333 0.22361111111111112 0.8466145833333333 0.23055555555555557 0.8354166666666667 0.22777777777777777 0.8330729166666667 0.2199074074074074 0.8328125 0.1439814814814815 0.8359375 0.13240740740740742 0.84921875 0.1300925925925926
0 0.8182291666666667 0.5481481481481482 0.8223958333333333 0.5523148148148148 0.8244791666666667 0.5597222222222222 0.8263020833333333 0.5953703703703703 0.8260416666666667 0.6504629629629629 0.8244791666666667 0.6555555555555556 0.8182291666666667 0.6592592592592592 0.8036458333333333 0.6578703703703703 0.79921875 0.6513888888888889 0.7997395833333333 0.6055555555555555 0.7979166666666667 0.575 0.8005208333333333 0.549537037037037 0.81796875 0.5481481481481482
0 0.6815104166666667 0.43703703703703706 0.6903645833333333 0.4425925925925926 0.6927083333333334 0.45555555555555555 0.6877604166666667 0.5328703703703703 0.68515625 0.5430555555555555 0.6786458333333333 0.55 0.66796875 0.5476851851851852 0.6627604166666666 0.5430555555555555 0.6609375 0.537962962962963 0.6604166666666667 0.524074074074074 0.66796875 0.44537037037037036 0.671875 0.43796296296296294 0.68125 0.43703703703703706
0 0.859375 0.6893518518518519 0.8666666666666667 0.6912037037037037 0.8697916666666666 0.6958333333333333 0.8729166666666667 0.7162037037037037 0.8736979166666666 0.8 0.8708333333333333 0.8074074074074075 0.8625 0.8106481481481481 0.8481770833333333 0.8060185185185185 0.8440104166666667 0.7921296296296296 0.8434895833333333 0.7027777777777777 0.8494791666666667 0.6912037037037037 0.8591145833333333 0.6893518518518519
0 0.6216145833333333 0.5393518518518519 0.6291666666666667 0.5430555555555555 0.63203125 0.5532407407407407 0.6354166666666666 0.6328703703703704 0.6338541666666667 0.6504629629629629 0.6299479166666667 0.6564814814814814 0.6247395833333333 0.6583333333333333 0.6138020833333333 0.6578703703703703 0.6088541666666667 0.6532407407407408 0.6059895833333333 0.6314814814814815 0.6049479166666667 0.5958333333333333 0.6044270833333333 0.5532407407407407 0.6057291666666667 0.5458333333333333 0.609375 0.5412037037037037 0.6213541666666667 0.5393518518518519
0 0.7020833333333333 0.24768518518518517 0.7109375 0.25601851851851853 0.7122395833333334 0.28425925925925927 0.7114583333333333 0.3453703703703704 0.709375 0.35 0.7015625 0.3527777777777778 0.68984375 0.350462962962963 0.6872395833333333 0.3449074074074074 0.6856770833333333 0.26157407407407407 0.6893229166666667 0.25 0.7018229166666666 0.24768518518518517
0 0.6614583333333334 0.11851851851851852 0.6723958333333333 0.12268518518518519 0.6752604166666667 0.13564814814814816 0.6739583333333333 0.17824074074074073 0.6752604166666667 0.20416666666666666 0.67265625 0.22314814814814815 0.6645833333333333 0.2324074074074074 0.65703125 0.23333333333333334 0.65 0.22916666666666666 0.6458333333333334 0.2162037037037037 0.6502604166666667 0.12962962962962962 0.6541666666666667 0.12083333333333333 0.6611979166666667 0.11898148148148148
0 0.778125 0.5481481481481482 0.7864583333333334 0.5527777777777778 0.78828125 0.5574074074074075 0.7916666666666666 0.6134259259259259 0.7903645833333334 0.6481481481481481 0.7864583333333334 0.6541666666666667 0.7796875 0.6564814814814814 0.7690104166666667 0.6546296296296297 0.765625 0.6462962962962963 0.76171875 0.5643518518518519 0.7653645833333333 0.5527777777777778 0.7778645833333333 0.5481481481481482
0 0.5919270833333333 0.11805555555555555 0.596875 0.12083333333333333 0.5997395833333333 0.12638888888888888 0.6 0.20185185185185187 0.5989583333333334 0.21712962962962962 0.5934895833333333 0.22685185185185186 0.5885416666666666 0.2300925925925926 0.5807291666666666 0.22916666666666666 0.5747395833333333 0.22407407407407406 0.571875 0.2125 0.571875 0.2013888888888889 0.5747395833333333 0.125 0.57890625 0.11898148148148148 0.5916666666666667 0.11805555555555555
0 0.9380208333333333 0.549537037037037 0.9440104166666666 0.5569444444444445 0.946875 0.5680555555555555 0.9489583333333333 0.649074074074074 0.9486979166666667 0.6606481481481481 0.9463541666666667 0.6689814814814815 0.9385416666666667 0.6736111111111112 0.92734375 0.6722222222222223 0.9216145833333333 0.6643518518518519 0.9166666666666666 0.5805555555555556 0.9169270833333333 0.5615740740740741 0.9197916666666667 0.5527777777777778 0.9268229166666667 0.5486111111111112 0.9377604166666667 0.549537037037037
0 0.5815104166666667 0.6875 0.5934895833333333 0.6925925925925925 0.596875 0.7078703703703704 0.5963541666666666 0.7731481481481481 0.5911458333333334 0.8101851851851852 0.5854166666666667 0.8166666666666667 0.5776041666666667 0.8175925925925925 0.57109375 0.8148148148148148 0.5661458333333333 0.8027777777777778 0.5671875 0.7736111111111111 0.5651041666666666 0.7574074074074074 0.5697916666666667 0.6967592592592593 0.5739583333333333 0.6888888888888889 0.58125 0.687962962962963
0 0.70078125 0.6810185185185185 0.70859375 0.6851851851851852 0.7127604166666667 0.6990740740740741 0.7109375 0.7930555555555555 0.709375 0.7972222222222223 0.70390625 0.8 0.6890625 0.799074074074074 0.6838541666666667 0.7953703703703704 0.6817708333333333 0.7902777777777777 0.68515625 0.6912037037037037 0.6893229166666667 0.6819444444444445 0.7005208333333334 0.6810185185185185
0 0.73515625 0.6912037037037037 0.7416666666666667 0.6930555555555555 0.7458333333333333 0.6990740740740741 0.7484375 0.7268518518518519 0.7505208333333333 0.7759259259259259 0.74765625 0.7865740740740741 0.73984375 0.7893518518518519 0.7276041666666667 0.7888888888888889 0.7252604166666666 0.7861111111111111 0.7208333333333333 0.7314814814814815 0.7205729166666667 0.6995370370370371 0.7270833333333333 0.6921296296296297 0.7348958333333333 0.6912037037037037
0 0.5442708333333334 0.675 0.5502604166666667 0.6777777777777778 0.5536458333333333 0.6851851851851852 0.5557291666666667 0.7652777777777777 0.5526041666666667 0.7856481481481481 0.5453125 0.7939814814814815 0.53515625 0.7930555555555555 0.52890625 0.7865740740740741 0.5260416666666666 0.7421296296296296 0.5276041666666667 0.6824074074074075 0.5330729166666667 0.6763888888888889 0.5440104166666667 0.675
0 0.7015625 0.11990740740740741 0.7065104166666667 0.12129629629629629 0.7096354166666666 0.12638888888888888 0.7109375 0.16435185185185186 0.7104166666666667 0.20833333333333334 0.7072916666666667 0.2152777777777778 0.7015625 0.21805555555555556 0.6893229166666667 0.21666666666666667 0.6854166666666667 0.20833333333333334 0.6864583333333333 0.12962962962962962 0.6890625 0.12268518518518519 0.7013020833333333 0.11990740740740741
0 0.62734375 0.2351851851851852 0.6348958333333333 0.23935185185185184 0.6380208333333334 0.24814814814814815 0.6388020833333333 0.3236111111111111 0.6369791666666667 0.34120370370370373 0.6270833333333333 0.3476851851851852 0.6158854166666666 0.34629629629629627 0.6119791666666666 0.3384259259259259 0.6109375 0.25555555555555554 0.61171875 0.24444444444444444 0.6145833333333334 0.2388888888888889 0.6270833333333333 0.2351851851851852
0 0.55078125 0.5333333333333333 0.55703125 0.5351851851851852 0.5591145833333333 0.5407407407407407 0.5591145833333333 0.6240740740740741 0.5557291666666667 0.6467592592592593 0.5486979166666667 0.6513888888888889 0.5346354166666667 0.6472222222222223 0.53203125 0.6407407407407407 0.5317708333333333 0.6310185185185185 0.5348958333333333 0.5365740740740741 0.5393229166666667 0.5328703703703703 0.5505208333333333 0.5333333333333333
0 0.7927083333333333 0.4013888888888889 0.8317708333333333 0.4064814814814815 0.84140625 0.4111111111111111 0.8442708333333333 0.42592592592592593 0.84296875 0.44583333333333336 0.8388020833333333 0.45231481481481484 0.8315104166666667 0.45416666666666666 0.7854166666666667 0.44907407407407407 0.7768229166666667 0.4439814814814815 0.7731770833333333 0.425462962962963 0.7760416666666666 0.4078703703703704 0.7825520833333334 0.40185185185185185 0.7924479166666667 0.4013888888888889
0 0.8963541666666667 0.5583333333333333 0.9015625 0.5606481481481481 0.9059895833333333 0.5675925925925925 0.9083333333333333 0.6217592592592592 0.9078125 0.6476851851851851 0.9057291666666667 0.6601851851851852 0.9041666666666667 0.6652777777777777 0.8973958333333333 0.6680555555555555 0.8875 0.6671296296296296 0.88125 0.6620370370370371 0.8791666666666667 0.6199074074074075 0.8796875 0.5643518518518519 0.8872395833333333 0.5578703703703703 0.89609375 0.5583333333333333
0 0.19973958333333333 0.46296296296296297 0.20911458333333333 0.4666666666666667 0.21276041666666667 0.47314814814814815 0.20859375 0.5259259259259259 0.20729166666666668 0.5305555555555556 0.20260416666666667 0.5347222222222222 0.18723958333333332 0.5310185185185186 0.18333333333333332 0.5236111111111111 0.1875 0.47824074074074074 0.19244791666666666 0.46435185185185185 0.19947916666666668 0.46296296296296297
0 0.6651041666666667 0.9694444444444444 0.6690104166666667 0.9736111111111111 0.6731770833333334 0.9842592592592593 0.67421875 0.999537037037037 0.6453125 0.999537037037037 0.6466145833333333 0.9800925925925926 0.64921875 0.9726851851851852 0.65390625 0.9689814814814814 0.66484375 0.9694444444444444
0 0.85078125 0.24444444444444444 0.8565104166666667 0.24722222222222223 0.8627604166666667 0.25972222222222224 0.8661458333333333 0.3055555555555556 0.86640625 0.3351851851851852 0.8640625 0.34814814814814815 0.853125 0.35138888888888886 0.84375 0.350462962962963 0.83984375 0.3439814814814815 0.8346354166666666 0.26990740740740743 0.8348958333333333 0.25787037037037036 0.8385416666666666 0.24953703703703703 0.8455729166666667 0.24444444444444444 0.8505208333333333 0.24444444444444444
0 0.7385416666666667 0.5356481481481481 0.7455729166666667 0.5375 0.7505208333333333 0.5430555555555555 0.7513020833333334 0.5703703703703704 0.7494791666666667 0.6337962962962963 0.74453125 0.6402777777777777 0.7388020833333333 0.6416666666666667 0.7276041666666667 0.638425925925926 0.7252604166666666 0.6268518518518519 0.72578125 0.5430555555555555 0.7283854166666667 0.537962962962963 0.73828125 0.5356481481481481
0 0.6265625 0.10138888888888889 0.6348958333333333 0.1111111111111111 0.6375 0.1425925925925926 0.6361979166666667 0.20277777777777778 0.6338541666666667 0.2101851851851852 0.6268229166666667 0.21481481481481482 0.6169270833333333 0.21435185185185185 0.6127604166666667 0.21064814814814814 0.6106770833333334 0.2037037037037037 0.61015625 0.18796296296296297 0.6111979166666667 0.1125 0.6161458333333333 0.10416666666666667 0.6263020833333334 0.10138888888888889
0 0.9653645833333333 0.2462962962962963 0.9721354166666667 0.25046296296296294 0.9752604166666666 0.25833333333333336 0.9776041666666667 0.29305555555555557 0.97578125 0.3476851851851852 0.9716145833333333 0.35648148148148145 0.9651041666666667 0.3597222222222222 0.9520833333333333 0.3560185185185185 0.9450520833333333 0.3435185185185185 0.9471354166666667 0.30092592592592593 0.9450520833333333 0.2773148148148148 0.94609375 0.262037037037037 0.9489583333333333 0.25324074074074077 0.9533854166666667 0.24768518518518517 0.9651041666666667 0.2462962962962963
0 0.85859375 0.5513888888888889 0.86640625 0.5546296296296296 0.86875 0.5606481481481481 0.8690104166666667 0.6055555555555555 0.8661458333333333 0.6648148148148149 0.8609375 0.6717592592592593 0.8557291666666667 0.674074074074074 0.84140625 0.6689814814814815 0.8380208333333333 0.6527777777777778 0.8419270833333333 0.5726851851851852 0.8440104166666667 0.5597222222222222 0.8484375 0.5513888888888889 0.8583333333333333 0.5513888888888889
0 0.6671875 0.26435185185185184 0.6713541666666667 0.26944444444444443 0.6729166666666667 0.2824074074074074 0.671875 0.3421296296296296 0.6692708333333334 0.34953703703703703 0.6643229166666667 0.35138888888888886 0.65078125 0.3509259259259259 0.6466145833333333 0.3458333333333333 0.6479166666666667 0.31203703703703706 0.646875 0.28703703703703703 0.64765625 0.27175925925925926 0.65078125 0.26481481481481484 0.6669270833333333 0.26435185185185184
0 0.6549479166666666 0.6925925925925925 0.6716145833333333 0.6953703703703704 0.6744791666666666 0.7050925925925926 0.67265625 0.7893518518518519 0.66953125 0.8004629629629629 0.6640625 0.8078703703703703 0.65078125 0.8069444444444445 0.6471354166666666 0.8018518518518518 0.6453125 0.7935185185185185 0.6471354166666666 0.7050925925925926 0.6505208333333333 0.6953703703703704 0.6546875 0.6925925925925925
0 0.7044270833333334 0.5546296296296296 0.7109375 0.5564814814814815 0.71328125 0.5601851851851852 0.7151041666666667 0.6087962962962963 0.7138020833333333 0.6217592592592592 0.7044270833333334 0.6231481481481481 0.6927083333333334 0.6222222222222222 0.690625 0.6175925925925926 0.6919270833333333 0.6023148148148149 0.6911458333333333 0.5606481481481481 0.6924479166666667 0.5569444444444445 0.7041666666666667 0.5546296296296296
0 0.7736979166666667 0.6796296296296296 0.7864583333333334 0.6819444444444445 0.7911458333333333 0.6949074074074074 0.7932291666666667 0.7837962962962963 0.7895833333333333 0.7972222222222223 0.7815104166666667 0.8027777777777778 0.76875 0.799537037037037 0.76484375 0.7916666666666666 0.7638020833333333 0.7828703703703703 0.76484375 0.7620370370370371 0.7630208333333334 0.6986111111111111 0.7653645833333333 0.6837962962962963 0.7734375 0.6796296296296296
0 0.8203125 0.2375 0.8244791666666667 0.25416666666666665 0.8252604166666667 0.31574074074074077 0.8221354166666667 0.32175925925925924 0.8145833333333333 0.32407407407407407 0.8046875 0.32222222222222224 0.8013020833333333 0.3175925925925926 0.8015625 0.27824074074074073 0.79921875 0.2513888888888889 0.8 0.24444444444444444 0.80390625 0.23703703703703705 0.8151041666666666 0.2351851851851852 0.8200520833333333 0.2375
0 0.7783854166666667 0.23194444444444445 0.7859375 0.23703703703703705 0.78984375 0.2462962962962963 0.79140625 0.2962962962962963 0.78984375 0.33611111111111114 0.7872395833333333 0.3421296296296296 0.7791666666666667 0.3449074074074074 0.76875 0.3425925925925926 0.76484375 0.33611111111111114 0.7627604166666667 0.27314814814814814 0.7651041666666667 0.2412037037037037 0.7716145833333333 0.23333333333333334 0.778125 0.23194444444444445
0 0.7778645833333333 0.11574074074074074 0.7828125 0.11851851851851852 0.7841145833333333 0.12314814814814815 0.7864583333333334 0.18564814814814815 0.7841145833333333 0.2111111111111111 0.7809895833333333 0.2175925925925926 0.7760416666666666 0.2199074074074074 0.7653645833333333 0.21666666666666667 0.7635416666666667 0.20972222222222223 0.7588541666666667 0.2050925925925926 0.7596354166666667 0.18564814814814815 0.75703125 0.1337962962962963 0.75859375 0.12314814814814815 0.76171875 0.11805555555555555 0.7776041666666667 0.11574074074074074
0 0.90390625 0.25601851851851853 0.9091145833333333 0.2657407407407407 0.9138020833333333 0.29305555555555557 0.9119791666666667 0.30277777777777776 0.9135416666666667 0.350462962962963 0.9106770833333333 0.3625 0.903125 0.36666666666666664 0.8872395833333333 0.3648148148148148 0.8817708333333333 0.35555555555555557 0.8833333333333333 0.29953703703703705 0.87890625 0.2814814814814815 0.8833333333333333 0.2611111111111111 0.8864583333333333 0.2564814814814815 0.8903645833333333 0.25416666666666665 0.9036458333333334 0.25601851851851853
0 0.5893229166666667 0.2388888888888889 0.5989583333333334 0.24351851851851852 0.6013020833333333 0.2800925925925926 0.6013020833333333 0.35138888888888886 0.59765625 0.3625 0.5919270833333333 0.36574074074074076 0.578125 0.362962962962963 0.5729166666666666 0.3486111111111111 0.5744791666666667 0.25277777777777777 0.5776041666666667 0.24166666666666667 0.5890625 0.2388888888888889
0 0.8140625 0.6856481481481481 0.8213541666666667 0.6875 0.8255208333333334 0.6930555555555555 0.8270833333333333 0.7222222222222222 0.8263020833333333 0.7865740740740741 0.8221354166666667 0.7944444444444444 0.8151041666666666 0.7976851851851852 0.8015625 0.7912037037037037 0.7997395833333333 0.7865740740740741 0.7984375 0.7680555555555556 0.8 0.7518518518518519 0.7984375 0.6958333333333333 0.8026041666666667 0.687962962962963 0.8138020833333334 0.6856481481481481