0 0.8888020833333333 0.11388888888888889 0.8947916666666667 0.1162037037037037 0.8973958333333333 0.1259259259259259 0.8994791666666667 0.1726851851851852 0.8984375 0.22175925925925927 0.8958333333333334 0.22824074074074074 0.890625 0.2310185185185185 0.8765625 0.22916666666666666 0.871875 0.2212962962962963 0.8705729166666667 0.20092592592592592 0.871875 0.16898148148148148 0.8690104166666667 0.14212962962962963 0.8739583333333333 0.11805555555555555 0.8791666666666667 0.11435185185185186 0.8885416666666667 0.11388888888888889
0 0.8145833333333333 0.09351851851851851 0.8192708333333333 0.09861111111111111 0.82265625 0.10972222222222222 0.8247395833333333 0.13148148148148148 0.8247395833333333 0.15833333333333333 0.8213541666666667 0.18888888888888888 0.8177083333333334 0.1935185185185185 0.8106770833333333 0.19490740740740742 0.80078125 0.1925925925925926 0.7963541666666667 0.1837962962962963 0.7981770833333334 0.15555555555555556 0.7955729166666666 0.11342592592592593 0.7981770833333334 0.10231481481481482 0.8028645833333333 0.09444444444444444 0.8143229166666667 0.09351851851851851
0 0.62421875 0.674537037037037 0.6307291666666667 0.6773148148148148 0.6341145833333334 0.6837962962962963 0.6375 0.7273148148148149 0.6338541666666667 0.7935185185185185 0.6302083333333334 0.8018518518518518 0.6247395833333333 0.8037037037037037 0.6135416666666667 0.8027777777777778 0.6072916666666667 0.7962962962962963 0.6059895833333333 0.7865740740740741 0.6075520833333333 0.7652777777777777 0.60546875 0.7490740740740741 0.609375 0.687037037037037 0.6145833333333334 0.6759259259259259 0.6239583333333333 0.674537037037037
0 0.73125 0.36898148148148147 0.765625 0.37824074074074077 0.7674479166666667 0.3888888888888889 0.7661458333333333 0.41388888888888886 0.7643229166666666 0.41805555555555557 0.7591145833333334 0.4203703703703704 0.7122395833333334 0.4162037037037037 0.7059895833333333 0.4115740740740741 0.70390625 0.39537037037037037 0.70703125 0.3736111111111111 0.71484375 0.36898148148148147 0.7309895833333333 0.36898148148148147
0 0.85625 0.986574074074074 0.8643229166666667 0.9898148148148148 0.8684895833333334 0.999537037037037 0.8411458333333334 0.999537037037037 0.8455729166666667 0.9888888888888889 0.8559895833333333 0.986574074074074
0 0.7033854166666667 0.2412037037037037 0.7098958333333333 0.2449074074074074 0.7119791666666667 0.25092592592592594 0.7119791666666667 0.3300925925925926 0.7098958333333333 0.3435185185185185 0.70078125 0.34675925925925927 0.6927083333333334 0.3453703703703704 0.6880208333333333 0.33796296296296297 0.6864583333333333 0.2550925925925926 0.6893229166666667 0.2439814814814815 0.703125 0.2412037037037037
0 0.9640625 0.11388888888888889 0.9716145833333333 0.11805555555555555 0.9760416666666667 0.1259259259259259 0.97734375 0.15555555555555556 0.9770833333333333 0.2125 0.9744791666666667 0.2199074074074074 0.9651041666666667 0.22546296296296298 0.9544270833333334 0.2222222222222222 0.9489583333333333 0.21296296296296297 0.9489583333333333 0.1537037037037037 0.9463541666666667 0.1439814814814815 0.94765625 0.1300925925925926 0.9515625 0.11898148148148148 0.9565104166666667 0.11435185185185186 0.9638020833333333 0.11388888888888889
0 0.81328125 0.5398148148148149 0.8208333333333333 0.5421296296296296 0.8229166666666666 0.5462962962962963 0.8270833333333333 0.5833333333333334 0.8260416666666667 0.6449074074074074 0.82421875 0.649074074074074 0.8161458333333333 0.6523148148148148 0.8036458333333333 0.6504629629629629 0.7997395833333333 0.6402777777777777 0.7989583333333333 0.5486111111111112 0.8033854166666666 0.5407407407407407 0.8130208333333333 0.5398148148148149
0 0.8609375 0.6824074074074075 0.8666666666666667 0.6851851851851852 0.87109375 0.6944444444444444 0.8739583333333333 0.7333333333333333 0.8736979166666666 0.7935185185185185 0.8705729166666667 0.799537037037037 0.8651041666666667 0.8018518518518518 0.8494791666666667 0.799074074074074 0.8440104166666667 0.7842592592592592 0.8453125 0.7291666666666666 0.84296875 0.711574074074074 0.8432291666666667 0.6958333333333333 0.8481770833333333 0.6847222222222222 0.8606770833333334 0.6824074074074075
0 0.9015625 0.24722222222222223 0.90859375 0.2550925925925926 0.91484375 0.28564814814814815 0.91328125 0.2967592592592593 0.91484375 0.33611111111111114 0.9127604166666666 0.3527777777777778 0.9013020833333333 0.36018518518518516 0.8903645833333333 0.35833333333333334 0.8825520833333333 0.3486111111111111 0.88203125 0.3384259259259259 0.884375 0.32592592592592595 0.88359375 0.28935185185185186 0.8791666666666667 0.2777777777777778 0.8799479166666667 0.26944444444444443 0.8861979166666667 0.25092592592592594 0.890625 0.24722222222222223 0.9013020833333333 0.24722222222222223
0 0.6260416666666667 0.5333333333333333 0.6315104166666666 0.5388888888888889 0.6330729166666667 0.549074074074074 0.6359375 0.6347222222222222 0.63359375 0.6444444444444445 0.6244791666666667 0.6513888888888889 0.6127604166666667 0.65 0.6083333333333333 0.6430555555555556 0.6046875 0.5537037037037037 0.6059895833333333 0.5393518518518519 0.6088541666666667 0.5347222222222222 0.62578125 0.5333333333333333
0 0.7434895833333334 0.2449074074074074 0.7494791666666667 0.25046296296296294 0.75234375 0.26296296296296295 0.7541666666666667 0.3416666666666667 0.75078125 0.3486111111111111 0.7380208333333333 0.350462962962963 0.7325520833333333 0.3486111111111111 0.72890625 0.3384259259259259 0.7252604166666666 0.2652777777777778 0.7268229166666667 0.25555555555555554 0.7309895833333333 0.24814814814814815 0.7369791666666666 0.24444444444444444 0.7432291666666667 0.2449074074074074
0 0.66484375 0.11157407407407408 0.6734375 0.11574074074074074 0.67578125 0.12546296296296297 0.6768229166666667 0.21342592592592594 0.67265625 0.22037037037037038 0.6619791666666667 0.2273148148148148 0.6513020833333333 0.22361111111111112 0.6473958333333333 0.21712962962962962 0.6471354166666666 0.1935185185185185 0.65078125 0.125 0.65390625 0.11527777777777778 0.6645833333333333 0.11157407407407408
0 0.028385416666666666 0.6171296296296296 0.03984375 0.6212962962962963 0.04453125 0.6291666666666667 0.045572916666666664 0.6370370370370371 0.040364583333333336 0.6657407407407407 0.03723958333333333 0.7069444444444445 0.034375 0.7152777777777778 0.029427083333333333 0.7175925925925926 0.015885416666666666 0.7143518518518519 0.012239583333333333 0.7064814814814815 0.013541666666666667 0.6717592592592593 0.018489583333333334 0.6300925925925925 0.021354166666666667 0.6194444444444445 0.028125 0.6171296296296296
0 0.5916666666666667 0.23194444444444445 0.5989583333333334 0.23425925925925925 0.6013020833333333 0.2449074074074074 0.60234375 0.3398148148148148 0.5989583333333334 0.3541666666666667 0.5885416666666666 0.35833333333333334 0.5807291666666666 0.35694444444444445 0.5747395833333333 0.34814814814814815 0.5736979166666667 0.3175925925925926 0.57578125 0.30185185185185187 0.575 0.26666666666666666 0.5768229166666666 0.2375 0.58125 0.23333333333333334 0.59140625 0.23194444444444445
0 0.93828125 0.5421296296296296 0.9442708333333333 0.55 0.946875 0.5638888888888889 0.9489583333333333 0.65 0.9458333333333333 0.663425925925926 0.9364583333333333 0.6662037037037037 0.9252604166666667 0.663425925925926 0.92109375 0.6523148148148148 0.9182291666666667 0.6166666666666667 0.9171875 0.5541666666666667 0.9182291666666667 0.5486111111111112 0.9252604166666667 0.5421296296296296 0.9380208333333333 0.5421296296296296
0 0.7013020833333333 0.6736111111111112 0.7091145833333333 0.6782407407407407 0.7125 0.6921296296296297 0.71328125 0.7393518518518518 0.7111979166666667 0.7861111111111111 0.7104166666666667 0.7898148148148149 0.70390625 0.7925925925925926 0.6885416666666667 0.7907407407407407 0.6825520833333333 0.7828703703703703 0.6854166666666667 0.6824074074074075 0.6901041666666666 0.674074074074074 0.7010416666666667 0.6736111111111112
0 0.7393229166666667 0.6837962962962963 0.7453125 0.6893518518518519 0.7481770833333333 0.7055555555555556 0.7502604166666667 0.7675925925925926 0.7481770833333333 0.7773148148148148 0.74140625 0.7814814814814814 0.72734375 0.7805555555555556 0.7252604166666666 0.7759259259259259 0.7200520833333334 0.6962962962962963 0.7203125 0.6921296296296297 0.72421875 0.6865740740740741 0.7390625 0.6837962962962963
0 0.54765625 0.6680555555555555 0.5515625 0.6708333333333333 0.5541666666666667 0.6782407407407407 0.5552083333333333 0.7578703703703704 0.5536458333333333 0.7763888888888889 0.5502604166666667 0.7828703703703703 0.5447916666666667 0.7861111111111111 0.5333333333333333 0.7833333333333333 0.52890625 0.775 0.5270833333333333 0.6967592592592593 0.5278645833333333 0.6782407407407407 0.5309895833333333 0.6717592592592593 0.5377604166666666 0.6671296296296296 0.5473958333333333 0.6680555555555555
0 0.5919270833333333 0.11064814814814815 0.5986979166666667 0.11435185185185186 0.6005208333333333 0.12037037037037036 0.6 0.20462962962962963 0.5958333333333333 0.21851851851851853 0.5854166666666667 0.22407407407407406 0.5770833333333333 0.21851851851851853 0.5729166666666666 0.20694444444444443 0.5755208333333334 0.11944444444444445 0.5802083333333333 0.11203703703703703 0.5916666666666667 0.11064814814814815
0 0.8513020833333333 0.12361111111111112 0.8578125 0.12638888888888888 0.8598958333333333 0.13287037037037036 0.8604166666666667 0.20046296296296295 0.8575520833333333 0.21851851851851853 0.8494791666666667 0.22314814814814815 0.8359375 0.22037037037037038 0.83359375 0.21342592592592594 0.8333333333333334 0.19814814814814816 0.8348958333333333 0.1287037037037037 0.8380208333333333 0.12407407407407407 0.8510416666666667 0.12361111111111112
0 0.5848958333333333 0.9898148148148148 0.590625 0.9935185185185185 0.5919270833333333 0.999537037037037 0.565625 0.999537037037037 0.5671875 0.9935185185185185 0.5705729166666667 0.9912037037037037 0.5846354166666666 0.9898148148148148
0 0.6651041666666667 0.25601851851851853 0.6716145833333333 0.2625 0.6734375 0.2828703703703704 0.6721354166666667 0.3384259259259259 0.6697916666666667 0.34305555555555556 0.6653645833333334 0.3439814814814815 0.65078125 0.34305555555555556 0.6471354166666666 0.33564814814814814 0.6484375 0.32037037037037036 0.6473958333333333 0.27870370370370373 0.6489583333333333 0.26435185185185184 0.653125 0.2569444444444444 0.66484375 0.25601851851851853
0 0.8549479166666667 0.23842592592592593 0.859375 0.24259259259259258 0.8630208333333333 0.2518518518518518 0.8671875 0.325 0.8640625 0.3398148148148148 0.8502604166666666 0.3449074074074074 0.8419270833333333 0.3421296296296296 0.83984375 0.33425925925925926 0.8354166666666667 0.25416666666666665 0.8375 0.2449074074074074 0.8411458333333334 0.23981481481481481 0.8546875 0.23842592592592593
0 0.74453125 0 0.77265625 0 0.7723958333333333 0.01574074074074074 0.7690104166666667 0.025 0.7466145833333333 0.06666666666666667 0.7390625 0.08657407407407407 0.7341145833333333 0.09305555555555556 0.7307291666666667 0.09444444444444444 0.7236979166666667 0.08981481481481482 0.71640625 0.0787037037037037 0.7143229166666667 0.07083333333333333 0.7169270833333333 0.056018518518518516 0.74453125 0.000462962962962963
0 0.54765625 0.525 0.5591145833333333 0.5291666666666667 0.5604166666666667 0.5370370370370371 0.55859375 0.5810185185185185 0.5591145833333333 0.6296296296296297 0.5565104166666667 0.6407407407407407 0.55078125 0.6439814814814815 0.5361979166666667 0.6412037037037037 0.5325520833333334 0.6305555555555555 0.5348958333333333 0.5847222222222223 0.5346354166666667 0.5324074074074074 0.5372395833333333 0.5268518518518519 0.5473958333333333 0.525
0 0.6276041666666666 0.22870370370370371 0.6348958333333333 0.23194444444444445 0.63828125 0.2412037037037037 0.6395833333333333 0.30648148148148147 0.6377604166666667 0.3351851851851852 0.6283854166666667 0.34074074074074073 0.6161458333333333 0.3388888888888889 0.6127604166666667 0.33055555555555555 0.6119791666666666 0.31851851851851853 0.6125 0.23703703703703705 0.6182291666666667 0.22962962962962963 0.62734375 0.22870370370370371
0 0.8994791666666667 0.5518518518518518 0.9046875 0.5550925925925926 0.9067708333333333 0.5601851851851852 0.90859375 0.6138888888888889 0.9065104166666667 0.6467592592592593 0.9010416666666666 0.6587962962962963 0.8973958333333333 0.6597222222222222 0.884375 0.6587962962962963 0.88125 0.6541666666666667 0.8791666666666667 0.6087962962962963 0.8794270833333333 0.5634259259259259 0.8802083333333334 0.5564814814814815 0.8833333333333333 0.5523148148148148 0.89921875 0.5518518518518518
0 0.3703125 0.587037037037037 0.3796875 0.5893518518518519 0.38229166666666664 0.5949074074074074 0.38177083333333334 0.6523148148148148 0.37838541666666664 0.7023148148148148 0.3736979166666667 0.7111111111111111 0.36770833333333336 0.7148148148148148 0.35494791666666664 0.7055555555555556 0.353125 0.6856481481481481 0.35598958333333336 0.6217592592592592 0.35911458333333335 0.5962962962962963 0.3625 0.5884259259259259 0.37005208333333334 0.587037037037037
0 0.97421875 0.8291666666666667 0.9809895833333333 0.8333333333333334 0.9950520833333333 0.8495370370370371 0.9979166666666667 0.8601851851851852 0.9997395833333333 0.8606481481481482 0.9997395833333333 0.9120370370370371 0.9901041666666667 0.9046296296296297 0.9580729166666667 0.8634259259259259 0.9575520833333333 0.8546296296296296 0.9630208333333333 0.8361111111111111 0.96796875 0.8296296296296296 0.9739583333333334 0.8291666666666667
0 0.66328125 0.9648148148148148 0.671875 0.9796296296296296 0.67265625 0.999537037037037 0.64296875 0.999537037037037 0.6442708333333333 0.9782407407407407 0.64765625 0.9675925925925926 0.6544270833333333 0.9638888888888889 0.6630208333333333 0.9648148148148148
0 0.7450520833333333 0.5291666666666667 0.7494791666666667 0.5328703703703703 0.7520833333333333 0.5435185185185185 0.75078125 0.6180555555555556 0.7481770833333333 0.6305555555555555 0.7411458333333333 0.6342592592592593 0.7309895833333333 0.6333333333333333 0.72734375 0.6300925925925925 0.7252604166666666 0.6231481481481481 0.7260416666666667 0.5365740740740741 0.72734375 0.5319444444444444 0.7315104166666667 0.5291666666666667 0.7447916666666666 0.5291666666666667
0 0.6294270833333333 0.09537037037037037 0.63515625 0.10185185185185185 0.6369791666666667 0.1111111111111111 0.63828125 0.1550925925925926 0.6361979166666667 0.19907407407407407 0.6341145833333334 0.2037037037037037 0.6268229166666667 0.20787037037037037 0.6158854166666666 0.2064814814814815 0.61171875 0.1986111111111111 0.6109375 0.14351851851851852 0.6127604166666667 0.10416666666666667 0.6197916666666666 0.09537037037037037 0.6291666666666667 0.09537037037037037
0 0.9651041666666667 0.2388888888888889 0.9729166666666667 0.24351851851851852 0.9763020833333333 0.25092592592592594 0.978125 0.2912037037037037 0.9763020833333333 0.34120370370370373 0.9723958333333333 0.3490740740740741 0.96484375 0.3523148148148148 0.95234375 0.34953703703703703 0.9450520833333333 0.33287037037037037 0.94765625 0.2884259259259259 0.94609375 0.2574074074074074 0.9528645833333333 0.24166666666666667 0.96484375 0.2388888888888889
0 0.8552083333333333 0.5430555555555555 0.8669270833333333 0.5476851851851852 0.86953125 0.5569444444444445 0.8666666666666667 0.6504629629629629 0.8619791666666666 0.6643518518518519 0.8567708333333334 0.6666666666666666 0.84453125 0.6648148148148149 0.83828125 0.6537037037037037 0.8419270833333333 0.5652777777777778 0.846875 0.5462962962962963 0.8549479166666667 0.5430555555555555
0 0.6604166666666667 0.6847222222222222 0.6721354166666667 0.6893518518518519 0.6744791666666666 0.6986111111111111 0.6729166666666667 0.7796296296296297 0.6697916666666667 0.7930555555555555 0.6625 0.8004629629629629 0.6510416666666666 0.799074074074074 0.646875 0.7935185185185185 0.6455729166666667 0.7865740740740741 0.6473958333333333 0.6962962962962963 0.6513020833333333 0.6861111111111111 0.66015625 0.6847222222222222
0 0.7083333333333334 0.5467592592592593 0.7135416666666666 0.5509259259259259 0.7151041666666667 0.5625 0.7153645833333333 0.6101851851851852 0.7122395833333334 0.6152777777777778 0.69453125 0.6152777777777778 0.6916666666666667 0.6125 0.6927083333333334 0.5875 0.69140625 0.5532407407407407 0.6955729166666667 0.5481481481481482 0.7080729166666667 0.5467592592592593
0 0.7833333333333333 0.6726851851851852 0.78828125 0.6768518518518518 0.7908854166666667 0.6875 0.7932291666666667 0.7736111111111111 0.7901041666666667 0.7875 0.7872395833333333 0.7930555555555555 0.7828125 0.7953703703703704 0.7708333333333334 0.7935185185185185 0.7653645833333333 0.7837962962962963 0.7630208333333334 0.6953703703703704 0.765625 0.675 0.7830729166666667 0.6726851851851852
0 0.6997395833333333 0.1125 0.7104166666666667 0.11805555555555555 0.7122395833333334 0.1398148148148148 0.7130208333333333 0.17175925925925925 0.7111979166666667 0.20092592592592592 0.7096354166666666 0.2064814814814815 0.70234375 0.2111111111111111 0.6888020833333334 0.20879629629629629 0.6859375 0.19583333333333333 0.6880208333333333 0.1648148148148148 0.6877604166666667 0.11944444444444445 0.690625 0.11481481481481481 0.6994791666666667 0.1125
0 0.7822916666666667 0.5421296296296296 0.7872395833333333 0.5472222222222223 0.78984375 0.5601851851851852 0.79140625 0.6300925925925925 0.7903645833333334 0.6398148148148148 0.7877604166666666 0.6453703703703704 0.77734375 0.649074074074074 0.7692708333333333 0.6467592592592593 0.7653645833333333 0.6375 0.7627604166666667 0.5569444444444445 0.76484375 0.5467592592592593 0.76875 0.5430555555555555 0.78203125 0.5421296296296296
0 0.815625 0.22777777777777777 0.8216145833333334 0.23055555555555557 0.8244791666666667 0.23935185185185184 0.8260416666666667 0.3074074074074074 0.821875 0.3148148148148148 0.8104166666666667 0.3162037037037037 0.8036458333333333 0.3143518518518518 0.8015625 0.3074074074074074 0.8026041666666667 0.28194444444444444 0.8002604166666667 0.2412037037037037 0.80390625 0.2300925925925926 0.8153645833333333 0.22777777777777777
0 0.7786458333333334 0.22546296296296298 0.7864583333333334 0.2300925925925926 0.79140625 0.24537037037037038 0.7911458333333333 0.32546296296296295 0.7885416666666667 0.3347222222222222 0.7809895833333333 0.33796296296296297 0.77109375 0.3365740740740741 0.765625 0.3287037037037037 0.7635416666666667 0.2671296296296296 0.76484375 0.23425925925925925 0.771875 0.22592592592592592 0.7783854166666667 0.22546296296296298
0 0.77734375 0.10833333333333334 0.7828125 0.11064814814814815 0.784375 0.11527777777777778 0.7869791666666667 0.18564814814814815 0.7841145833333333 0.2064814814814815 0.7729166666666667 0.21342592592592594 0.7669270833333334 0.20972222222222223 0.759375 0.1962962962962963 0.7578125 0.1259259259259259 0.75859375 0.11805555555555555 0.7619791666666667 0.1111111111111111 0.7770833333333333 0.10833333333333334
0 0.5856770833333333 0.40370370370370373 0.6263020833333334 0.4356481481481482 0.6341145833333334 0.4449074074074074 0.6341145833333334 0.4546296296296296 0.6299479166666667 0.4736111111111111 0.62734375 0.48055555555555557 0.625 0.48148148148148145 0.6125 0.4773148148148148 0.56875 0.44212962962962965 0.5669270833333333 0.42685185185185187 0.5705729166666667 0.4101851851851852 0.5752604166666667 0.40370370370370373 0.5854166666666667 0.40370370370370373
0 0.815625 0.6777777777777778 0.8236979166666667 0.6819444444444445 0.82578125 0.687037037037037 0.82734375 0.7550925925925925 0.8252604166666667 0.7805555555555556 0.8208333333333333 0.7870370370370371 0.8145833333333333 0.7893518518518519 0.8059895833333334 0.7870370370370371 0.8018229166666667 0.7824074074074074 0.79921875 0.6958333333333333 0.8 0.687037037037037 0.8028645833333333 0.6810185185185185 0.8153645833333333 0.6777777777777778
0 0.58359375 0.6805555555555556 0.5919270833333333 0.6833333333333333 0.59609375 0.6907407407407408 0.5973958333333333 0.7444444444444445 0.59375 0.7935185185185185 0.5890625 0.8060185185185185 0.584375 0.8087962962962963 0.5703125 0.8060185185185185 0.5671875 0.7972222222222223 0.5666666666666667 0.7847222222222222 0.56875 0.7671296296296296 0.5669270833333333 0.7476851851851852 0.5690104166666666 0.736574074074074 0.57109375 0.6884259259259259 0.57421875 0.6819444444444445 0.5833333333333334 0.6805555555555556