0 0.5815104166666667 0.9898148148148148 0.5888020833333333 0.9916666666666667 0.5927083333333333 0.999537037037037 0.5666666666666667 0.999537037037037 0.5705729166666667 0.9921296296296296 0.58125 0.9898148148148148
0 0.89140625 0.11574074074074074 0.8981770833333333 0.12268518518518519 0.9018229166666667 0.18194444444444444 0.89921875 0.22314814814814815 0.8955729166666667 0.22916666666666666 0.8893229166666666 0.23194444444444445 0.8778645833333333 0.2310185185185185 0.87265625 0.2222222222222222 0.8713541666666667 0.19953703703703704 0.8729166666666667 0.19583333333333333 0.8731770833333333 0.17777777777777778 0.8703125 0.14027777777777778 0.87578125 0.11851851851851852 0.8822916666666667 0.11527777777777778 0.8911458333333333 0.11574074074074074
0 0.8151041666666666 0.09444444444444444 0.8192708333333333 0.09768518518518518 0.82265625 0.10555555555555556 0.82578125 0.1439814814814815 0.8229166666666666 0.18796296296296297 0.82109375 0.1925925925925926 0.8143229166666667 0.19583333333333333 0.803125 0.19398148148148148 0.7986979166666667 0.18796296296296297 0.7973958333333333 0.11481481481481481 0.8002604166666667 0.10185185185185185 0.8033854166666666 0.09675925925925925 0.81484375 0.09444444444444444
0 0.6270833333333333 0.6763888888888889 0.63359375 0.6805555555555556 0.6359375 0.6884259259259259 0.63828125 0.7550925925925925 0.6346354166666667 0.7958333333333333 0.6307291666666667 0.8027777777777778 0.625 0.8050925925925926 0.6114583333333333 0.8027777777777778 0.60625 0.7935185185185185 0.60859375 0.7652777777777777 0.6057291666666667 0.75 0.6057291666666667 0.7351851851851852 0.6080729166666666 0.700925925925926 0.6111979166666667 0.6824074074074075 0.6192708333333333 0.6754629629629629 0.6268229166666667 0.6763888888888889
0 0.7421875 0.24537037037037038 0.7484375 0.24861111111111112 0.7526041666666666 0.25787037037037036 0.7546875 0.2791666666666667 0.7552083333333334 0.3425925925925926 0.7518229166666667 0.34953703703703703 0.74140625 0.35185185185185186 0.7341145833333333 0.3509259259259259 0.7302083333333333 0.34305555555555556 0.7283854166666667 0.2791666666666667 0.7265625 0.2652777777777778 0.7307291666666667 0.25092592592592594 0.7419270833333333 0.24537037037037038
0 0.403125 0.16435185185185186 0.41484375 0.17222222222222222 0.41484375 0.1935185185185185 0.4078125 0.2689814814814815 0.4044270833333333 0.28055555555555556 0.39739583333333334 0.2865740740740741 0.390625 0.2851851851851852 0.38385416666666666 0.2777777777777778 0.3815104166666667 0.26157407407407407 0.3859375 0.21712962962962962 0.3932291666666667 0.1699074074074074 0.39739583333333334 0.16435185185185186 0.40286458333333336 0.16435185185185186
0 0.9640625 0.11527777777777778 0.971875 0.11898148148148148 0.97734375 0.1287037037037037 0.9783854166666667 0.2125 0.97421875 0.22314814814814815 0.9635416666666666 0.2273148148148148 0.9552083333333333 0.22361111111111112 0.95 0.20972222222222223 0.95078125 0.18888888888888888 0.9484375 0.14166666666666666 0.94921875 0.12962962962962962 0.9533854166666667 0.11944444444444445 0.9638020833333333 0.11527777777777778
0 0.8541666666666666 0.125 0.8604166666666667 0.13055555555555556 0.8630208333333333 0.17546296296296296 0.8598958333333333 0.21805555555555556 0.8565104166666667 0.22268518518518518 0.85078125 0.22453703703703703 0.84140625 0.22407407407407406 0.8348958333333333 0.21666666666666667 0.8356770833333333 0.13472222222222222 0.83828125 0.12638888888888888 0.85390625 0.125
0 0.8575520833333333 0.6828703703703703 0.86953125 0.687962962962963 0.8731770833333333 0.700925925925926 0.8747395833333333 0.7907407407407407 0.8721354166666667 0.8 0.8658854166666666 0.8032407407407407 0.85 0.8 0.84453125 0.7828703703703703 0.846875 0.7375 0.8440104166666667 0.7134259259259259 0.8442708333333333 0.6958333333333333 0.8486979166666667 0.6861111111111111 0.8572916666666667 0.6828703703703703
0 0.59609375 0.23333333333333334 0.6010416666666667 0.23703703703703705 0.6026041666666667 0.24814814814814815 0.6028645833333334 0.3453703703703704 0.5986979166666667 0.3560185185185185 0.5885416666666666 0.3592592592592593 0.5802083333333333 0.35648148148148145 0.575 0.34444444444444444 0.5768229166666666 0.24814814814814815 0.5786458333333333 0.23657407407407408 0.5872395833333334 0.2324074074074074 0.5958333333333333 0.23333333333333334
0 0.5473958333333333 0.5254629629629629 0.5572916666666666 0.5277777777777778 0.5611979166666666 0.5328703703703703 0.5606770833333333 0.624537037037037 0.5578125 0.6402777777777777 0.55078125 0.6449074074074074 0.53671875 0.6412037037037037 0.53359375 0.6310185185185185 0.5361979166666667 0.5328703703703703 0.5393229166666667 0.5273148148148148 0.5471354166666667 0.5254629629629629
0 0.6247395833333333 0.5337962962962963 0.6307291666666667 0.5361111111111111 0.63359375 0.5453703703703704 0.6369791666666667 0.6259259259259259 0.6361979166666667 0.6398148148148148 0.6341145833333334 0.6458333333333334 0.625 0.6527777777777778 0.6138020833333333 0.6509259259259259 0.6091145833333333 0.6421296296296296 0.6057291666666667 0.5601851851851852 0.6059895833333333 0.5467592592592593 0.6091145833333333 0.5361111111111111 0.6244791666666667 0.5337962962962963
0 0.8604166666666667 0.5453703703703704 0.8697916666666666 0.5523148148148148 0.8708333333333333 0.5736111111111111 0.8671875 0.6541666666666667 0.8635416666666667 0.6648148148148149 0.85859375 0.6675925925925926 0.84453125 0.6652777777777777 0.8401041666666667 0.6578703703703703 0.8393229166666667 0.6476851851851851 0.8424479166666666 0.5745370370370371 0.8450520833333334 0.5546296296296296 0.8489583333333334 0.5458333333333333 0.86015625 0.5453703703703704
0 0.6721354166666667 0.11481481481481481 0.67578125 0.11944444444444445 0.678125 0.1439814814814815 0.6765625 0.20416666666666666 0.6786458333333333 0.21388888888888888 0.6755208333333333 0.2212962962962963 0.6627604166666666 0.22824074074074074 0.6518229166666667 0.22407407407407406 0.6479166666666667 0.21203703703703702 0.6518229166666667 0.12824074074074074 0.6536458333333334 0.11898148148148148 0.6575520833333334 0.11435185185185186 0.671875 0.11481481481481481
0 0.9377604166666667 0.5425925925925926 0.94609375 0.5537037037037037 0.9494791666666667 0.5851851851851851 0.9497395833333333 0.6555555555555556 0.9463541666666667 0.6662037037037037 0.9401041666666666 0.6675925925925926 0.9286458333333333 0.6671296296296296 0.92265625 0.6583333333333333 0.91875 0.5990740740740741 0.9190104166666667 0.55 0.9270833333333334 0.5430555555555555 0.9375 0.5425925925925926
0 0.71171875 0.549074074074074 0.7151041666666667 0.5532407407407407 0.7169270833333333 0.5694444444444444 0.7166666666666667 0.6097222222222223 0.7135416666666666 0.6166666666666667 0.6950520833333333 0.6162037037037037 0.6921875 0.6125 0.6940104166666666 0.5935185185185186 0.6924479166666667 0.5532407407407407 0.6989583333333333 0.5481481481481482 0.7114583333333333 0.549074074074074
0 0.70625 0.6759259259259259 0.7109375 0.6805555555555556 0.7130208333333333 0.6898148148148148 0.7138020833333333 0.7287037037037037 0.7125 0.7865740740740741 0.7109375 0.7916666666666666 0.7065104166666667 0.7939814814814815 0.6885416666666667 0.7912037037037037 0.68359375 0.7828703703703703 0.6869791666666667 0.6819444444444445 0.6927083333333334 0.674074074074074 0.7059895833333333 0.6759259259259259
0 0.7411458333333333 0.6847222222222222 0.74609375 0.6902777777777778 0.74921875 0.7074074074074074 0.7518229166666667 0.7680555555555556 0.7497395833333333 0.7787037037037037 0.7419270833333333 0.7828703703703703 0.7265625 0.7791666666666667 0.7229166666666667 0.7421296296296296 0.7213541666666666 0.6995370370370371 0.7223958333333333 0.6912037037037037 0.7265625 0.6865740740740741 0.7408854166666666 0.6847222222222222
0 0.54375 0.6675925925925926 0.55078125 0.6699074074074074 0.5546875 0.6759259259259259 0.55625 0.7300925925925926 0.55625 0.7666666666666667 0.5546875 0.7768518518518519 0.5515625 0.7828703703703703 0.5447916666666667 0.7865740740740741 0.53515625 0.7847222222222222 0.5299479166666666 0.7759259259259259 0.5278645833333333 0.7300925925925926 0.5294270833333333 0.6754629629629629 0.5348958333333333 0.6694444444444444 0.5434895833333333 0.6675925925925926
0 0.6221354166666667 0.4439814814814815 0.6513020833333333 0.44583333333333336 0.6682291666666667 0.4527777777777778 0.6705729166666666 0.4634259259259259 0.6690104166666667 0.4912037037037037 0.6583333333333333 0.49583333333333335 0.6166666666666667 0.4925925925925926 0.60546875 0.4875 0.603125 0.4824074074074074 0.6020833333333333 0.46620370370370373 0.6057291666666667 0.4476851851851852 0.6119791666666666 0.44351851851851853 0.621875 0.4439814814814815
0 0.6682291666666667 0.25787037037037036 0.6729166666666667 0.26296296296296295 0.675 0.27546296296296297 0.6734375 0.3365740740740741 0.671875 0.3439814814814815 0.66171875 0.3453703703703704 0.65078125 0.3435185185185185 0.6484375 0.33796296296296297 0.65 0.2657407407407407 0.6546875 0.25787037037037036 0.66796875 0.25787037037037036
0 0.8541666666666666 0.23935185185185184 0.8609375 0.24305555555555555 0.8645833333333334 0.25092592592592594 0.8666666666666667 0.26990740740740743 0.8682291666666667 0.3282407407407407 0.865625 0.3421296296296296 0.8515625 0.34629629629629627 0.84296875 0.3425925925925926 0.8401041666666667 0.33194444444444443 0.8369791666666667 0.25324074074074077 0.8377604166666667 0.24768518518518517 0.84375 0.24074074074074073 0.85390625 0.23935185185185184
0 0.759375 0.3736111111111111 0.7901041666666667 0.3768518518518518 0.8044270833333333 0.38287037037037036 0.8072916666666666 0.39490740740740743 0.80703125 0.41064814814814815 0.80390625 0.42314814814814816 0.8005208333333333 0.425462962962963 0.7565104166666666 0.4217592592592593 0.7463541666666667 0.41805555555555557 0.74296875 0.40370370370370373 0.7447916666666666 0.3819444444444444 0.7486979166666666 0.37592592592592594 0.7591145833333334 0.3736111111111111
0 0.6338541666666667 0.2310185185185185 0.6375 0.2351851851851852 0.640625 0.24814814814814815 0.6408854166666667 0.26990740740740743 0.6393229166666666 0.2791666666666667 0.64140625 0.32407407407407407 0.6390625 0.337037037037037 0.6302083333333334 0.3416666666666667 0.6184895833333334 0.3398148148148148 0.6143229166666667 0.33101851851851855 0.61328125 0.31574074074074077 0.61484375 0.2810185185185185 0.6130208333333333 0.24259259259259258 0.61484375 0.2351851851851852 0.6192708333333333 0.2310185185185185 0.63359375 0.2310185185185185
0 0.8947916666666667 0.5513888888888889 0.90546875 0.5569444444444445 0.9083333333333333 0.5740740740740741 0.909375 0.6189814814814815 0.9080729166666667 0.6486111111111111 0.9033854166666667 0.6592592592592592 0.8979166666666667 0.6620370370370371 0.8830729166666667 0.6587962962962963 0.8802083333333334 0.6166666666666667 0.88046875 0.5606481481481481 0.88359375 0.5537037037037037 0.89453125 0.5513888888888889
0 0.7453125 0.5305555555555556 0.7497395833333333 0.5337962962962963 0.7526041666666666 0.5430555555555555 0.75234375 0.6194444444444445 0.7479166666666667 0.6333333333333333 0.7393229166666667 0.6356481481481482 0.7307291666666667 0.6337962962962963 0.7265625 0.6259259259259259 0.72734375 0.5398148148148149 0.7309895833333333 0.5314814814814814 0.7450520833333333 0.5305555555555556
0 0.6625 0.9648148148148148 0.671875 0.9768518518518519 0.6739583333333333 0.999537037037037 0.6440104166666667 0.999537037037037 0.64453125 0.9773148148148149 0.646875 0.9703703703703703 0.6510416666666666 0.9657407407407408 0.6622395833333333 0.9648148148148148
0 0.9010416666666666 0.24814814814814815 0.90625 0.25092592592592594 0.9104166666666667 0.2587962962962963 0.9158854166666667 0.2898148148148148 0.9143229166666667 0.35185185185185186 0.9114583333333334 0.3578703703703704 0.9018229166666667 0.3611111111111111 0.8908854166666667 0.3597222222222222 0.8830729166666667 0.3486111111111111 0.88359375 0.3347222222222222 0.8861979166666667 0.3314814814814815 0.8864583333333333 0.3263888888888889 0.88359375 0.28703703703703703 0.8802083333333334 0.2759259259259259 0.8872395833333333 0.25324074074074077 0.8911458333333333 0.2490740740740741 0.90078125 0.24814814814814815
0 0.7794270833333333 0.22685185185185186 0.7864583333333334 0.2300925925925926 0.78984375 0.2351851851851852 0.79296875 0.2513888888888889 0.79296875 0.3212962962962963 0.7903645833333334 0.33425925925925926 0.78359375 0.3388888888888889 0.7747395833333334 0.3384259259259259 0.7690104166666667 0.3347222222222222 0.7666666666666667 0.3277777777777778 0.765625 0.3138888888888889 0.7653645833333333 0.24027777777777778 0.7690104166666667 0.2310185185185185 0.7791666666666667 0.22685185185185186
0 0.6268229166666667 0.09537037037037037 0.63359375 0.09861111111111111 0.6372395833333333 0.10601851851851851 0.6395833333333333 0.1388888888888889 0.63828125 0.19814814814814816 0.634375 0.2064814814814815 0.6268229166666667 0.20972222222222223 0.61640625 0.20694444444444443 0.6127604166666667 0.1986111111111111 0.6114583333333333 0.15416666666666667 0.61328125 0.10925925925925926 0.6192708333333333 0.09768518518518518 0.6265625 0.09537037037037037
0 0.9653645833333333 0.24027777777777778 0.9734375 0.24444444444444444 0.97734375 0.25277777777777777 0.9794270833333333 0.2967592592592593 0.9776041666666667 0.3421296296296296 0.9729166666666667 0.350462962962963 0.9635416666666666 0.3537037037037037 0.9526041666666667 0.35 0.94609375 0.33611111111111114 0.9484375 0.29305555555555557 0.946875 0.26157407407407407 0.9528645833333333 0.2439814814814815 0.9651041666666667 0.24027777777777778
0 0.78359375 0.5435185185185185 0.7877604166666666 0.5467592592592593 0.7911458333333333 0.5606481481481481 0.7924479166666667 0.6300925925925925 0.7893229166666667 0.6458333333333334 0.7783854166666667 0.65 0.7713541666666667 0.6486111111111111 0.765625 0.6356481481481482 0.7653645833333333 0.5875 0.76328125 0.5597222222222222 0.7671875 0.5462962962962963 0.7747395833333334 0.5425925925925926 0.7833333333333333 0.5435185185185185
0 0.8598958333333333 0.9884259259259259 0.8658854166666666 0.9916666666666667 0.86875 0.999537037037037 0.8421875 0.999537037037037 0.8471354166666667 0.9893518518518518 0.8596354166666667 0.9884259259259259
0 0.7020833333333333 0.24212962962962964 0.71171875 0.24722222222222223 0.7145833333333333 0.2791666666666667 0.7135416666666666 0.3375 0.7109375 0.3449074074074074 0.7059895833333333 0.3476851851851852 0.6924479166666667 0.34675925925925927 0.6890625 0.3402777777777778 0.6877604166666667 0.2550925925925926 0.69140625 0.24444444444444444 0.7018229166666666 0.24212962962962964
0 0.5924479166666666 0.1111111111111111 0.6 0.11574074074074074 0.6020833333333333 0.12268518518518519 0.60234375 0.175 0.5989583333333334 0.21574074074074073 0.5950520833333334 0.22175925925925927 0.5885416666666666 0.22361111111111112 0.5783854166666667 0.21944444444444444 0.5744791666666667 0.2101851851851852 0.5739583333333333 0.19768518518518519 0.5768229166666666 0.11990740740740741 0.578125 0.11574074074074074 0.5828125 0.1125 0.5921875 0.1111111111111111
0 0.6645833333333333 0.6865740740740741 0.6744791666666666 0.6925925925925925 0.6765625 0.7217592592592592 0.6747395833333333 0.7787037037037037 0.671875 0.7935185185185185 0.6684895833333333 0.7986111111111112 0.6630208333333333 0.8009259259259259 0.6497395833333334 0.7976851851851852 0.6466145833333333 0.7916666666666666 0.6458333333333334 0.7736111111111111 0.6479166666666667 0.7449074074074075 0.6479166666666667 0.7027777777777777 0.6502604166666667 0.6907407407407408 0.6541666666666667 0.6856481481481481 0.6643229166666667 0.6865740740740741
0 0.7338541666666667 0 0.8005208333333333 0 0.78984375 0.0125 0.7447916666666666 0.032407407407407406 0.7408854166666666 0.03194444444444444 0.73671875 0.02546296296296296 0.7341145833333333 0.012962962962962963 0.7338541666666667 0.000462962962962963
0 0.12083333333333333 0.04537037037037037 0.12734375 0.05 0.13046875 0.0699074074074074 0.12005208333333334 0.12314814814814815 0.11640625 0.1310185185185185 0.11328125 0.13240740740740742 0.10078125 0.12685185185185185 0.096875 0.11388888888888889 0.09973958333333334 0.08888888888888889 0.10833333333333334 0.04722222222222222 0.12057291666666667 0.04537037037037037
0 0.78515625 0.674074074074074 0.7908854166666667 0.6819444444444445 0.79296875 0.7023148148148148 0.7940104166666667 0.7722222222222223 0.78984375 0.7925925925925926 0.7830729166666667 0.7967592592592593 0.771875 0.7944444444444444 0.7658854166666667 0.7828703703703703 0.7643229166666666 0.6930555555555555 0.7677083333333333 0.6754629629629629 0.7848958333333333 0.674074074074074
0 0.7033854166666667 0.11435185185185186 0.71015625 0.11712962962962963 0.7122395833333334 0.12361111111111112 0.7140625 0.17222222222222222 0.7111979166666667 0.2064814814814815 0.7013020833333333 0.21296296296296297 0.6921875 0.21157407407407408 0.6880208333333333 0.2050925925925926 0.68828125 0.13194444444444445 0.68984375 0.11851851851851852 0.69609375 0.11435185185185186 0.703125 0.11435185185185186
0 0.8161458333333333 0.5412037037037037 0.82109375 0.5425925925925926 0.8244791666666667 0.5481481481481482 0.828125 0.5921296296296297 0.8268229166666666 0.6462962962962963 0.8236979166666667 0.6509259259259259 0.8174479166666667 0.6532407407407408 0.80390625 0.6513888888888889 0.8 0.6412037037037037 0.8 0.549074074074074 0.8036458333333333 0.5425925925925926 0.8158854166666667 0.5412037037037037
0 0.5854166666666667 0.6814814814814815 0.5953125 0.6875 0.5973958333333333 0.712037037037037 0.5947916666666667 0.7925925925925926 0.58984375 0.8074074074074075 0.5848958333333333 0.8097222222222222 0.5734375 0.8078703703703703 0.5697916666666667 0.8027777777777778 0.5674479166666667 0.7847222222222222 0.56953125 0.7652777777777777 0.5674479166666667 0.7541666666666667 0.5703125 0.7310185185185185 0.5721354166666667 0.6888888888888889 0.5760416666666667 0.6824074074074075 0.58515625 0.6814814814814815
0 0.8151041666666666 0.22870370370370371 0.8216145833333334 0.2310185185185185 0.8252604166666667 0.2388888888888889 0.82734375 0.2564814814814815 0.8270833333333333 0.2967592592592593 0.825 0.3143518518518518 0.8140625 0.31805555555555554 0.80703125 0.3175925925925926 0.8028645833333333 0.3101851851851852 0.8015625 0.2412037037037037 0.8049479166666667 0.2310185185185185 0.81484375 0.22870370370370371
0 0.7799479166666666 0.10972222222222222 0.784375 0.1125 0.78671875 0.12175925925925926 0.7888020833333333 0.17175925925925925 0.78671875 0.20277777777777778 0.7833333333333333 0.2111111111111111 0.7794270833333333 0.21342592592592594 0.76796875 0.21203703703703702 0.7643229166666666 0.20972222222222223 0.7619791666666667 0.2037037037037037 0.7591145833333334 0.12638888888888888 0.76015625 0.11851851851851852 0.7640625 0.11157407407407408 0.7796875 0.10972222222222222
0 0.9997395833333333 0.3972222222222222 0.9997395833333333 0.462037037037037 0.99453125 0.46111111111111114 0.9869791666666666 0.4537037037037037 0.98203125 0.4361111111111111 0.9841145833333333 0.4236111111111111 0.9994791666666667 0.3972222222222222
0 0.8190104166666666 0.6796296296296296 0.8252604166666667 0.6837962962962963 0.8270833333333333 0.6907407407407408 0.8276041666666667 0.7763888888888889 0.82421875 0.7861111111111111 0.8169270833333333 0.7907407407407407 0.8049479166666667 0.7865740740740741 0.80234375 0.7828703703703703 0.8002604166666667 0.7722222222222223 0.8026041666666667 0.7231481481481481 0.8 0.6925925925925925 0.8033854166666666 0.6814814814814815 0.81875 0.6796296296296296