0 0.8880208333333334 0.13194444444444445 0.8927083333333333 0.13657407407407407 0.8947916666666667 0.15833333333333333 0.8958333333333334 0.22962962962962963 0.89375 0.24305555555555555 0.8846354166666667 0.24861111111111112 0.8731770833333333 0.24722222222222223 0.86875 0.23842592592592593 0.8669270833333333 0.1574074074074074 0.86875 0.13935185185185187 0.871875 0.1337962962962963 0.8877604166666667 0.13194444444444445
0 0.775 0.1259259259259259 0.7799479166666666 0.1287037037037037 0.7828125 0.13842592592592592 0.784375 0.19490740740740742 0.7833333333333333 0.2199074074074074 0.7799479166666666 0.22592592592592592 0.7729166666666667 0.2300925925925926 0.7640625 0.2273148148148148 0.7627604166666667 0.21851851851851853 0.75859375 0.21712962962962962 0.7575520833333333 0.21388888888888888 0.7557291666666667 0.14351851851851852 0.7588541666666667 0.1287037037037037 0.7653645833333333 0.12546296296296297 0.7747395833333334 0.1259259259259259
0 0.6966145833333334 0.1300925925925926 0.703125 0.13148148148148148 0.7075520833333333 0.13657407407407407 0.709375 0.1925925925925926 0.7075520833333333 0.22083333333333333 0.6981770833333333 0.22824074074074074 0.6854166666666667 0.225 0.6830729166666667 0.21342592592592594 0.6846354166666667 0.13796296296296295 0.68828125 0.13194444444444445 0.6963541666666667 0.1300925925925926
0 0.7377604166666667 0.2611111111111111 0.74453125 0.2652777777777778 0.7486979166666666 0.2759259259259259 0.7518229166666667 0.3449074074074074 0.7502604166666667 0.3625 0.746875 0.3662037037037037 0.7395833333333334 0.36712962962962964 0.7309895833333333 0.3648148148148148 0.7268229166666667 0.3592592592592593 0.7255208333333333 0.29259259259259257 0.7236979166666667 0.28425925925925927 0.7239583333333334 0.2740740740740741 0.72734375 0.2657407407407407 0.7375 0.2611111111111111
0 0.9596354166666666 0.13148148148148148 0.97109375 0.14074074074074075 0.9736979166666667 0.17037037037037037 0.9731770833333333 0.22962962962962963 0.9703125 0.23703703703703705 0.9625 0.24305555555555555 0.9513020833333333 0.23935185185185184 0.9458333333333333 0.23055555555555557 0.9440104166666666 0.2212962962962963 0.9453125 0.20555555555555555 0.9427083333333334 0.15925925925925927 0.94375 0.1476851851851852 0.9486979166666667 0.13518518518518519 0.959375 0.13148148148148148
0 0.8072916666666666 0.11018518518518519 0.8140625 0.11388888888888889 0.8184895833333333 0.12268518518518519 0.8213541666666667 0.1597222222222222 0.81875 0.20324074074074075 0.81484375 0.20972222222222223 0.8080729166666667 0.21157407407407408 0.79921875 0.2101851851851852 0.7940104166666667 0.20324074074074075 0.7924479166666667 0.1449074074074074 0.7934895833333333 0.12731481481481483 0.7963541666666667 0.11666666666666667 0.8002604166666667 0.11157407407407408 0.80703125 0.11018518518518519
0 0.7763020833333333 0.5578703703703703 0.7822916666666667 0.5606481481481481 0.7854166666666667 0.5671296296296297 0.7888020833333333 0.6277777777777778 0.7875 0.6574074074074074 0.7856770833333333 0.6615740740740741 0.7791666666666667 0.6652777777777777 0.7697916666666667 0.6652777777777777 0.7645833333333333 0.6606481481481481 0.7619791666666667 0.6481481481481481 0.7606770833333333 0.6129629629629629 0.7606770833333333 0.5666666666666667 0.7651041666666667 0.5597222222222222 0.7760416666666666 0.5578703703703703
0 0.8583333333333333 0.6995370370370371 0.86640625 0.7069444444444445 0.86953125 0.7273148148148149 0.8708333333333333 0.8083333333333333 0.86875 0.8157407407407408 0.8625 0.8189814814814815 0.8453125 0.8152777777777778 0.840625 0.7953703703703704 0.8419270833333333 0.7578703703703704 0.8393229166666667 0.7162037037037037 0.8416666666666667 0.7064814814814815 0.8447916666666667 0.7023148148148148 0.8580729166666666 0.6995370370370371
0 0.89765625 0.26435185185185184 0.90546875 0.2722222222222222 0.9078125 0.2810185185185185 0.9080729166666667 0.2953703703703704 0.9111979166666667 0.3050925925925926 0.909375 0.31342592592592594 0.9106770833333333 0.35833333333333334 0.9080729166666667 0.3726851851851852 0.8958333333333334 0.3773148148148148 0.8872395833333333 0.3763888888888889 0.8794270833333333 0.3662037037037037 0.8786458333333333 0.35833333333333334 0.8809895833333333 0.34305555555555556 0.8802083333333334 0.30694444444444446 0.8770833333333333 0.28888888888888886 0.8828125 0.2689814814814815 0.8888020833333333 0.26481481481481484 0.8973958333333333 0.26435185185185184
0 0.6236979166666666 0.55 0.628125 0.5537037037037037 0.6299479166666667 0.562037037037037 0.6330729166666667 0.6472222222222223 0.63203125 0.6578703703703703 0.6291666666666667 0.6643518518518519 0.6216145833333333 0.6685185185185185 0.609375 0.6666666666666666 0.60546875 0.6587962962962963 0.6020833333333333 0.5717592592592593 0.6028645833333334 0.5574074074074075 0.60546875 0.5518518518518518 0.6234375 0.55
0 0.5364583333333334 0.39490740740740743 0.5424479166666667 0.4009259259259259 0.55 0.4148148148148148 0.5510416666666667 0.4217592592592593 0.5489583333333333 0.43194444444444446 0.51640625 0.4976851851851852 0.5078125 0.5074074074074074 0.5015625 0.5069444444444444 0.49296875 0.49444444444444446 0.490625 0.4842592592592593 0.49114583333333334 0.47314814814814815 0.5286458333333334 0.40046296296296297 0.5361979166666667 0.39490740740740743
0 0.85390625 0.5601851851851852 0.8658854166666666 0.5675925925925925 0.8666666666666667 0.5833333333333334 0.8638020833333333 0.6685185185185185 0.8596354166666667 0.6810185185185185 0.8533854166666667 0.6833333333333333 0.8388020833333333 0.6787037037037037 0.8364583333333333 0.674537037037037 0.83515625 0.6643518518518519 0.840625 0.5740740740740741 0.8442708333333333 0.562037037037037 0.8536458333333333 0.5601851851851852
0 0.72265625 0.3875 0.740625 0.38981481481481484 0.7453125 0.3939814814814815 0.7466145833333333 0.4101851851851852 0.7453125 0.4287037037037037 0.74375 0.4324074074074074 0.7385416666666667 0.43472222222222223 0.6916666666666667 0.4324074074074074 0.6848958333333334 0.4263888888888889 0.68359375 0.40370370370370373 0.68671875 0.38981481481481484 0.69609375 0.38564814814814813 0.7223958333333333 0.3875
0 0.6684895833333333 0.1310185185185185 0.6705729166666666 0.13333333333333333 0.6729166666666667 0.14537037037037037 0.671875 0.22777777777777777 0.66875 0.2375 0.6580729166666667 0.24444444444444444 0.65 0.24166666666666667 0.64375 0.2273148148148148 0.64765625 0.14722222222222223 0.6497395833333334 0.13472222222222222 0.6528645833333333 0.1300925925925926 0.6682291666666667 0.1310185185185185
0 0.5864583333333333 0.12731481481481483 0.5966145833333333 0.1337962962962963 0.5984375 0.14027777777777778 0.5989583333333334 0.15787037037037038 0.5958333333333333 0.2263888888888889 0.5927083333333333 0.2351851851851852 0.5859375 0.23935185185185184 0.5778645833333333 0.2388888888888889 0.5739583333333333 0.2351851851851852 0.5708333333333333 0.22870370370370371 0.5697916666666667 0.2152777777777778 0.57265625 0.13657407407407407 0.5760416666666667 0.12962962962962962 0.5861979166666667 0.12731481481481483
0 0.9341145833333333 0.5587962962962963 0.9390625 0.562962962962963 0.94296875 0.5740740740740741 0.9458333333333333 0.6189814814814815 0.9450520833333333 0.6703703703703704 0.9408854166666667 0.6800925925925926 0.9346354166666667 0.6824074074074075 0.9216145833333333 0.6791666666666667 0.9171875 0.6680555555555555 0.91328125 0.5763888888888888 0.9145833333333333 0.5666666666666667 0.9192708333333334 0.5601851851851852 0.9338541666666667 0.5587962962962963
0 0.6239583333333333 0.6912037037037037 0.6309895833333333 0.6995370370370371 0.6341145833333334 0.7421296296296296 0.6317708333333333 0.7546296296296297 0.6330729166666667 0.7694444444444445 0.63125 0.8111111111111111 0.6276041666666666 0.8185185185185185 0.62109375 0.8208333333333333 0.6096354166666667 0.8194444444444444 0.60390625 0.8106481481481481 0.60234375 0.7615740740740741 0.6075520833333333 0.6990740740740741 0.6122395833333333 0.6916666666666667 0.6236979166666666 0.6912037037037037
0 0.70625 0.5648148148148148 0.7106770833333333 0.5689814814814815 0.7127604166666667 0.5884259259259259 0.71328125 0.6162037037037037 0.7119791666666667 0.6300925925925925 0.71015625 0.6319444444444444 0.6890625 0.6314814814814815 0.6880208333333333 0.6287037037037037 0.68984375 0.6064814814814815 0.6890625 0.5671296296296297 0.6958333333333333 0.5638888888888889 0.7059895833333333 0.5648148148148148
0 0.69765625 0.6893518518518519 0.7067708333333333 0.6953703703703704 0.7104166666666667 0.7087962962962963 0.7104166666666667 0.7759259259259259 0.7083333333333334 0.8037037037037037 0.7065104166666667 0.8078703703703703 0.7 0.8092592592592592 0.6846354166666667 0.8074074074074075 0.6794270833333333 0.799074074074074 0.68203125 0.7027777777777777 0.6875 0.6907407407407408 0.6973958333333333 0.6893518518518519
0 0.7393229166666667 0.7013888888888888 0.7424479166666667 0.7055555555555556 0.7447916666666666 0.7203703703703703 0.7479166666666667 0.7865740740740741 0.7447916666666666 0.7953703703703704 0.7377604166666667 0.7981481481481482 0.7265625 0.7981481481481482 0.72265625 0.7935185185185185 0.71953125 0.7643518518518518 0.7200520833333334 0.7412037037037037 0.7177083333333333 0.7097222222222223 0.71953125 0.7046296296296296 0.725 0.7013888888888888 0.7390625 0.7013888888888888
0 0.178125 0.7125 0.1828125 0.7175925925925926 0.18489583333333334 0.725925925925926 0.18229166666666666 0.7689814814814815 0.17786458333333333 0.8069444444444445 0.175 0.8152777777777778 0.1703125 0.8180555555555555 0.15833333333333333 0.8157407407407408 0.15338541666666666 0.8087962962962963 0.15260416666666668 0.7856481481481481 0.15494791666666666 0.7601851851851852 0.15390625 0.7472222222222222 0.15755208333333334 0.7384259259259259 0.15989583333333332 0.7240740740740741 0.16484375 0.7134259259259259 0.17083333333333334 0.7106481481481481 0.17786458333333333 0.7125
0 0.70078125 0.25787037037037036 0.7080729166666667 0.2638888888888889 0.7098958333333333 0.27824074074074073 0.71015625 0.3523148148148148 0.7088541666666667 0.36203703703703705 0.7036458333333333 0.36435185185185187 0.68828125 0.3625 0.6854166666666667 0.3592592592592593 0.684375 0.3486111111111111 0.684375 0.2657407407407407 0.6893229166666667 0.2587962962962963 0.7005208333333334 0.25787037037037036
0 0.6377604166666667 0.4222222222222222 0.6440104166666667 0.4287037037037037 0.6513020833333333 0.4527777777777778 0.6513020833333333 0.4634259259259259 0.66015625 0.49444444444444446 0.6645833333333333 0.5189814814814815 0.6643229166666667 0.5254629629629629 0.6614583333333334 0.5324074074074074 0.6481770833333333 0.5407407407407407 0.6442708333333333 0.5388888888888889 0.6403645833333333 0.5296296296296297 0.628125 0.4777777777777778 0.6197916666666666 0.4527777777777778 0.61953125 0.4393518518518518 0.6223958333333334 0.43194444444444446 0.6375 0.4222222222222222
0 0.853125 0.1425925925925926 0.8567708333333334 0.15092592592592594 0.8565104166666667 0.22546296296296298 0.8533854166666667 0.23703703703703705 0.8463541666666666 0.23981481481481481 0.8346354166666666 0.2388888888888889 0.8309895833333333 0.23287037037037037 0.8309895833333333 0.15092592592592594 0.8346354166666666 0.14212962962962963 0.8528645833333334 0.1425925925925926
0 0.8143229166666667 0.6949074074074074 0.8205729166666667 0.6986111111111111 0.8223958333333333 0.7027777777777777 0.8247395833333333 0.7722222222222223 0.821875 0.8 0.81171875 0.8060185185185185 0.8026041666666667 0.8041666666666667 0.7984375 0.7967592592592593 0.7966145833333333 0.7055555555555556 0.8002604166666667 0.6967592592592593 0.8140625 0.6949074074074074
0 0.6583333333333333 0.2722222222222222 0.66875 0.27824074074074073 0.6705729166666666 0.2902777777777778 0.6684895833333333 0.3541666666666667 0.6669270833333333 0.3587962962962963 0.6622395833333333 0.36064814814814816 0.64765625 0.3592592592592593 0.6447916666666667 0.35555555555555557 0.6440104166666667 0.3490740740740741 0.6455729166666667 0.3347222222222222 0.6455729166666667 0.2828703703703704 0.6505208333333333 0.27361111111111114 0.6580729166666667 0.2722222222222222
0 0.5518229166666667 0.5430555555555555 0.55703125 0.5462962962962963 0.5575520833333333 0.5504629629629629 0.55703125 0.6439814814814815 0.5526041666666667 0.6574074074074074 0.5434895833333333 0.6606481481481481 0.5330729166666667 0.6564814814814814 0.5296875 0.6453703703703704 0.5328125 0.5462962962962963 0.5393229166666667 0.5421296296296296 0.5515625 0.5430555555555555
0 0.62421875 0.24444444444444444 0.6328125 0.24814814814814815 0.6359375 0.25555555555555554 0.6375 0.3263888888888889 0.63515625 0.34953703703703703 0.6299479166666667 0.3560185185185185 0.6236979166666666 0.3574074074074074 0.61328125 0.35555555555555557 0.61015625 0.3486111111111111 0.60859375 0.2986111111111111 0.609375 0.2550925925925926 0.6151041666666667 0.2462962962962963 0.6239583333333333 0.24444444444444444
0 0.8916666666666667 0.5675925925925925 0.9015625 0.5722222222222222 0.9044270833333333 0.5847222222222223 0.9044270833333333 0.6611111111111111 0.8986979166666667 0.674537037037037 0.8942708333333333 0.6763888888888889 0.88359375 0.6754629629629629 0.87890625 0.6712962962962963 0.8776041666666666 0.6662037037037037 0.878125 0.6435185185185185 0.8755208333333333 0.6268518518518519 0.8765625 0.5736111111111111 0.8807291666666667 0.5689814814814815 0.89140625 0.5675925925925925
0 0.6572916666666667 0.7023148148148148 0.6700520833333333 0.7064814814814815 0.671875 0.712037037037037 0.6721354166666667 0.7342592592592593 0.6690104166666667 0.8069444444444445 0.6635416666666667 0.8148148148148148 0.6578125 0.8166666666666667 0.6458333333333334 0.812962962962963 0.6434895833333333 0.8069444444444445 0.6424479166666667 0.7939814814814815 0.64453125 0.7666666666666667 0.64453125 0.7097222222222223 0.6471354166666666 0.7032407407407407 0.65703125 0.7023148148148148
0 0.7390625 0.5453703703703704 0.7458333333333333 0.5486111111111112 0.7484375 0.5569444444444445 0.7494791666666667 0.6125 0.7466145833333333 0.6425925925925926 0.74453125 0.6476851851851851 0.7375 0.6509259259259259 0.7263020833333333 0.6486111111111111 0.72265625 0.6412037037037037 0.72265625 0.5648148148148148 0.7244791666666667 0.549537037037037 0.7299479166666667 0.5458333333333333 0.7388020833333333 0.5453703703703704
0 0.6588541666666666 0.9800925925925926 0.6666666666666666 0.9875 0.6690104166666667 0.999537037037037 0.6419270833333334 0.999537037037037 0.6416666666666667 0.9944444444444445 0.6453125 0.9842592592592593 0.65859375 0.9800925925925926
0 0.8458333333333333 0.25462962962962965 0.85390625 0.2574074074074074 0.859375 0.2671296296296296 0.8640625 0.33101851851851855 0.8625 0.3560185185185185 0.8598958333333333 0.3597222222222222 0.8505208333333333 0.36157407407407405 0.84140625 0.36064814814814816 0.8375 0.3560185185185185 0.83203125 0.2791666666666667 0.8346354166666666 0.262037037037037 0.8377604166666667 0.2574074074074074 0.8455729166666667 0.25462962962962965
0 0.6252604166666667 0.11157407407407408 0.6299479166666667 0.11527777777777778 0.63359375 0.12314814814814815 0.6359375 0.15833333333333333 0.6333333333333333 0.21666666666666667 0.6231770833333333 0.225 0.6122395833333333 0.22361111111111112 0.6088541666666667 0.2175925925925926 0.6083333333333333 0.13240740740740742 0.6088541666666667 0.12361111111111112 0.6127604166666667 0.11574074074074074 0.6197916666666666 0.1111111111111111 0.625 0.11157407407407408
0 0.9661458333333334 0.2587962962962963 0.97109375 0.26481481481481484 0.97265625 0.27175925925925926 0.9729166666666667 0.2865740740740741 0.9752604166666666 0.2949074074074074 0.97421875 0.3194444444444444 0.9755208333333333 0.3402777777777778 0.9736979166666667 0.35509259259259257 0.9708333333333333 0.362962962962963 0.9669270833333333 0.3680555555555556 0.9604166666666667 0.3699074074074074 0.9486979166666667 0.36574074074074076 0.9416666666666667 0.3523148148148148 0.9447916666666667 0.29444444444444445 0.9419270833333333 0.2791666666666667 0.9453125 0.2652777777777778 0.9494791666666667 0.2587962962962963 0.9559895833333333 0.2564814814814815 0.9658854166666667 0.2587962962962963
0 0.7765625 0.6893518518518519 0.7833333333333333 0.6921296296296297 0.7869791666666667 0.700462962962963 0.7903645833333334 0.7689814814814815 0.7895833333333333 0.7953703703703704 0.7875 0.8046296296296296 0.7828125 0.8111111111111111 0.77734375 0.8125 0.7651041666666667 0.8083333333333333 0.7619791666666667 0.8032407407407407 0.7609375 0.7962962962962963 0.76171875 0.6958333333333333 0.7653645833333333 0.6902777777777778 0.7763020833333333 0.6893518518518519
0 0.73828125 0.09907407407407408 0.7442708333333333 0.10231481481481482 0.7473958333333334 0.10925925925925926 0.7484375 0.16620370370370371 0.7458333333333333 0.2101851851851852 0.7424479166666667 0.2175925925925926 0.73671875 0.22083333333333333 0.7263020833333333 0.22037037037037038 0.7205729166666667 0.21666666666666667 0.7184895833333333 0.20972222222222223 0.7184895833333333 0.19583333333333333 0.7208333333333333 0.17546296296296296 0.7197916666666667 0.14722222222222223 0.7221354166666667 0.1087962962962963 0.7270833333333333 0.10046296296296296 0.7380208333333333 0.09907407407407408
0 0.8140625 0.5569444444444445 0.8184895833333333 0.5601851851851852 0.8216145833333334 0.5685185185185185 0.8239583333333333 0.6287037037037037 0.82265625 0.6620370370370371 0.8208333333333333 0.6662037037037037 0.81484375 0.6689814814814815 0.8028645833333333 0.6680555555555555 0.7986979166666667 0.6652777777777777 0.7971354166666667 0.6606481481481481 0.7981770833333334 0.6259259259259259 0.7953125 0.5837962962962963 0.7958333333333333 0.5675925925925925 0.7981770833333334 0.5597222222222222 0.8138020833333334 0.5569444444444445
0 0.5401041666666667 0.6833333333333333 0.55078125 0.6907407407407408 0.5526041666666667 0.7277777777777777 0.553125 0.7851851851851852 0.5479166666666667 0.799537037037037 0.54296875 0.8023148148148148 0.5283854166666667 0.7981481481481482 0.52578125 0.7898148148148149 0.525 0.7777777777777778 0.5263020833333333 0.7407407407407407 0.5283854166666667 0.7305555555555555 0.5276041666666667 0.7203703703703703 0.52421875 0.7106481481481481 0.5247395833333334 0.6953703703703704 0.5291666666666667 0.6865740740740741 0.53984375 0.6833333333333333
0 0.8151041666666666 0.24583333333333332 0.8184895833333333 0.24768518518518517 0.8216145833333334 0.25462962962962965 0.8236979166666667 0.2902777777777778 0.82265625 0.3282407407407407 0.81484375 0.3347222222222222 0.8036458333333333 0.3337962962962963 0.7994791666666666 0.3277777777777778 0.7979166666666667 0.26944444444444443 0.7979166666666667 0.2550925925925926 0.8002604166666667 0.24861111111111112 0.8036458333333333 0.24583333333333332 0.81484375 0.24583333333333332
0 0.7763020833333333 0.24305555555555555 0.7838541666666666 0.24768518518518517 0.7885416666666667 0.26481481481481484 0.7890625 0.3384259259259259 0.7864583333333334 0.3509259259259259 0.7799479166666666 0.35462962962962963 0.7651041666666667 0.35185185185185186 0.7627604166666667 0.3453703703703704 0.7611979166666667 0.32592592592592595 0.7611979166666667 0.25416666666666665 0.7674479166666667 0.2449074074074074 0.7760416666666666 0.24305555555555555
0 0.5817708333333333 0.6962962962962963 0.5916666666666667 0.7023148148148148 0.5934895833333333 0.7129629629629629 0.59140625 0.7412037037037037 0.5924479166666666 0.7550925925925925 0.5901041666666667 0.8157407407407408 0.5869791666666667 0.8226851851851852 0.5794270833333334 0.825925925925926 0.5705729166666667 0.825462962962963 0.5677083333333334 0.8222222222222222 0.5638020833333334 0.8115740740740741 0.56328125 0.8027777777777778 0.56875 0.7037037037037037 0.57421875 0.6967592592592593 0.5815104166666667 0.6962962962962963