0 0.88828125 0.12546296296296297 0.89375 0.1287037037037037 0.8958333333333334 0.13703703703703704 0.8986979166666667 0.19212962962962962 0.8979166666666667 0.22175925925925927 0.8950520833333333 0.23842592592592593 0.8841145833333334 0.24212962962962964 0.87421875 0.23981481481481481 0.86953125 0.225 0.8700520833333333 0.19444444444444445 0.86796875 0.15462962962962962 0.8705729166666667 0.1337962962962963 0.8729166666666667 0.1287037037037037 0.8802083333333334 0.125 0.8880208333333334 0.12546296296296297
0 0.5481770833333334 0.6791666666666667 0.553125 0.6851851851851852 0.5544270833333333 0.6949074074074074 0.5552083333333333 0.7712962962962963 0.5536458333333333 0.7861111111111111 0.54921875 0.7935185185185185 0.54375 0.7962962962962963 0.5325520833333334 0.7944444444444444 0.528125 0.7861111111111111 0.5263020833333333 0.7555555555555555 0.5263020833333333 0.6939814814814815 0.5276041666666667 0.6851851851851852 0.5328125 0.6787037037037037 0.5479166666666667 0.6791666666666667
0 0.8114583333333333 0.10416666666666667 0.8174479166666667 0.11018518518518519 0.8205729166666667 0.11898148148148148 0.8229166666666666 0.1625 0.82109375 0.19583333333333333 0.81796875 0.20277777777777778 0.8109375 0.20601851851851852 0.7997395833333333 0.20324074074074075 0.7955729166666666 0.19583333333333333 0.7971354166666667 0.16712962962962963 0.79375 0.12638888888888888 0.8002604166666667 0.10740740740740741 0.8111979166666666 0.10416666666666667
0 0.6291666666666667 0.687037037037037 0.6328125 0.6953703703703704 0.6348958333333333 0.7203703703703703 0.6356770833333333 0.7680555555555556 0.6341145833333334 0.7986111111111112 0.6299479166666667 0.812037037037037 0.62109375 0.8148148148148148 0.609375 0.812037037037037 0.60546875 0.8032407407407407 0.60703125 0.7083333333333334 0.6091145833333333 0.6935185185185185 0.6122395833333333 0.6875 0.6216145833333333 0.6847222222222222 0.62890625 0.687037037037037
0 0.78046875 0.5523148148148148 0.78671875 0.5574074074074075 0.7885416666666667 0.5671296296296297 0.790625 0.638425925925926 0.7888020833333333 0.6537037037037037 0.7799479166666666 0.6592592592592592 0.7692708333333333 0.6578703703703703 0.7651041666666667 0.65 0.76171875 0.5675925925925925 0.765625 0.5555555555555556 0.7802083333333333 0.5523148148148148
0 0.7442708333333333 0.2569444444444444 0.7494791666666667 0.26342592592592595 0.7515625 0.2763888888888889 0.7533854166666667 0.3490740740740741 0.7518229166666667 0.35648148148148145 0.74140625 0.36018518518518516 0.7333333333333333 0.3592592592592593 0.728125 0.35185185185185186 0.7265625 0.29305555555555557 0.7244791666666667 0.27361111111111114 0.73125 0.2574074074074074 0.7440104166666667 0.2569444444444444
0 0.7005208333333334 0.2518518518518518 0.7067708333333333 0.25416666666666665 0.71015625 0.25925925925925924 0.71171875 0.28194444444444444 0.7114583333333333 0.34814814814814815 0.709375 0.3537037037037037 0.7020833333333333 0.35694444444444445 0.6924479166666667 0.3560185185185185 0.6872395833333333 0.3490740740740741 0.6854166666666667 0.27685185185185185 0.6877604166666667 0.2550925925925926 0.7002604166666667 0.2518518518518518
0 0.9651041666666667 0.1259259259259259 0.9713541666666666 0.13148148148148148 0.9747395833333333 0.14027777777777778 0.97578125 0.20185185185185187 0.9744791666666667 0.22777777777777777 0.9653645833333333 0.2361111111111111 0.9528645833333333 0.23287037037037037 0.9479166666666666 0.22361111111111112 0.9471354166666667 0.1638888888888889 0.9453125 0.1550925925925926 0.9463541666666667 0.1412037037037037 0.9505208333333334 0.12962962962962962 0.95625 0.125 0.96484375 0.1259259259259259
0 0.8505208333333333 0.13518518518518519 0.8559895833333333 0.13703703703703704 0.8591145833333333 0.1439814814814815 0.85859375 0.2199074074074074 0.85390625 0.23148148148148148 0.8463541666666666 0.23425925925925925 0.8348958333333333 0.23148148148148148 0.83203125 0.22361111111111112 0.8325520833333333 0.14722222222222223 0.83515625 0.1361111111111111 0.8502604166666666 0.13518518518518519
0 0.8627604166666667 0.6935185185185185 0.8682291666666667 0.6990740740740741 0.8708333333333333 0.7083333333333334 0.8734375 0.7620370370370371 0.8731770833333333 0.8037037037037037 0.8697916666666666 0.8111111111111111 0.8630208333333333 0.8134259259259259 0.8520833333333333 0.8125 0.8455729166666667 0.8037037037037037 0.84375 0.7902777777777777 0.8447916666666667 0.7444444444444445 0.8416666666666667 0.7222222222222222 0.8419270833333333 0.7083333333333334 0.8455729166666667 0.6981481481481482 0.8528645833333334 0.6925925925925925 0.8625 0.6935185185185185
0 0.9361979166666666 0.4125 0.9473958333333333 0.41759259259259257 0.9859375 0.4564814814814815 0.9877604166666667 0.4708333333333333 0.9815104166666667 0.49166666666666664 0.9776041666666667 0.4962962962962963 0.9705729166666667 0.4949074074074074 0.9494791666666667 0.47824074074074074 0.9231770833333334 0.44907407407407407 0.9223958333333333 0.4398148148148148 0.928125 0.41944444444444445 0.9359375 0.4125
0 0 0.5462962962962963 0.012239583333333333 0.5472222222222223 0.0140625 0.5699074074074074 0.013802083333333333 0.5842592592592593 0.009635416666666667 0.6018518518518519 0.009895833333333333 0.6296296296296297 0.0049479166666666664 0.6425925925925926 0 0.6458333333333334 0 0.5467592592592593
0 0.6325520833333333 0.2412037037037037 0.6361979166666667 0.24537037037037038 0.63828125 0.25416666666666665 0.6372395833333333 0.29444444444444445 0.6390625 0.32546296296296295 0.6372395833333333 0.3449074074074074 0.6276041666666666 0.35138888888888886 0.6153645833333333 0.34953703703703703 0.6119791666666666 0.3435185185185185 0.6111979166666667 0.2518518518518518 0.6135416666666667 0.2439814814814815 0.6192708333333333 0.23935185185185184 0.6322916666666667 0.2412037037037037
0 0.62734375 0.5444444444444444 0.6302083333333334 0.5481481481481482 0.6325520833333333 0.562962962962963 0.6348958333333333 0.6458333333333334 0.6302083333333334 0.6587962962962963 0.6247395833333333 0.6615740740740741 0.6125 0.6606481481481481 0.6072916666666667 0.6513888888888889 0.6041666666666666 0.5606481481481481 0.6059895833333333 0.5481481481481482 0.6091145833333333 0.5444444444444444 0.6270833333333333 0.5444444444444444
0 0.8955729166666667 0.5615740740740741 0.9010416666666666 0.5638888888888889 0.90546875 0.5699074074074074 0.9078125 0.6458333333333334 0.9057291666666667 0.6625 0.90078125 0.6699074074074074 0.8950520833333333 0.6712962962962963 0.8838541666666667 0.6699074074074074 0.8799479166666667 0.663425925925926 0.8783854166666667 0.5995370370370371 0.8796875 0.5657407407407408 0.8864583333333333 0.5615740740740741 0.8953125 0.5615740740740741
0 0.6677083333333333 0.12361111111111112 0.6729166666666667 0.12824074074074074 0.6744791666666666 0.1361111111111111 0.6752604166666667 0.21157407407407408 0.6736979166666667 0.22685185185185186 0.66171875 0.23842592592592593 0.65078125 0.2351851851851852 0.6473958333333333 0.23055555555555557 0.6458333333333334 0.22037037037037038 0.646875 0.18518518518518517 0.65078125 0.13055555555555556 0.6544270833333333 0.12453703703703704 0.6674479166666667 0.12361111111111112
0 0.5903645833333333 0.12175925925925926 0.5971354166666667 0.12453703703703704 0.5997395833333333 0.13055555555555556 0.6 0.2050925925925926 0.5989583333333334 0.2212962962962963 0.5934895833333333 0.2310185185185185 0.5880208333333333 0.23425925925925925 0.58203125 0.2337962962962963 0.5744791666666667 0.22685185185185186 0.5721354166666667 0.2199074074074074 0.5721354166666667 0.20879629629629629 0.5744791666666667 0.13055555555555556 0.5786458333333333 0.12314814814814815 0.5901041666666667 0.12175925925925926
0 0.8559895833333333 0.5541666666666667 0.8669270833333333 0.5587962962962963 0.86875 0.5666666666666667 0.8682291666666667 0.6337962962962963 0.86640625 0.6574074074074074 0.8635416666666667 0.6712962962962963 0.8567708333333334 0.6773148148148148 0.8416666666666667 0.6731481481481482 0.8380208333333333 0.6648148148148149 0.8375 0.6578703703703703 0.8419270833333333 0.5717592592592593 0.8471354166666667 0.5560185185185185 0.8557291666666667 0.5541666666666667
0 0.58515625 0.6907407407407408 0.5940104166666667 0.6962962962962963 0.59609375 0.7166666666666667 0.5927083333333333 0.7555555555555555 0.5940104166666667 0.7754629629629629 0.59296875 0.8018518518518518 0.5890625 0.8162037037037037 0.5822916666666667 0.8194444444444444 0.5713541666666667 0.8175925925925925 0.5669270833333333 0.8111111111111111 0.5658854166666667 0.799537037037037 0.5674479166666667 0.774074074074074 0.5658854166666667 0.7652777777777777 0.5684895833333333 0.7444444444444445 0.56875 0.7106481481481481 0.5705729166666667 0.6967592592592593 0.575 0.6912037037037037 0.5848958333333333 0.6907407407407408
0 0.7078125 0.5583333333333333 0.7111979166666667 0.5597222222222222 0.71328125 0.5648148148148148 0.71484375 0.5879629629629629 0.71484375 0.6199074074074075 0.7138020833333333 0.6240740740740741 0.71015625 0.625462962962963 0.6940104166666666 0.625462962962963 0.690625 0.6208333333333333 0.6919270833333333 0.5967592592592592 0.690625 0.5634259259259259 0.69609375 0.5578703703703703 0.7075520833333333 0.5583333333333333
0 0.70234375 0.6842592592592592 0.71015625 0.6921296296296297 0.7122395833333334 0.7027777777777777 0.7109375 0.7912037037037037 0.709375 0.799537037037037 0.7046875 0.8027777777777778 0.6880208333333333 0.8013888888888889 0.6817708333333333 0.7930555555555555 0.6848958333333334 0.6930555555555555 0.6890625 0.6847222222222222 0.7020833333333333 0.6842592592592592
0 0.73828125 0.6944444444444444 0.7432291666666667 0.6976851851851852 0.74609375 0.7064814814814815 0.7494791666666667 0.774537037037037 0.7481770833333333 0.787962962962963 0.7393229166666667 0.7921296296296296 0.7270833333333333 0.7916666666666666 0.725 0.7888888888888889 0.71953125 0.7287037037037037 0.7208333333333333 0.7 0.728125 0.6949074074074074 0.7380208333333333 0.6944444444444444
0 0.36614583333333334 0.8486111111111111 0.37447916666666664 0.8555555555555555 0.3765625 0.8657407407407407 0.3765625 0.8824074074074074 0.37473958333333335 0.9569444444444445 0.371875 0.9680555555555556 0.3651041666666667 0.9722222222222222 0.35520833333333335 0.9708333333333333 0.34921875 0.9629629629629629 0.34739583333333335 0.9287037037037037 0.35 0.9226851851851852 0.3484375 0.9009259259259259 0.35052083333333334 0.8597222222222223 0.3546875 0.850925925925926 0.3658854166666667 0.8486111111111111
0 0.9934895833333334 0.08842592592592592 0.9997395833333333 0.08425925925925926 0.9997395833333333 0.18703703703703703 0.99453125 0.18194444444444444 0.99375 0.175 0.9940104166666667 0.1398148148148148 0.9908854166666666 0.10462962962962963 0.9911458333333333 0.09444444444444444 0.9934895833333334 0.08888888888888889
0 0.7028645833333333 0.12453703703703704 0.7080729166666667 0.12685185185185185 0.7104166666666667 0.1361111111111111 0.7104166666666667 0.21064814814814814 0.7075520833333333 0.21851851851851853 0.6994791666666667 0.2222222222222222 0.6888020833333334 0.22037037037037038 0.6854166666666667 0.2125 0.6859375 0.1337962962962963 0.6890625 0.12685185185185185 0.7026041666666667 0.12453703703703704
0 0.59296875 0.2439814814814815 0.6 0.25 0.6005208333333333 0.2671296296296296 0.603125 0.2810185185185185 0.6015625 0.29305555555555557 0.6010416666666667 0.35555555555555557 0.5986979166666667 0.3625 0.5921875 0.3685185185185185 0.5794270833333334 0.3675925925925926 0.5744791666666667 0.36203703703703705 0.5729166666666666 0.34953703703703703 0.5729166666666666 0.3087962962962963 0.57421875 0.26157407407407407 0.5765625 0.24814814814814815 0.58046875 0.24444444444444444 0.5927083333333333 0.2439814814814815
0 0.7690104166666667 0.11944444444444445 0.7796875 0.12129629629629629 0.78359375 0.12731481481481483 0.7859375 0.20324074074074075 0.7833333333333333 0.2162037037037037 0.7794270833333333 0.22175925925925927 0.76875 0.22407407407407406 0.7635416666666667 0.2212962962962963 0.7622395833333333 0.21342592592592594 0.7580729166666667 0.2101851851851852 0.7583333333333333 0.16666666666666666 0.7565104166666666 0.13703703703703704 0.7604166666666666 0.12314814814814815 0.76875 0.11990740740740741
0 0.78984375 0.4041666666666667 0.8315104166666667 0.4101851851851852 0.8408854166666667 0.4148148148148148 0.8427083333333333 0.42592592592592593 0.8419270833333333 0.449537037037037 0.8346354166666666 0.4583333333333333 0.8080729166666667 0.4564814814814815 0.7778645833333333 0.449537037037037 0.7723958333333333 0.43425925925925923 0.77421875 0.4148148148148148 0.7796875 0.4060185185185185 0.7895833333333333 0.4041666666666667
0 0.9364583333333333 0.5518518518518518 0.9411458333333333 0.5555555555555556 0.9455729166666667 0.5675925925925925 0.94765625 0.6055555555555555 0.9481770833333333 0.6625 0.9450520833333333 0.6722222222222223 0.9388020833333334 0.6759259259259259 0.925 0.6736111111111112 0.9203125 0.6648148148148149 0.9182291666666667 0.6467592592592593 0.9169270833333333 0.6175925925925926 0.9182291666666667 0.6050925925925926 0.9158854166666667 0.5712962962962963 0.9169270833333333 0.5601851851851852 0.9213541666666667 0.5537037037037037 0.9361979166666666 0.5518518518518518
0 0.5541666666666667 0.5370370370370371 0.5583333333333333 0.5393518518518519 0.559375 0.5430555555555555 0.55859375 0.6324074074074074 0.5557291666666667 0.6509259259259259 0.5494791666666666 0.6541666666666667 0.5359375 0.6513888888888889 0.53203125 0.6435185185185185 0.5341145833333333 0.600462962962963 0.53359375 0.5615740740740741 0.5359375 0.5375 0.55390625 0.5370370370370371
0 0.85390625 0.24953703703703703 0.8598958333333333 0.2564814814814815 0.8622395833333333 0.2652777777777778 0.8661458333333333 0.3388888888888889 0.8630208333333333 0.3527777777777778 0.85078125 0.35555555555555557 0.8419270833333333 0.3537037037037037 0.8385416666666666 0.3421296296296296 0.8346354166666666 0.2625 0.83515625 0.25833333333333336 0.8403645833333333 0.2513888888888889 0.8536458333333333 0.24953703703703703
0 0.778125 0.23657407407407408 0.7872395833333333 0.2439814814814815 0.7903645833333334 0.262037037037037 0.78984375 0.3365740740740741 0.7875 0.3439814814814815 0.7809895833333333 0.3476851851851852 0.76796875 0.3453703703703704 0.7651041666666667 0.3416666666666667 0.7635416666666667 0.33194444444444443 0.7630208333333334 0.2513888888888889 0.7674479166666667 0.24027777777777778 0.771875 0.23657407407407408 0.7778645833333333 0.23657407407407408
0 0.7440104166666667 0.5398148148148149 0.7486979166666666 0.5430555555555555 0.7502604166666667 0.549074074074074 0.75 0.6287037037037037 0.7471354166666667 0.6407407407407407 0.7377604166666667 0.6449074074074074 0.73046875 0.6435185185185185 0.7252604166666666 0.6370370370370371 0.7255208333333333 0.5467592592592593 0.7270833333333333 0.5416666666666666 0.7309895833333333 0.5393518518518519 0.74375 0.5398148148148149
0 0.6828125 0.3814814814814815 0.6856770833333333 0.38333333333333336 0.6895833333333333 0.39537037037037037 0.7052083333333333 0.4634259259259259 0.7052083333333333 0.4736111111111111 0.7028645833333333 0.48148148148148145 0.6893229166666667 0.4912037037037037 0.6825520833333333 0.4875 0.6786458333333333 0.47824074074074074 0.6768229166666667 0.46574074074074073 0.6682291666666667 0.43703703703703706 0.6622395833333333 0.4041666666666667 0.6622395833333333 0.3972222222222222 0.6677083333333333 0.38564814814814813 0.6825520833333333 0.3814814814814815
0 0.6302083333333334 0.10740740740740741 0.6348958333333333 0.11481481481481481 0.6369791666666667 0.13240740740740742 0.6369791666666667 0.2 0.6333333333333333 0.21388888888888888 0.6234375 0.21898148148148147 0.615625 0.2175925925925926 0.6104166666666667 0.2074074074074074 0.6109375 0.11851851851851852 0.6127604166666667 0.11203703703703703 0.6192708333333333 0.10601851851851851 0.6299479166666667 0.10740740740740741
0 0.9635416666666666 0.25 0.9705729166666667 0.2537037037037037 0.9747395833333333 0.26157407407407407 0.9768229166666667 0.2898148148148148 0.9747395833333333 0.3527777777777778 0.971875 0.3592592592592593 0.9638020833333333 0.36342592592592593 0.9510416666666667 0.3592592592592593 0.9442708333333333 0.3458333333333333 0.9455729166666667 0.33287037037037037 0.9450520833333333 0.26851851851851855 0.95078125 0.25324074074074077 0.96328125 0.25
0 0.66328125 0.26666666666666666 0.6708333333333333 0.2722222222222222 0.6729166666666667 0.2916666666666667 0.67109375 0.3449074074074074 0.6684895833333333 0.3523148148148148 0.66328125 0.3537037037037037 0.6494791666666667 0.3527777777777778 0.6463541666666667 0.3472222222222222 0.6473958333333333 0.2759259259259259 0.6505208333333333 0.26805555555555555 0.6630208333333333 0.26666666666666666
0 0.8140625 0.5504629629629629 0.8208333333333333 0.5537037037037037 0.8244791666666667 0.5666666666666667 0.8263020833333333 0.6259259259259259 0.8247395833333333 0.6560185185185186 0.81484375 0.662962962962963 0.80390625 0.6615740740740741 0.7989583333333333 0.6546296296296297 0.7994791666666666 0.6152777777777778 0.796875 0.5745370370370371 0.8002604166666667 0.5527777777777778 0.8138020833333334 0.5504629629629629
0 0.6630208333333333 0.6958333333333333 0.6713541666666667 0.6990740740740741 0.6734375 0.7037037037037037 0.6739583333333333 0.7550925925925925 0.671875 0.7935185185185185 0.6690104166666667 0.8037037037037037 0.6622395833333333 0.8111111111111111 0.6533854166666667 0.8106481481481481 0.6471354166666666 0.8060185185185185 0.6453125 0.7953703703703704 0.6466145833333333 0.7689814814814815 0.6453125 0.7550925925925925 0.6463541666666667 0.712037037037037 0.6489583333333333 0.6995370370370371 0.65234375 0.6958333333333333 0.6627604166666666 0.6958333333333333
0 0.7802083333333333 0.6833333333333333 0.78671875 0.6865740740740741 0.7901041666666667 0.6986111111111111 0.7921875 0.7791666666666667 0.7903645833333334 0.7962962962962963 0.7861979166666667 0.8032407407407407 0.78046875 0.8060185185185185 0.7716145833333333 0.8041666666666667 0.7653645833333333 0.7962962962962963 0.7625 0.7138888888888889 0.7635416666666667 0.6921296296296297 0.765625 0.6851851851851852 0.7799479166666666 0.6833333333333333
0 0.8169270833333333 0.23935185185185184 0.821875 0.24444444444444444 0.8236979166666667 0.2550925925925926 0.8252604166666667 0.31342592592592594 0.8247395833333333 0.32083333333333336 0.8223958333333333 0.325 0.8138020833333334 0.3277777777777778 0.80390625 0.3263888888888889 0.8010416666666667 0.3212962962962963 0.8020833333333334 0.2949074074074074 0.7989583333333333 0.25462962962962965 0.8002604166666667 0.24537037037037038 0.8033854166666666 0.24074074074074073 0.8166666666666667 0.23935185185185184
0 0.8989583333333333 0.25787037037037036 0.9041666666666667 0.2611111111111111 0.9078125 0.2675925925925926 0.9138020833333333 0.29907407407407405 0.9119791666666667 0.30694444444444446 0.9125 0.3592592592592593 0.9098958333333333 0.3662037037037037 0.9005208333333333 0.37037037037037035 0.8903645833333333 0.36944444444444446 0.8815104166666666 0.3587962962962963 0.8809895833333333 0.3486111111111111 0.8830729166666667 0.34074074074074073 0.8825520833333333 0.30324074074074076 0.8783854166666667 0.287962962962963 0.8802083333333334 0.2740740740740741 0.8848958333333333 0.26157407407407407 0.890625 0.25787037037037036 0.8986979166666667 0.25787037037037036
0 0.8125 0.6884259259259259 0.8208333333333333 0.6912037037037037 0.825 0.6962962962962963 0.8263020833333333 0.7273148148148149 0.8255208333333334 0.7893518518518519 0.8213541666666667 0.7972222222222223 0.8145833333333333 0.8 0.8015625 0.7935185185185185 0.7986979166666667 0.7773148148148148 0.7981770833333334 0.7 0.80234375 0.6912037037037037 0.8122395833333333 0.6884259259259259