0 0.8872395833333333 0.13148148148148148 0.8919270833333334 0.13333333333333333 0.8950520833333333 0.14027777777777778 0.89765625 0.2050925925925926 0.8971354166666666 0.23333333333333334 0.89453125 0.2449074074074074 0.88359375 0.24953703703703703 0.8747395833333333 0.24814814814814815 0.86953125 0.2375 0.86953125 0.18518518518518517 0.8669270833333333 0.1574074074074074 0.8721354166666667 0.13518518518518519 0.8869791666666667 0.13148148148148148
0 0.5440104166666667 0.6842592592592592 0.5528645833333333 0.6925925925925925 0.5549479166666667 0.7597222222222222 0.553125 0.7925925925925926 0.5484375 0.8009259259259259 0.5434895833333333 0.8037037037037037 0.5325520833333334 0.8013888888888889 0.52734375 0.7893518518518519 0.52578125 0.7550925925925925 0.5278645833333333 0.7513888888888889 0.5294270833333333 0.7199074074074074 0.52578125 0.7046296296296296 0.5278645833333333 0.6925925925925925 0.5302083333333333 0.6888888888888889 0.54375 0.6842592592592592
0 0.7692708333333333 0.1259259259259259 0.7825520833333334 0.13055555555555556 0.7859375 0.17453703703703705 0.78359375 0.22268518518518518 0.7731770833333333 0.23148148148148148 0.76484375 0.22777777777777777 0.7627604166666667 0.2199074074074074 0.7583333333333333 0.21666666666666667 0.7575520833333333 0.2064814814814815 0.75703125 0.13703703703703704 0.759375 0.1300925925925926 0.7690104166666667 0.1259259259259259
0 0.6231770833333333 0.6916666666666667 0.6296875 0.6953703703703704 0.63359375 0.7064814814814815 0.6330729166666667 0.7560185185185185 0.6348958333333333 0.7726851851851851 0.6317708333333333 0.8138888888888889 0.6283854166666667 0.8199074074074074 0.6236979166666666 0.8217592592592593 0.6091145833333333 0.8194444444444444 0.6041666666666666 0.8060185185185185 0.6057291666666667 0.7875 0.6041666666666666 0.7550925925925925 0.6065104166666667 0.7416666666666667 0.6072916666666667 0.7097222222222223 0.61171875 0.6944444444444444 0.6229166666666667 0.6916666666666667
0 0.05963541666666667 0.09814814814814815 0.07447916666666667 0.10601851851851851 0.07682291666666667 0.13333333333333333 0.07005208333333333 0.1625 0.06484375 0.19953703703703704 0.0578125 0.21064814814814814 0.05026041666666667 0.2162037037037037 0.04401041666666667 0.21342592592592594 0.03984375 0.20555555555555555 0.0375 0.19537037037037036 0.0375 0.18425925925925926 0.0421875 0.14722222222222223 0.05026041666666667 0.11018518518518519 0.05364583333333333 0.1 0.059375 0.09814814814814815
0 0.70078125 0.13055555555555556 0.70703125 0.13287037037037036 0.709375 0.1375 0.7104166666666667 0.2125 0.70703125 0.225 0.6986979166666667 0.22916666666666666 0.6893229166666667 0.22824074074074074 0.68515625 0.22083333333333333 0.6854166666666667 0.1398148148148148 0.6888020833333334 0.13240740740740742 0.7005208333333334 0.13055555555555556
0 0.96484375 0.13333333333333333 0.9703125 0.13796296296296295 0.97421875 0.14907407407407408 0.9752604166666666 0.22453703703703703 0.9734375 0.23472222222222222 0.9638020833333333 0.24305555555555555 0.9557291666666666 0.24166666666666667 0.9481770833333333 0.2310185185185185 0.94453125 0.15462962962962962 0.9463541666666667 0.14444444444444443 0.95078125 0.13472222222222222 0.9557291666666666 0.13194444444444445 0.9645833333333333 0.13333333333333333
0 0.8106770833333333 0.11064814814814815 0.81640625 0.11527777777777778 0.8203125 0.1259259259259259 0.82265625 0.18425925925925926 0.8208333333333333 0.20277777777777778 0.8166666666666667 0.2101851851851852 0.8111979166666666 0.2125 0.8033854166666666 0.21203703703703702 0.7955729166666666 0.20555555555555555 0.79609375 0.17453703703703705 0.79375 0.13842592592592592 0.79453125 0.12685185185185185 0.7986979166666667 0.11527777777777778 0.8036458333333333 0.1111111111111111 0.8104166666666667 0.11064814814814815
0 0.8536458333333333 0.6995370370370371 0.86640625 0.7046296296296296 0.8708333333333333 0.7180555555555556 0.8723958333333334 0.8069444444444445 0.8703125 0.8162037037037037 0.8640625 0.8194444444444444 0.8473958333333333 0.8152777777777778 0.8424479166666666 0.8 0.8440104166666667 0.7722222222222223 0.8411458333333334 0.7162037037037037 0.84453125 0.7046296296296296 0.8533854166666667 0.6995370370370371
0 0.8979166666666667 0.26435185185185184 0.9046875 0.26851851851851855 0.9078125 0.27546296296296297 0.9096354166666667 0.29398148148148145 0.91328125 0.30694444444444446 0.91015625 0.31342592592592594 0.9122395833333333 0.3375 0.91171875 0.36574074074074076 0.9088541666666666 0.3736111111111111 0.9005208333333333 0.37777777777777777 0.8880208333333334 0.3768518518518518 0.8802083333333334 0.36574074074074076 0.8799479166666667 0.3541666666666667 0.8822916666666667 0.3439814814814815 0.8817708333333333 0.30694444444444446 0.8776041666666666 0.29398148148148145 0.878125 0.2861111111111111 0.8833333333333333 0.27037037037037037 0.88984375 0.26481481481481484 0.89765625 0.26435185185185184
0 0.10598958333333333 0.18101851851851852 0.10807291666666667 0.18518518518518517 0.10651041666666666 0.19398148148148148 0.10677083333333333 0.2175925925925926 0.10442708333333334 0.2375 0.10182291666666667 0.2439814814814815 0.10208333333333333 0.25462962962962965 0.09583333333333334 0.2657407407407407 0.08932291666666667 0.26990740740740743 0.08177083333333333 0.2689814814814815 0.07421875 0.25925925925925924 0.07369791666666667 0.24259259259259258 0.07786458333333333 0.2074074074074074 0.08072916666666667 0.19537037037037036 0.08723958333333333 0.18564814814814815 0.10572916666666667 0.18101851851851852
0 0.5442708333333334 0.5421296296296296 0.5572916666666666 0.5453703703703704 0.559375 0.55 0.5578125 0.65 0.5536458333333333 0.6587962962962963 0.5479166666666667 0.6611111111111111 0.5348958333333333 0.6574074074074074 0.53125 0.6449074074074074 0.5338541666666666 0.5467592592592593 0.5440104166666667 0.5421296296296296
0 0.853125 0.5601851851851852 0.8661458333333333 0.5662037037037037 0.8684895833333334 0.5800925925925926 0.8653645833333333 0.6662037037037037 0.8630208333333333 0.6773148148148148 0.8572916666666667 0.6833333333333333 0.8419270833333333 0.6810185185185185 0.83828125 0.6754629629629629 0.8369791666666667 0.6666666666666666 0.8416666666666667 0.5731481481481482 0.8450520833333334 0.5634259259259259 0.8528645833333334 0.5601851851851852
0 0.7390625 0.26157407407407407 0.7450520833333333 0.26481481481481484 0.7486979166666666 0.27175925925925926 0.7513020833333334 0.2935185185185185 0.7528645833333333 0.3574074074074074 0.7510416666666667 0.3638888888888889 0.7447916666666666 0.36712962962962964 0.73046875 0.36435185185185187 0.7276041666666667 0.3587962962962963 0.7268229166666667 0.35 0.7252604166666666 0.27546296296296297 0.7294270833333333 0.2652777777777778 0.7388020833333333 0.26157407407407407
0 0.6614583333333334 0.12962962962962962 0.671875 0.13472222222222222 0.6744791666666666 0.1597222222222222 0.6721354166666667 0.23287037037037037 0.6697916666666667 0.23842592592592593 0.6611979166666667 0.24537037037037038 0.65078125 0.24166666666666667 0.6471354166666666 0.23564814814814813 0.6450520833333333 0.2263888888888889 0.65 0.1398148148148148 0.65390625 0.13148148148148148 0.6611979166666667 0.12962962962962962
0 0.74453125 0.5472222222222223 0.7481770833333333 0.549537037037037 0.7502604166666667 0.5555555555555556 0.7497395833333333 0.6351851851851852 0.746875 0.6472222222222223 0.7395833333333334 0.6513888888888889 0.72734375 0.6486111111111111 0.7239583333333334 0.6402777777777777 0.725 0.5546296296296296 0.7265625 0.549074074074074 0.7309895833333333 0.5462962962962963 0.7442708333333333 0.5472222222222223
0 0.9328125 0.5583333333333333 0.9403645833333333 0.562962962962963 0.9450520833333333 0.5782407407407407 0.9471354166666667 0.6504629629629629 0.9466145833333334 0.6708333333333333 0.94453125 0.6777777777777778 0.9408854166666667 0.6819444444444445 0.9328125 0.6833333333333333 0.9236979166666667 0.6796296296296296 0.9182291666666667 0.6648148148148149 0.9151041666666667 0.5879629629629629 0.9161458333333333 0.5675925925925925 0.9182291666666667 0.5625 0.9325520833333333 0.5583333333333333
0 0.5859375 0.6981481481481482 0.59296875 0.7027777777777777 0.5958333333333333 0.7129629629629629 0.5924479166666666 0.7680555555555556 0.59296875 0.8055555555555556 0.5895833333333333 0.8222222222222222 0.5802083333333333 0.8268518518518518 0.57109375 0.825925925925926 0.56640625 0.8175925925925925 0.5666666666666667 0.7564814814814815 0.5703125 0.7032407407407407 0.5747395833333333 0.6981481481481482 0.5856770833333333 0.6981481481481482
0 0.70625 0.5648148148148148 0.71171875 0.5680555555555555 0.7143229166666667 0.5861111111111111 0.7143229166666667 0.6236111111111111 0.7135416666666666 0.6310185185185185 0.7109375 0.6328703703703704 0.6921875 0.6324074074074074 0.6893229166666667 0.6273148148148148 0.6911458333333333 0.6106481481481482 0.6903645833333333 0.5680555555555555 0.6955729166666667 0.5648148148148148 0.7059895833333333 0.5648148148148148
0 0.70234375 0.6912037037037037 0.7067708333333333 0.6939814814814815 0.7104166666666667 0.7032407407407407 0.7122395833333334 0.7537037037037037 0.7104166666666667 0.8041666666666667 0.703125 0.8097222222222222 0.6856770833333333 0.8078703703703703 0.68125 0.8004629629629629 0.6822916666666666 0.7351851851851852 0.6848958333333334 0.6986111111111111 0.6895833333333333 0.6907407407407408 0.7020833333333333 0.6912037037037037
0 0.7390625 0.700925925925926 0.74296875 0.7046296296296296 0.7458333333333333 0.7143518518518519 0.7484375 0.7537037037037037 0.7489583333333333 0.7902777777777777 0.74609375 0.7967592592592593 0.74140625 0.7986111111111112 0.7270833333333333 0.7981481481481482 0.7239583333333334 0.7944444444444444 0.71953125 0.7356481481481482 0.7200520833333334 0.7069444444444445 0.7270833333333333 0.7013888888888888 0.7388020833333333 0.700925925925926
0 0.6247395833333333 0.55 0.6299479166666667 0.5546296296296296 0.63203125 0.5685185185185185 0.6346354166666667 0.6513888888888889 0.63046875 0.6648148148148149 0.6231770833333333 0.6689814814814815 0.6104166666666667 0.6671296296296296 0.6059895833333333 0.6541666666666667 0.6036458333333333 0.5652777777777778 0.6065104166666667 0.5527777777777778 0.6244791666666667 0.55
0 0.6578125 0.27314814814814814 0.6684895833333333 0.27685185185185185 0.6716145833333333 0.28564814814814815 0.6697916666666667 0.35833333333333334 0.6502604166666667 0.36064814814814816 0.6458333333333334 0.35555555555555557 0.6471354166666666 0.2824074074074074 0.6510416666666666 0.275 0.6575520833333334 0.27361111111111114
0 0.85234375 0.25601851851851853 0.8583333333333333 0.26157407407407407 0.8614583333333333 0.2722222222222222 0.8653645833333333 0.3458333333333333 0.8625 0.3587962962962963 0.8513020833333333 0.36203703703703705 0.8421875 0.3611111111111111 0.83828125 0.35462962962962963 0.83359375 0.2773148148148148 0.8346354166666666 0.26481481481481484 0.8377604166666667 0.25925925925925924 0.8520833333333333 0.25601851851851853
0 0.5802083333333333 0.3087962962962963 0.5932291666666667 0.32083333333333336 0.5953125 0.32916666666666666 0.5713541666666667 0.41759259259259257 0.5674479166666667 0.42592592592592593 0.56171875 0.42962962962962964 0.55625 0.42824074074074076 0.5466145833333333 0.41759259259259257 0.5440104166666667 0.4023148148148148 0.5518229166666667 0.38101851851851853 0.5541666666666667 0.3662037037037037 0.5575520833333333 0.3597222222222222 0.5674479166666667 0.32314814814814813 0.5744791666666667 0.3087962962962963 0.5799479166666667 0.3087962962962963
0 0.7036458333333333 0.25925925925925924 0.7075520833333333 0.26157407407407407 0.7106770833333333 0.27037037037037037 0.7111979166666667 0.34814814814814815 0.7098958333333333 0.36018518518518516 0.70078125 0.36435185185185187 0.6919270833333333 0.36342592592592593 0.6875 0.3597222222222222 0.6861979166666666 0.35509259259259257 0.6848958333333334 0.26990740740740743 0.6854166666666667 0.2652777777777778 0.6895833333333333 0.25972222222222224 0.7033854166666667 0.25925925925925924
0 0.7765625 0.5583333333333333 0.7833333333333333 0.5611111111111111 0.7872395833333333 0.5666666666666667 0.7895833333333333 0.600462962962963 0.78984375 0.6541666666666667 0.7877604166666666 0.6615740740740741 0.7802083333333333 0.6662037037037037 0.7692708333333333 0.6652777777777777 0.7653645833333333 0.6597222222222222 0.76328125 0.6513888888888889 0.7619791666666667 0.6236111111111111 0.76171875 0.5671296296296297 0.7661458333333333 0.5606481481481481 0.7763020833333333 0.5583333333333333
0 0.62890625 0.2462962962962963 0.6348958333333333 0.25046296296296294 0.6377604166666667 0.262037037037037 0.6385416666666667 0.3314814814814815 0.6359375 0.35185185185185186 0.6328125 0.3560185185185185 0.625 0.35833333333333334 0.615625 0.35694444444444445 0.6119791666666666 0.35 0.61015625 0.262037037037037 0.6119791666666666 0.2523148148148148 0.61640625 0.24675925925925926 0.6286458333333333 0.2462962962962963
0 0.8950520833333333 0.5685185185185185 0.9013020833333333 0.5708333333333333 0.9044270833333333 0.575925925925926 0.90625 0.6217592592592592 0.9052083333333333 0.6638888888888889 0.9 0.6754629629629629 0.89765625 0.6763888888888889 0.8841145833333334 0.6754629629629629 0.8799479166666667 0.6703703703703704 0.8768229166666667 0.6231481481481481 0.87890625 0.5726851851851852 0.8830729166666667 0.5689814814814815 0.8947916666666667 0.5685185185185185
0 0.6578125 0.9805555555555555 0.665625 0.9842592592592593 0.6705729166666666 0.999537037037037 0.6427083333333333 0.999537037037037 0.64375 0.9898148148148148 0.6473958333333333 0.9837962962962963 0.6575520833333334 0.9810185185185185
0 0.8458333333333333 0.14074074074074075 0.8528645833333334 0.14212962962962963 0.85703125 0.14675925925925926 0.85859375 0.1736111111111111 0.85703125 0.2310185185185185 0.8544270833333333 0.2375 0.8479166666666667 0.24027777777777778 0.83515625 0.2388888888888889 0.83203125 0.2337962962962963 0.83125 0.22685185185185186 0.8330729166666667 0.18564814814814815 0.8322916666666667 0.15092592592592594 0.83515625 0.14305555555555555 0.8455729166666667 0.14074074074074075
0 0.7213541666666666 0.387037037037037 0.746875 0.3902777777777778 0.753125 0.39444444444444443 0.7549479166666667 0.4009259259259259 0.7546875 0.425462962962963 0.7520833333333333 0.43425925925925923 0.7484375 0.4361111111111111 0.7 0.43287037037037035 0.69375 0.4287037037037037 0.6927083333333334 0.39814814814814814 0.6958333333333333 0.38935185185185184 0.7015625 0.3861111111111111 0.72109375 0.387037037037037
0 0.6239583333333333 0.11203703703703703 0.6302083333333334 0.11481481481481481 0.634375 0.12268518518518519 0.6369791666666667 0.17685185185185184 0.6346354166666667 0.21851851851851853 0.6236979166666666 0.22592592592592592 0.61640625 0.22546296296296298 0.6106770833333334 0.22037037037037038 0.60859375 0.19537037037037036 0.6104166666666667 0.12546296296296297 0.6151041666666667 0.11574074074074074 0.6236979166666666 0.11203703703703703
0 0.9638020833333333 0.2569444444444444 0.97109375 0.262037037037037 0.9739583333333334 0.2689814814814815 0.9765625 0.3384259259259259 0.9734375 0.3625 0.9635416666666666 0.3699074074074074 0.9494791666666667 0.3662037037037037 0.9453125 0.3592592592592593 0.94296875 0.34953703703703703 0.9455729166666667 0.30277777777777776 0.94375 0.27824074074074073 0.94609375 0.2662037037037037 0.9526041666666667 0.25787037037037036 0.9635416666666666 0.2569444444444444
0 0.64140625 0.43703703703703706 0.65234375 0.4634259259259259 0.6697916666666667 0.5291666666666667 0.6682291666666667 0.5412037037037037 0.6546875 0.5532407407407407 0.6510416666666666 0.5532407407407407 0.6440104166666667 0.5398148148148149 0.6385416666666667 0.5148148148148148 0.6302083333333334 0.4962962962962963 0.6229166666666667 0.47314814814814815 0.6208333333333333 0.4601851851851852 0.6221354166666667 0.449537037037037 0.6265625 0.4425925925925926 0.6364583333333333 0.4356481481481482 0.6411458333333333 0.43703703703703706
0 0.5877604166666667 0.12824074074074074 0.5958333333333333 0.13148148148148148 0.5986979166666667 0.1361111111111111 0.6005208333333333 0.1712962962962963 0.5984375 0.22361111111111112 0.5953125 0.23425925925925925 0.5885416666666666 0.24074074074074073 0.5770833333333333 0.23796296296296296 0.5739583333333333 0.2337962962962963 0.57109375 0.2222222222222222 0.57421875 0.13657407407407407 0.5778645833333333 0.1300925925925926 0.5875 0.12824074074074074
0 0.6572916666666667 0.7032407407407407 0.6682291666666667 0.7041666666666667 0.6713541666666667 0.7064814814814815 0.6731770833333334 0.7125 0.6721354166666667 0.7967592592592593 0.66875 0.8101851851851852 0.66171875 0.8175925925925925 0.6473958333333333 0.8138888888888889 0.64375 0.8004629629629629 0.64609375 0.7171296296296297 0.6494791666666667 0.7041666666666667 0.65703125 0.7032407407407407
0 0.7791666666666667 0.6902777777777778 0.7856770833333333 0.6930555555555555 0.78828125 0.6995370370370371 0.7916666666666666 0.7828703703703703 0.7895833333333333 0.8037037037037037 0.7854166666666667 0.8106481481481481 0.7796875 0.812962962962963 0.7658854166666667 0.8069444444444445 0.7627604166666667 0.7967592592592593 0.7635416666666667 0.75 0.7619791666666667 0.7166666666666667 0.765625 0.6916666666666667 0.77890625 0.6902777777777778
0 0.7377604166666667 0.09861111111111111 0.7453125 0.10231481481481482 0.74921875 0.1125 0.7479166666666667 0.2013888888888889 0.74375 0.21712962962962962 0.7328125 0.2212962962962963 0.7239583333333334 0.21898148148148147 0.7197916666666667 0.21064814814814814 0.7208333333333333 0.12638888888888888 0.7229166666666667 0.10925925925925926 0.7252604166666666 0.10416666666666667 0.7309895833333333 0.09907407407407408 0.7375 0.09861111111111111
0 0.8153645833333333 0.5574074074074075 0.8216145833333334 0.562962962962963 0.8236979166666667 0.5731481481481482 0.8260416666666667 0.6402777777777777 0.8244791666666667 0.6625 0.82109375 0.6675925925925926 0.8145833333333333 0.6694444444444444 0.8033854166666666 0.6680555555555555 0.7986979166666667 0.662962962962963 0.79921875 0.6194444444444445 0.7966145833333333 0.5763888888888888 0.7979166666666667 0.5643518518518519 0.8002604166666667 0.5592592592592592 0.8151041666666666 0.5574074074074075
0 0.8171875 0.2462962962962963 0.821875 0.25324074074074077 0.8247395833333333 0.28564814814814815 0.8247395833333333 0.31574074074074077 0.8234375 0.3296296296296296 0.8169270833333333 0.33425925925925926 0.8036458333333333 0.3333333333333333 0.8002604166666667 0.3282407407407407 0.7989583333333333 0.2708333333333333 0.7994791666666666 0.25462962962962965 0.80234375 0.24814814814814815 0.8169270833333333 0.2462962962962963
0 0.7776041666666667 0.24305555555555555 0.7856770833333333 0.2490740740740741 0.78984375 0.26435185185185184 0.78984375 0.3425925925925926 0.78671875 0.3523148148148148 0.7794270833333333 0.35509259259259257 0.7684895833333333 0.3537037037037037 0.7645833333333333 0.34814814814814815 0.76171875 0.2814814814814815 0.7627604166666667 0.2564814814814815 0.7645833333333333 0.25046296296296294 0.771875 0.24305555555555555 0.77734375 0.24305555555555555
0 0.5083333333333333 0.9064814814814814 0.51875 0.9180555555555555 0.5223958333333333 0.925 0.5234375 0.9328703703703703 0.51875 0.9495370370370371 0.4979166666666667 0.999537037037037 0.46770833333333334 0.999537037037037 0.46770833333333334 0.9944444444444445 0.50078125 0.9101851851851852 0.5046875 0.9055555555555556 0.5080729166666667 0.9064814814814814
0 0.81640625 0.6953703703703704 0.82265625 0.6995370370370371 0.825 0.7064814814814815 0.8265625 0.7564814814814815 0.8244791666666667 0.7976851851851852 0.8213541666666667 0.8037037037037037 0.8143229166666667 0.8074074074074075 0.8036458333333333 0.8037037037037037 0.7994791666666666 0.7958333333333333 0.7973958333333333 0.7759259259259259 0.7986979166666667 0.7342592592592593 0.7973958333333333 0.7064814814814815 0.8020833333333334 0.6967592592592593 0.8161458333333333 0.6953703703703704