0 0.8890625 0.11527777777777778 0.8955729166666667 0.11851851851851852 0.8979166666666667 0.12731481481481483 0.9002604166666667 0.17777777777777778 0.8994791666666667 0.2175925925925926 0.8963541666666667 0.22916666666666666 0.88515625 0.2324074074074074 0.8765625 0.23055555555555557 0.871875 0.22083333333333333 0.871875 0.16712962962962963 0.8690104166666667 0.13935185185185187 0.8747395833333333 0.11851851851851852 0.8888020833333333 0.11527777777777778
0 0.8111979166666666 0.09398148148148149 0.8171875 0.0962962962962963 0.8213541666666667 0.10231481481481482 0.8252604166666667 0.13287037037037036 0.8255208333333334 0.1550925925925926 0.8223958333333333 0.18796296296296297 0.8205729166666667 0.19212962962962962 0.8145833333333333 0.19537037037037036 0.8013020833333333 0.19305555555555556 0.7984375 0.18888888888888888 0.79765625 0.1824074074074074 0.7981770833333334 0.14537037037037037 0.7963541666666667 0.1125 0.8018229166666667 0.09768518518518518 0.8109375 0.09398148148148149
0 0.6239583333333333 0.674537037037037 0.6341145833333334 0.6819444444444445 0.6377604166666667 0.7194444444444444 0.6372395833333333 0.7689814814814815 0.6346354166666667 0.7907407407407407 0.63046875 0.8013888888888889 0.6255208333333333 0.8037037037037037 0.6125 0.8013888888888889 0.60703125 0.7939814814814815 0.6080729166666666 0.7648148148148148 0.6052083333333333 0.7379629629629629 0.6078125 0.7273148148148149 0.6083333333333333 0.6949074074074074 0.61171875 0.6800925925925926 0.61640625 0.6754629629629629 0.6236979166666666 0.674537037037037
0 0.74140625 0.2449074074074074 0.7486979166666666 0.2490740740740741 0.75234375 0.25972222222222224 0.7546875 0.3402777777777778 0.7518229166666667 0.3490740740740741 0.7411458333333333 0.3509259259259259 0.7328125 0.34953703703703703 0.7291666666666666 0.3402777777777778 0.7278645833333334 0.27870370370370373 0.7263020833333333 0.26944444444444443 0.7268229166666667 0.25972222222222224 0.7309895833333333 0.25 0.7411458333333333 0.2449074074074074
0 0.7036458333333333 0.24212962962962964 0.7104166666666667 0.24583333333333332 0.7119791666666667 0.25 0.7143229166666667 0.3111111111111111 0.71171875 0.3421296296296296 0.70859375 0.3458333333333333 0.7010416666666667 0.3472222222222222 0.6916666666666667 0.3453703703703704 0.6888020833333334 0.3398148148148148 0.68671875 0.2662037037037037 0.6872395833333333 0.2550925925925926 0.6901041666666666 0.2449074074074074 0.7033854166666667 0.24212962962962964
0 0.96484375 0.11527777777777778 0.97421875 0.12268518518518519 0.9768229166666667 0.13148148148148148 0.9776041666666667 0.2074074074074074 0.9747395833333333 0.2212962962962963 0.9638020833333333 0.22685185185185186 0.9552083333333333 0.22407407407407406 0.94921875 0.21203703703703702 0.9489583333333333 0.1574074074074074 0.9471354166666667 0.1439814814814815 0.9481770833333333 0.12962962962962962 0.95234375 0.11944444444444445 0.9645833333333333 0.11527777777777778
0 0.8497395833333333 0.12453703703703704 0.85703125 0.12638888888888888 0.86015625 0.13333333333333333 0.8606770833333334 0.20462962962962963 0.8575520833333333 0.22083333333333333 0.8481770833333333 0.22453703703703703 0.8361979166666667 0.2212962962962963 0.8341145833333333 0.21481481481481482 0.8338541666666667 0.20046296296296295 0.8348958333333333 0.13287037037037036 0.8385416666666666 0.12546296296296297 0.8494791666666667 0.12453703703703704
0 0.8184895833333333 0.5412037037037037 0.821875 0.5430555555555555 0.825 0.5527777777777778 0.82734375 0.6060185185185185 0.8260416666666667 0.6462962962962963 0.81796875 0.6523148148148148 0.80390625 0.6504629629629629 0.8 0.6439814814814815 0.7986979166666667 0.5560185185185185 0.7997395833333333 0.5472222222222223 0.80234375 0.5421296296296296 0.8182291666666667 0.5412037037037037
0 0.8557291666666667 0.23981481481481481 0.86328125 0.2513888888888889 0.8658854166666666 0.2722222222222222 0.8677083333333333 0.324537037037037 0.8645833333333334 0.34120370370370373 0.85078125 0.3458333333333333 0.8421875 0.3425925925925926 0.8401041666666667 0.3351851851851852 0.8359375 0.25462962962962965 0.8375 0.24675925925925926 0.8419270833333333 0.24074074074074073 0.85546875 0.23981481481481481
0 0.5848958333333333 0.9888888888888889 0.5903645833333333 0.9912037037037037 0.5924479166666666 0.999537037037037 0.5658854166666667 0.999537037037037 0.56640625 0.9949074074074075 0.57109375 0.9902777777777778 0.5846354166666666 0.9888888888888889
0 0.6596354166666667 0.9625 0.6651041666666667 0.9643518518518519 0.6716145833333333 0.975462962962963 0.6736979166666667 0.986574074074074 0.6734375 0.999537037037037 0.6432291666666666 0.999537037037037 0.64375 0.9773148148148149 0.6458333333333334 0.9703703703703703 0.65078125 0.9643518518518519 0.659375 0.9625
0 0.5471354166666667 0.525 0.5572916666666666 0.5273148148148148 0.5609375 0.5324074074074074 0.5598958333333334 0.6296296296296297 0.5572916666666666 0.6402777777777777 0.5502604166666667 0.6439814814814815 0.53671875 0.6407407407407407 0.5333333333333333 0.6300925925925925 0.5359375 0.5319444444444444 0.5385416666666667 0.5268518518518519 0.546875 0.525
0 0.62734375 0.09537037037037037 0.6333333333333333 0.09861111111111111 0.6372395833333333 0.10787037037037037 0.6393229166666666 0.15925925925925927 0.6372395833333333 0.1986111111111111 0.6346354166666667 0.20462962962962963 0.6263020833333334 0.20879629629629629 0.61640625 0.20694444444444443 0.6122395833333333 0.19907407407407407 0.6114583333333333 0.15 0.6135416666666667 0.10555555555555556 0.6200520833333333 0.09675925925925925 0.6270833333333333 0.09537037037037037
0 0.62421875 0.5328703703703703 0.63046875 0.5356481481481481 0.63359375 0.5476851851851852 0.6364583333333333 0.6324074074074074 0.6317708333333333 0.6476851851851851 0.6234375 0.6518518518518519 0.6125 0.649074074074074 0.6088541666666667 0.6421296296296296 0.6052083333333333 0.5597222222222222 0.6080729166666666 0.5361111111111111 0.6239583333333333 0.5328703703703703
0 0.9372395833333333 0.5421296296296296 0.94375 0.549074074074074 0.946875 0.5634259259259259 0.9489583333333333 0.65 0.94609375 0.6638888888888889 0.9328125 0.6666666666666666 0.925 0.663425925925926 0.9213541666666667 0.6537037037037037 0.9171875 0.5569444444444445 0.9182291666666667 0.549074074074074 0.9221354166666667 0.5444444444444444 0.9369791666666667 0.5421296296296296
0 0.6661458333333333 0.1125 0.6739583333333333 0.1162037037037037 0.6763020833333333 0.1259259259259259 0.67734375 0.1439814814814815 0.67578125 0.18935185185185185 0.6783854166666666 0.2152777777777778 0.6739583333333333 0.2222222222222222 0.6627604166666666 0.22777777777777777 0.65078125 0.22314814814814815 0.6479166666666667 0.2152777777777778 0.64765625 0.2023148148148148 0.6520833333333333 0.12314814814814815 0.65546875 0.11527777777777778 0.6658854166666667 0.1125
0 0.7794270833333333 0.5416666666666666 0.78671875 0.5458333333333333 0.7895833333333333 0.5537037037037037 0.7919270833333333 0.6287037037037037 0.790625 0.6402777777777777 0.7875 0.6462962962962963 0.7760416666666666 0.649074074074074 0.7703125 0.6472222222222223 0.765625 0.6365740740740741 0.7630208333333334 0.5569444444444445 0.7658854166666667 0.5462962962962963 0.7791666666666667 0.5416666666666666
0 0.5940104166666667 0.11157407407407408 0.5997395833333333 0.11527777777777778 0.6015625 0.12222222222222222 0.6013020833333333 0.19953703703703704 0.5986979166666667 0.2152777777777778 0.5953125 0.2212962962962963 0.58828125 0.22407407407407406 0.578125 0.21944444444444444 0.5739583333333333 0.2074074074074074 0.5765625 0.11944444444444445 0.5778645833333333 0.11527777777777778 0.58203125 0.1125 0.59375 0.11157407407407408
0 0.5901041666666667 0.23194444444444445 0.60078125 0.23657407407407408 0.603125 0.2712962962962963 0.6015625 0.2898148148148148 0.6026041666666667 0.3439814814814815 0.5986979166666667 0.3541666666666667 0.5924479166666666 0.35833333333333334 0.5815104166666667 0.3574074074074074 0.5786458333333333 0.3537037037037037 0.5752604166666667 0.3453703703703704 0.5744791666666667 0.3287037037037037 0.5770833333333333 0.24027777777777778 0.5791666666666667 0.23564814814814813 0.58984375 0.23194444444444445
0 0.70703125 0.5467592592592593 0.7143229166666667 0.5518518518518518 0.7166666666666667 0.5703703703703704 0.7161458333333334 0.6097222222222223 0.7151041666666667 0.6138888888888889 0.7111979166666667 0.6157407407407407 0.69609375 0.6157407407407407 0.6927083333333334 0.6143518518518518 0.6916666666666667 0.6101851851851852 0.6934895833333333 0.5921296296296297 0.6921875 0.5523148148148148 0.6955729166666667 0.5486111111111112 0.7067708333333333 0.5467592592592593
0 0.6997395833333333 0.6731481481481482 0.7098958333333333 0.6782407407407407 0.71328125 0.6907407407407408 0.7122395833333334 0.7777777777777778 0.7106770833333333 0.7893518518518519 0.7065104166666667 0.7921296296296296 0.6885416666666667 0.7902777777777777 0.6830729166666667 0.7819444444444444 0.6856770833333333 0.6847222222222222 0.6901041666666666 0.674537037037037 0.6994791666666667 0.6731481481481482
0 0.7419270833333333 0.6842592592592592 0.7466145833333333 0.6921296296296297 0.7489583333333333 0.7069444444444445 0.7510416666666667 0.7657407407407407 0.7484375 0.7777777777777778 0.74140625 0.7814814814814814 0.7299479166666667 0.7810185185185186 0.7263020833333333 0.7773148148148148 0.7208333333333333 0.6949074074074074 0.7234375 0.6875 0.7268229166666667 0.6851851851851852 0.7416666666666667 0.6842592592592592
0 0.5458333333333333 0.6666666666666666 0.55234375 0.6708333333333333 0.5549479166666667 0.6791666666666667 0.5559895833333334 0.7657407407407407 0.5528645833333333 0.7791666666666667 0.5453125 0.7851851851851852 0.5346354166666667 0.7833333333333333 0.5294270833333333 0.7736111111111111 0.5278645833333333 0.6851851851851852 0.52890625 0.6754629629629629 0.5317708333333333 0.6708333333333333 0.5455729166666666 0.6666666666666666
0 0.8622395833333333 0.6828703703703703 0.8690104166666667 0.687962962962963 0.8716145833333333 0.6962962962962963 0.87421875 0.7328703703703704 0.8736979166666666 0.7939814814814815 0.86953125 0.8004629629629629 0.8640625 0.8018518518518518 0.8489583333333334 0.7986111111111112 0.8440104166666667 0.7842592592592592 0.8455729166666667 0.7291666666666666 0.8434895833333333 0.6953703703703704 0.8481770833333333 0.6847222222222222 0.8619791666666666 0.6828703703703703
0 0.6682291666666667 0.2574074074074074 0.6731770833333334 0.2652777777777778 0.6744791666666666 0.2861111111111111 0.6723958333333333 0.33796296296296297 0.6716145833333333 0.3421296296296296 0.66875 0.3439814814814815 0.65078125 0.34305555555555556 0.6473958333333333 0.3347222222222222 0.64921875 0.32175925925925924 0.64765625 0.2898148148148148 0.65 0.2625 0.6541666666666667 0.2574074074074074 0.66796875 0.2574074074074074
0 0.7799479166666666 0.11018518518518519 0.7846354166666667 0.11388888888888889 0.7861979166666667 0.12314814814814815 0.7875 0.18611111111111112 0.7861979166666667 0.20185185185185187 0.7838541666666666 0.20879629629629629 0.7729166666666667 0.2152777777777778 0.7666666666666667 0.20972222222222223 0.76015625 0.19814814814814816 0.7583333333333333 0.12314814814814815 0.7630208333333334 0.11157407407407408 0.7796875 0.11018518518518519
0 0.58515625 0.6800925925925926 0.5955729166666667 0.687037037037037 0.5979166666666667 0.6958333333333333 0.5981770833333333 0.7097222222222223 0.59453125 0.7509259259259259 0.59453125 0.7893518518518519 0.5890625 0.8055555555555556 0.5833333333333334 0.8083333333333333 0.5744791666666667 0.8069444444444445 0.5705729166666667 0.8027777777777778 0.5669270833333333 0.7824074074074074 0.5690104166666666 0.7657407407407407 0.5682291666666667 0.7546296296296297 0.5721354166666667 0.6884259259259259 0.5747395833333333 0.6819444444444445 0.5848958333333333 0.6800925925925926
0 0.821875 0.38055555555555554 0.8625 0.38981481481481484 0.8697916666666666 0.39444444444444443 0.87265625 0.4013888888888889 0.8734375 0.4185185185185185 0.86953125 0.43333333333333335 0.8651041666666667 0.4375 0.8348958333333333 0.43333333333333335 0.8104166666666667 0.425 0.8075520833333333 0.41435185185185186 0.8098958333333334 0.3902777777777778 0.8140625 0.38287037037037036 0.8216145833333334 0.38055555555555554
0 0.8955729166666667 0.5509259259259259 0.90234375 0.5532407407407407 0.9067708333333333 0.5601851851851852 0.9088541666666666 0.6134259259259259 0.9065104166666667 0.649074074074074 0.9013020833333333 0.6587962962962963 0.8940104166666667 0.6601851851851852 0.88359375 0.6587962962962963 0.88125 0.6537037037037037 0.8794270833333333 0.5671296296296297 0.88046875 0.5574074074074075 0.8828125 0.5532407407407407 0.8953125 0.5509259259259259
0 0.54453125 0.9907407407407407 0.55078125 0.9939814814814815 0.5528645833333333 0.999537037037037 0.5302083333333333 0.999537037037037 0.5333333333333333 0.9925925925925926 0.5442708333333334 0.9907407407407407
0 0.7815104166666667 0.2273148148148148 0.7890625 0.23472222222222222 0.7921875 0.25092592592592594 0.79140625 0.32592592592592595 0.7888020833333333 0.3351851851851852 0.7830729166666667 0.3384259259259259 0.7723958333333333 0.3375 0.7671875 0.3314814814814815 0.7651041666666667 0.3175925925925926 0.7643229166666666 0.2759259259259259 0.7653645833333333 0.23703703703703705 0.7723958333333333 0.22777777777777777 0.78125 0.2273148148148148
0 0.7411458333333333 0.5282407407407408 0.7489583333333333 0.5324074074074074 0.7513020833333334 0.537962962962963 0.7520833333333333 0.5828703703703704 0.75 0.6263888888888889 0.7453125 0.6333333333333333 0.7385416666666667 0.6347222222222222 0.73046875 0.6328703703703704 0.7265625 0.6268518518518519 0.7260416666666667 0.5893518518518519 0.728125 0.5333333333333333 0.7408854166666666 0.5282407407407408
0 0.971875 0.24305555555555555 0.97578125 0.24814814814814815 0.97734375 0.25555555555555554 0.97890625 0.2884259259259259 0.978125 0.33101851851851855 0.9734375 0.3490740740740741 0.9640625 0.35324074074074074 0.9515625 0.34953703703703703 0.9455729166666667 0.33611111111111114 0.9473958333333333 0.2972222222222222 0.9458333333333333 0.2611111111111111 0.94921875 0.24861111111111112 0.9549479166666667 0.2412037037037037 0.9651041666666667 0.23981481481481481 0.9716145833333333 0.24305555555555555
0 0.8557291666666667 0.5435185185185185 0.8674479166666667 0.5486111111111112 0.8697916666666666 0.5564814814814815 0.8669270833333333 0.6509259259259259 0.8627604166666667 0.663425925925926 0.85703125 0.6666666666666666 0.84609375 0.6657407407407407 0.8419270833333333 0.6620370370370371 0.83828125 0.6444444444444445 0.8408854166666667 0.6199074074074075 0.8419270833333333 0.5671296296296297 0.84765625 0.5458333333333333 0.85546875 0.5435185185185185
0 0.8541666666666666 0.9861111111111112 0.86484375 0.9898148148148148 0.86875 0.999537037037037 0.8411458333333334 0.999537037037037 0.8447916666666667 0.9893518518518518 0.85390625 0.9861111111111112
0 0.6611979166666667 0.6842592592592592 0.6721354166666667 0.6893518518518519 0.6747395833333333 0.6976851851851852 0.6736979166666667 0.7791666666666667 0.6708333333333333 0.7935185185185185 0.6677083333333333 0.7981481481481482 0.6611979166666667 0.8004629629629629 0.6513020833333333 0.7986111111111112 0.6479166666666667 0.7949074074074074 0.6458333333333334 0.7763888888888889 0.64765625 0.6995370370370371 0.6513020833333333 0.6856481481481481 0.6609375 0.6842592592592592
0 0.7638020833333333 0 0.8234375 0 0.8216145833333334 0.005555555555555556 0.8174479166666667 0.008333333333333333 0.8057291666666667 0.0060185185185185185 0.778125 0.009259259259259259 0.76640625 0.00787037037037037 0.7638020833333333 0.000462962962962963
0 0.7283854166666667 0.425462962962963 0.73203125 0.42824074074074076 0.7364583333333333 0.44305555555555554 0.7375 0.45740740740740743 0.7359375 0.4638888888888889 0.72578125 0.4736111111111111 0.6828125 0.4981481481481482 0.6752604166666667 0.49537037037037035 0.66953125 0.4842592592592593 0.6682291666666667 0.4666666666666667 0.671875 0.45555555555555555 0.6890625 0.4425925925925926 0.7169270833333333 0.42777777777777776 0.728125 0.425462962962963
0 0.7802083333333333 0.6722222222222223 0.7864583333333334 0.674537037037037 0.7890625 0.6787037037037037 0.7919270833333333 0.7064814814814815 0.7932291666666667 0.7759259259259259 0.7895833333333333 0.7893518518518519 0.78359375 0.7949074074074074 0.7723958333333333 0.7939814814814815 0.7666666666666667 0.7865740740740741 0.76484375 0.7513888888888889 0.7640625 0.6925925925925925 0.7653645833333333 0.6777777777777778 0.7690104166666667 0.6731481481481482 0.7799479166666666 0.6722222222222223
0 0.7028645833333333 0.11388888888888889 0.7098958333333333 0.11666666666666667 0.71171875 0.12314814814814815 0.7125 0.19768518518518519 0.7098958333333333 0.20694444444444443 0.70078125 0.2125 0.6919270833333333 0.21157407407407408 0.6877604166666667 0.20601851851851852 0.6880208333333333 0.12731481481481483 0.690625 0.11666666666666667 0.7026041666666667 0.11388888888888889
0 0.8182291666666667 0.22916666666666666 0.8229166666666666 0.2337962962962963 0.8247395833333333 0.2412037037037037 0.8268229166666666 0.2851851851851852 0.8255208333333334 0.3125 0.8166666666666667 0.3175925925925926 0.8067708333333333 0.3175925925925926 0.8020833333333334 0.3101851851851852 0.8010416666666667 0.24305555555555555 0.8028645833333333 0.23333333333333334 0.80546875 0.2300925925925926 0.81796875 0.22916666666666666
0 0.9013020833333333 0.24814814814814815 0.90625 0.2513888888888889 0.9098958333333333 0.2587962962962963 0.9153645833333334 0.2898148148148148 0.9135416666666667 0.29814814814814816 0.9151041666666667 0.3277777777777778 0.91328125 0.3523148148148148 0.9106770833333333 0.35694444444444445 0.9013020833333333 0.36064814814814816 0.8901041666666667 0.3592592592592593 0.8825520833333333 0.3490740740740741 0.8846354166666667 0.31203703703703706 0.8833333333333333 0.2884259259259259 0.8794270833333333 0.2791666666666667 0.88359375 0.25833333333333336 0.8869791666666667 0.2513888888888889 0.8932291666666666 0.24768518518518517 0.9010416666666666 0.24814814814814815
0 0.6307291666666667 0.22962962962962963 0.6375 0.23425925925925925 0.6403645833333333 0.24861111111111112 0.6390625 0.2828703703703704 0.6401041666666667 0.32407407407407407 0.6377604166666667 0.337037037037037 0.62734375 0.34120370370370373 0.6161458333333333 0.3375 0.6135416666666667 0.3287037037037037 0.6130208333333333 0.24027777777777778 0.6184895833333334 0.23055555555555557 0.63046875 0.22962962962962963
0 0.9932291666666667 0.4425925925925926 0.9997395833333333 0.44537037037037036 0.9997395833333333 0.4842592592592593 0.984375 0.49537037037037035 0.9536458333333333 0.5106481481481482 0.9486979166666667 0.5101851851851852 0.9427083333333334 0.5013888888888889 0.9393229166666667 0.48518518518518516 0.9393229166666667 0.4740740740740741 0.94140625 0.4689814814814815 0.9643229166666667 0.4546296296296296 0.99296875 0.4425925925925926
0 0.81875 0.6787037037037037 0.8244791666666667 0.6828703703703703 0.8263020833333333 0.687962962962963 0.8278645833333333 0.7550925925925925 0.8252604166666667 0.7810185185185186 0.8216145833333334 0.7865740740740741 0.8161458333333333 0.7888888888888889 0.80625 0.7865740740740741 0.8015625 0.7796296296296297 0.7994791666666666 0.6912037037037037 0.8049479166666667 0.6796296296296296 0.8184895833333333 0.6787037037037037