0 0.89140625 0.12962962962962962 0.89453125 0.13287037037037036 0.8966145833333333 0.14629629629629629 0.8981770833333333 0.22824074074074074 0.8950520833333333 0.24259259259259258 0.8841145833333334 0.24583333333333332 0.8755208333333333 0.24351851851851852 0.8708333333333333 0.2337962962962963 0.86953125 0.20833333333333334 0.8708333333333333 0.19305555555555556 0.86796875 0.1574074074074074 0.8708333333333333 0.13703703703703704 0.8731770833333333 0.13148148148148148 0.8802083333333334 0.12824074074074074 0.8911458333333333 0.12962962962962962
0 0.540625 0.6810185185185185 0.546875 0.6819444444444445 0.55234375 0.687037037037037 0.5546875 0.7097222222222223 0.5541666666666667 0.7861111111111111 0.5505208333333333 0.7967592592592593 0.5447916666666667 0.8004629629629629 0.5317708333333333 0.7972222222222223 0.5283854166666667 0.7842592592592592 0.52734375 0.6921296296296297 0.5325520833333334 0.6837962962962963 0.5403645833333334 0.6810185185185185
0 0.81640625 0.11064814814814815 0.821875 0.125 0.8236979166666667 0.14629629629629629 0.8234375 0.18194444444444444 0.8197916666666667 0.20416666666666666 0.8111979166666666 0.20925925925925926 0.8002604166666667 0.20694444444444443 0.7963541666666667 0.19953703703703704 0.7971354166666667 0.16666666666666666 0.7942708333333334 0.13240740740740742 0.796875 0.1175925925925926 0.80078125 0.11018518518518519 0.81171875 0.10740740740740741 0.8161458333333333 0.11064814814814815
0 0.6299479166666667 0.6800925925925926 0.63359375 0.6856481481481481 0.6341145833333334 0.6907407407407408 0.63671875 0.7337962962962963 0.6364583333333333 0.7689814814814815 0.6338541666666667 0.8069444444444445 0.6299479166666667 0.8162037037037037 0.6247395833333333 0.8180555555555555 0.61328125 0.8171296296296297 0.6080729166666666 0.812962962962963 0.60546875 0.8069444444444445 0.60703125 0.7814814814814814 0.6067708333333334 0.7166666666666667 0.6138020833333333 0.6824074074074075 0.6296875 0.6800925925925926
0 0.7028645833333333 0.25555555555555554 0.7078125 0.25833333333333336 0.7111979166666667 0.26481481481481484 0.7114583333333333 0.3537037037037037 0.70703125 0.36018518518518516 0.7 0.36203703703703705 0.6927083333333334 0.36018518518518516 0.6875 0.3523148148148148 0.6848958333333334 0.2828703703703704 0.6861979166666666 0.2652777777777778 0.6885416666666667 0.25833333333333336 0.7026041666666667 0.25555555555555554
0 0.7013020833333333 0.12731481481481483 0.7080729166666667 0.1300925925925926 0.71015625 0.13472222222222222 0.7111979166666667 0.18425925925925926 0.71015625 0.21666666666666667 0.7067708333333333 0.22314814814814815 0.7015625 0.22546296296296298 0.68828125 0.22314814814814815 0.6854166666666667 0.21064814814814814 0.68671875 0.13472222222222222 0.6895833333333333 0.12916666666666668 0.7010416666666667 0.12731481481481483
0 0.96015625 0.12824074074074074 0.9723958333333333 0.13518518518518519 0.9755208333333333 0.14907407407407408 0.97578125 0.2273148148148148 0.9739583333333334 0.23333333333333334 0.965625 0.23935185185185184 0.9528645833333333 0.2361111111111111 0.94765625 0.22453703703703703 0.94609375 0.14675925925925926 0.9505208333333334 0.13287037037037036 0.9598958333333333 0.12824074074074074
0 0.80859375 0.5537037037037037 0.82109375 0.5569444444444445 0.8247395833333333 0.5712962962962963 0.8263020833333333 0.5930555555555556 0.8260416666666667 0.6564814814814814 0.8244791666666667 0.662962962962963 0.8177083333333334 0.6662037037037037 0.803125 0.6648148148148149 0.8 0.6606481481481481 0.79921875 0.6550925925925926 0.7979166666666667 0.5680555555555555 0.8002604166666667 0.5569444444444445 0.8083333333333333 0.5537037037037037
0 0.73984375 0.25833333333333336 0.74765625 0.26296296296296295 0.7515625 0.27870370370370373 0.7533854166666667 0.35694444444444445 0.7513020833333334 0.362962962962963 0.74375 0.36435185185185187 0.7333333333333333 0.362962962962963 0.7291666666666666 0.35648148148148145 0.72734375 0.3458333333333333 0.7252604166666666 0.27546296296296297 0.73046875 0.2625 0.7395833333333334 0.25833333333333336
0 0.8598958333333333 0.6962962962962963 0.86640625 0.6990740740740741 0.8705729166666667 0.7083333333333334 0.8734375 0.7601851851851852 0.8734375 0.8069444444444445 0.8700520833333333 0.8138888888888889 0.8635416666666667 0.8162037037037037 0.8486979166666667 0.812962962962963 0.84375 0.7953703703703704 0.8450520833333334 0.7532407407407408 0.8432291666666667 0.7097222222222223 0.8481770833333333 0.6981481481481482 0.8596354166666667 0.6962962962962963
0 0.8981770833333333 0.2611111111111111 0.9046875 0.26435185185185184 0.9078125 0.26990740740740743 0.9135416666666667 0.3023148148148148 0.9122395833333333 0.31342592592592594 0.9130208333333333 0.36157407407407405 0.9096354166666667 0.37037037037037035 0.9018229166666667 0.37453703703703706 0.8895833333333333 0.3731481481481482 0.88125 0.36064814814814816 0.8809895833333333 0.3523148148148148 0.8841145833333334 0.3384259259259259 0.8828125 0.3050925925925926 0.8783854166666667 0.29074074074074074 0.8822916666666667 0.27175925925925926 0.8861979166666667 0.26435185185185184 0.8979166666666667 0.2611111111111111
0 0.590625 0.125 0.5989583333333334 0.12962962962962962 0.6002604166666666 0.1361111111111111 0.5997395833333333 0.21851851851851853 0.5958333333333333 0.23287037037037037 0.58828125 0.23796296296296296 0.5776041666666667 0.2351851851851852 0.57265625 0.22314814814814815 0.5723958333333333 0.21064814814814814 0.575 0.13333333333333333 0.5802083333333333 0.12638888888888888 0.5903645833333333 0.125
0 0 0.487962962962963 0.011979166666666667 0.487962962962963 0.0171875 0.4912037037037037 0.019791666666666666 0.4976851851851852 0.017447916666666667 0.5462962962962963 0.019010416666666665 0.5537037037037037 0.013541666666666667 0.5745370370370371 0.012760416666666666 0.5921296296296297 0.0078125 0.6023148148148149 0 0.6060185185185185 0 0.55 0.002864583333333333 0.5467592592592593 0.0018229166666666667 0.5337962962962963 0 0.5333333333333333 0 0.48842592592592593
0 0.5479166666666667 0.5393518518518519 0.55703125 0.5421296296296296 0.5598958333333334 0.5462962962962963 0.5606770833333333 0.5893518518518519 0.5588541666666667 0.6013888888888889 0.5596354166666667 0.6324074074074074 0.5578125 0.65 0.55390625 0.6564814814814814 0.54765625 0.6583333333333333 0.5356770833333333 0.6550925925925926 0.53203125 0.6444444444444445 0.5338541666666666 0.6203703703703703 0.5322916666666667 0.6037037037037037 0.534375 0.5462962962962963 0.53671875 0.5412037037037037 0.54765625 0.5393518518518519
0 0.665625 0.12638888888888888 0.67265625 0.1300925925925926 0.6752604166666667 0.14537037037037037 0.675 0.22777777777777777 0.6723958333333333 0.23425925925925925 0.6622395833333333 0.24166666666666667 0.6502604166666667 0.2375 0.646875 0.2310185185185185 0.6463541666666667 0.21898148148148147 0.65078125 0.13518518518518519 0.6544270833333333 0.12824074074074074 0.6653645833333334 0.12638888888888888
0 0.58984375 0.24583333333333332 0.6 0.25092592592592594 0.60234375 0.337037037037037 0.6015625 0.3592592592592593 0.5984375 0.3675925925925926 0.5919270833333333 0.37222222222222223 0.57890625 0.36944444444444446 0.5744791666666667 0.3611111111111111 0.5734375 0.350462962962963 0.5752604166666667 0.2550925925925926 0.5783854166666667 0.24861111111111112 0.5895833333333333 0.24583333333333332
0 0.9359375 0.5550925925925926 0.94140625 0.5597222222222222 0.9447916666666667 0.5680555555555555 0.9481770833333333 0.6055555555555555 0.94765625 0.6685185185185185 0.9447916666666667 0.6759259259259259 0.9377604166666667 0.6791666666666667 0.9286458333333333 0.6787037037037037 0.9216145833333333 0.6717592592592593 0.91875 0.6444444444444445 0.9166666666666666 0.5884259259259259 0.9166666666666666 0.5671296296296297 0.9184895833333333 0.5606481481481481 0.92421875 0.5560185185185185 0.9356770833333333 0.5550925925925926
0 0.584375 0.6944444444444444 0.59375 0.6990740740740741 0.5963541666666666 0.7069444444444445 0.596875 0.7310185185185185 0.5950520833333334 0.7513888888888889 0.596875 0.7620370370370371 0.5921875 0.8125 0.58828125 0.8212962962962963 0.5825520833333333 0.8236111111111111 0.571875 0.8212962962962963 0.5671875 0.812962962962963 0.5666666666666667 0.7643518518518518 0.57109375 0.7 0.5744791666666667 0.6953703703703704 0.5841145833333333 0.6944444444444444
0 0.7 0.6875 0.7088541666666667 0.6921296296296297 0.7122395833333334 0.7064814814814815 0.71171875 0.7907407407407407 0.7106770833333333 0.8032407407407407 0.70625 0.8069444444444445 0.6888020833333334 0.8050925925925926 0.68359375 0.8009259259259259 0.68203125 0.7962962962962963 0.68515625 0.6967592592592593 0.6888020833333334 0.6888888888888889 0.6997395833333333 0.6875
0 0.7388020833333333 0.6976851851851852 0.74453125 0.7023148148148148 0.7466145833333333 0.7111111111111111 0.7497395833333333 0.7842592592592592 0.746875 0.7930555555555555 0.73828125 0.7962962962962963 0.7270833333333333 0.7949074074074074 0.7247395833333333 0.7902777777777777 0.7197916666666667 0.7064814814814815 0.7255208333333333 0.6995370370370371 0.7385416666666667 0.6976851851851852
0 0.1171875 0.8393518518518519 0.12552083333333333 0.8458333333333333 0.12734375 0.8592592592592593 0.12291666666666666 0.9217592592592593 0.11979166666666667 0.9425925925925925 0.11614583333333334 0.9541666666666667 0.11432291666666666 0.9546296296296296 0.09895833333333333 0.9532407407407407 0.09557291666666666 0.95 0.09348958333333333 0.9314814814814815 0.09869791666666666 0.8689814814814815 0.10208333333333333 0.8490740740740741 0.10598958333333333 0.8412037037037037 0.11692708333333333 0.8393518518518519
0 0.6114583333333333 0.4185185185185185 0.6161458333333333 0.4212962962962963 0.62734375 0.43657407407407406 0.63203125 0.4476851851851852 0.65703125 0.4875 0.6546875 0.5032407407407408 0.6489583333333333 0.5157407407407407 0.64453125 0.5194444444444445 0.63359375 0.5120370370370371 0.6236979166666666 0.49212962962962964 0.6096354166666667 0.47453703703703703 0.5973958333333333 0.4537037037037037 0.59609375 0.44814814814814813 0.5973958333333333 0.4356481481481482 0.6057291666666667 0.42083333333333334 0.6111979166666667 0.4185185185185185
0 0.6244791666666667 0.5472222222222223 0.6302083333333334 0.5513888888888889 0.6325520833333333 0.5625 0.6359375 0.6435185185185185 0.6338541666666667 0.6574074074074074 0.6268229166666667 0.6652777777777777 0.6143229166666667 0.6648148148148149 0.6080729166666666 0.6574074074074074 0.6041666666666666 0.575 0.6046875 0.5592592592592592 0.6072916666666667 0.55 0.62421875 0.5472222222222223
0 0.85 0.13796296296296295 0.85625 0.14027777777777778 0.859375 0.15 0.8596354166666667 0.21481481481481482 0.8565104166666667 0.23287037037037037 0.846875 0.2375 0.8369791666666667 0.23564814814814813 0.8330729166666667 0.22777777777777777 0.8330729166666667 0.1537037037037037 0.8348958333333333 0.14027777777777778 0.8497395833333333 0.13796296296296295
0 0.6661458333333333 0.2708333333333333 0.6708333333333333 0.2759259259259259 0.6731770833333334 0.29583333333333334 0.6716145833333333 0.350462962962963 0.6703125 0.35555555555555557 0.6669270833333333 0.3574074074074074 0.65078125 0.3574074074074074 0.646875 0.3523148148148148 0.6463541666666667 0.3453703703703704 0.6479166666666667 0.2791666666666667 0.65234375 0.2712962962962963 0.6658854166666667 0.2708333333333333
0 0.7393229166666667 0.09537037037037037 0.7458333333333333 0.09814814814814815 0.75 0.10833333333333334 0.7489583333333333 0.18518518518518517 0.746875 0.2101851851851852 0.7411458333333333 0.21666666666666667 0.7354166666666667 0.21805555555555556 0.7236979166666667 0.21481481481481482 0.7203125 0.20833333333333334 0.7223958333333333 0.17222222222222222 0.7221354166666667 0.12314814814814815 0.7239583333333334 0.10833333333333334 0.72734375 0.09953703703703703 0.7317708333333334 0.09583333333333334 0.7390625 0.09537037037037037
0 0.7138020833333333 0.3824074074074074 0.7541666666666667 0.38981481481481484 0.7567708333333333 0.40324074074074073 0.7549479166666667 0.42824074074074076 0.7518229166666667 0.43194444444444446 0.7447916666666666 0.43333333333333335 0.703125 0.42962962962962964 0.69609375 0.4263888888888889 0.6934895833333333 0.4125 0.6958333333333333 0.38842592592592595 0.70234375 0.38287037037037036 0.7135416666666666 0.3824074074074074
0 0.6265625 0.24259259259259258 0.6346354166666667 0.24583333333333332 0.6380208333333334 0.2550925925925926 0.63984375 0.32407407407407407 0.6377604166666667 0.34814814814814815 0.6268229166666667 0.35555555555555557 0.615625 0.35324074074074074 0.6127604166666667 0.3486111111111111 0.61171875 0.3384259259259259 0.6119791666666666 0.2513888888888889 0.6161458333333333 0.2449074074074074 0.6263020833333334 0.24259259259259258
0 0.8979166666666667 0.5652777777777778 0.9044270833333333 0.5694444444444444 0.9059895833333333 0.5740740740740741 0.9078125 0.6467592592592593 0.9052083333333333 0.6648148148148149 0.9010416666666666 0.6722222222222223 0.8947916666666667 0.674074074074074 0.8838541666666667 0.6717592592592593 0.8802083333333334 0.6652777777777777 0.8786458333333333 0.6268518518518519 0.8794270833333333 0.5736111111111111 0.8830729166666667 0.5662037037037037 0.89765625 0.5652777777777778
0 0.6622395833333333 0.9787037037037037 0.6690104166666667 0.986574074074074 0.6723958333333333 0.999537037037037 0.64375 0.999537037037037 0.6434895833333333 0.9939814814814815 0.6473958333333333 0.9819444444444444 0.6619791666666667 0.9787037037037037
0 0.8518229166666667 0.2518518518518518 0.8591145833333333 0.2574074074074074 0.8627604166666667 0.2712962962962963 0.8661458333333333 0.3449074074074074 0.8630208333333333 0.35555555555555557 0.8515625 0.3587962962962963 0.8419270833333333 0.35694444444444445 0.8390625 0.3490740740740741 0.8348958333333333 0.27824074074074073 0.8348958333333333 0.26435185185185184 0.83828125 0.25601851851851853 0.8515625 0.2518518518518518
0 0.74453125 0.5435185185185185 0.75 0.55 0.7513020833333334 0.5587962962962963 0.75078125 0.6300925925925925 0.7481770833333333 0.6439814814814815 0.7416666666666667 0.6481481481481481 0.7307291666666667 0.6472222222222223 0.7252604166666666 0.6398148148148148 0.7260416666666667 0.55 0.72734375 0.5458333333333333 0.7315104166666667 0.5430555555555555 0.7442708333333333 0.5435185185185185
0 0.7033854166666667 0.5606481481481481 0.7109375 0.562962962962963 0.7140625 0.5712962962962963 0.7151041666666667 0.624537037037037 0.7138020833333333 0.6287037037037037 0.7109375 0.6296296296296297 0.69609375 0.6296296296296297 0.6908854166666667 0.6268518518518519 0.6908854166666667 0.5675925925925925 0.6927083333333334 0.5634259259259259 0.703125 0.5606481481481481
0 0.6265625 0.1087962962962963 0.63203125 0.1125 0.6354166666666666 0.12037037037037036 0.6372395833333333 0.13240740740740742 0.6377604166666667 0.17824074074074073 0.6372395833333333 0.2 0.6346354166666667 0.21666666666666667 0.625 0.2222222222222222 0.6158854166666666 0.2212962962962963 0.6119791666666666 0.21712962962962962 0.6098958333333333 0.18564814814814815 0.6114583333333333 0.11990740740740741 0.6161458333333333 0.11157407407407408 0.6263020833333334 0.1087962962962963
0 0.9666666666666667 0.25416666666666665 0.971875 0.25833333333333336 0.9755208333333333 0.26666666666666666 0.9770833333333333 0.31157407407407406 0.9755208333333333 0.35555555555555557 0.9716145833333333 0.362962962962963 0.96484375 0.3662037037037037 0.9528645833333333 0.36435185185185187 0.9447916666666667 0.3486111111111111 0.9466145833333334 0.300462962962963 0.9442708333333333 0.2777777777777778 0.9466145833333334 0.2652777777777778 0.95078125 0.2569444444444444 0.9567708333333333 0.25324074074074077 0.96640625 0.25416666666666665
0 0.8604166666666667 0.5587962962962963 0.8666666666666667 0.562037037037037 0.86875 0.5675925925925925 0.8684895833333334 0.6180555555555556 0.8658854166666666 0.6643518518518519 0.8630208333333333 0.6754629629629629 0.8575520833333333 0.6800925925925926 0.8453125 0.6791666666666667 0.8416666666666667 0.6759259259259259 0.83828125 0.6675925925925926 0.8380208333333333 0.6546296296296297 0.8419270833333333 0.5736111111111111 0.8484375 0.5583333333333333 0.86015625 0.5587962962962963
0 0.7807291666666667 0.6865740740740741 0.7872395833333333 0.6893518518518519 0.7901041666666667 0.6990740740740741 0.7927083333333333 0.7824074074074074 0.78984375 0.8013888888888889 0.78671875 0.8069444444444445 0.7807291666666667 0.8097222222222222 0.7705729166666667 0.8074074074074075 0.7658854166666667 0.8 0.7630208333333334 0.7148148148148148 0.765625 0.687962962962963 0.78046875 0.6865740740740741
0 0.66015625 0.6990740740740741 0.6713541666666667 0.7027777777777777 0.6739583333333333 0.7097222222222223 0.6729166666666667 0.7925925925925926 0.6697916666666667 0.8074074074074075 0.6658854166666667 0.8134259259259259 0.66171875 0.8148148148148148 0.6484375 0.8111111111111111 0.6453125 0.8004629629629629 0.6450520833333333 0.7861111111111111 0.6473958333333333 0.7101851851851851 0.65078125 0.700462962962963 0.6598958333333333 0.6990740740740741
0 0.08515625 0.012037037037037037 0.09375 0.01898148148148148 0.09375 0.02546296296296296 0.08958333333333333 0.03564814814814815 0.09270833333333334 0.04351851851851852 0.08489583333333334 0.09212962962962963 0.07994791666666666 0.10555555555555556 0.07473958333333333 0.10787037037037037 0.06744791666666666 0.10601851851851851 0.0609375 0.09907407407407408 0.058854166666666666 0.09212962962962963 0.058854166666666666 0.08055555555555556 0.0640625 0.044444444444444446 0.07109375 0.013888888888888888 0.0765625 0.010648148148148148 0.08489583333333334 0.012037037037037037
0 0.7817708333333333 0.5564814814814815 0.7869791666666667 0.5615740740740741 0.7893229166666667 0.5745370370370371 0.7908854166666667 0.6449074074074074 0.78828125 0.6578703703703703 0.7786458333333334 0.6625 0.76875 0.6606481481481481 0.7645833333333333 0.649074074074074 0.7619791666666667 0.5694444444444444 0.7643229166666666 0.5606481481481481 0.76796875 0.5569444444444445 0.7815104166666667 0.5564814814814815
0 0.81484375 0.24212962962962964 0.8190104166666666 0.24351851851851852 0.82265625 0.2490740740740741 0.82578125 0.2898148148148148 0.8247395833333333 0.324537037037037 0.8213541666666667 0.32916666666666666 0.815625 0.33055555555555555 0.8036458333333333 0.3296296296296296 0.8002604166666667 0.3212962962962963 0.8018229166666667 0.3023148148148148 0.8002604166666667 0.25092592592592594 0.8041666666666667 0.24351851851851852 0.8145833333333333 0.24212962962962964
0 0.77578125 0.23935185185185184 0.7859375 0.24444444444444444 0.790625 0.2587962962962963 0.7911458333333333 0.33101851851851855 0.78828125 0.3486111111111111 0.7721354166666666 0.35138888888888886 0.765625 0.3453703703703704 0.7643229166666666 0.3388888888888889 0.7638020833333333 0.25046296296296294 0.7682291666666666 0.24259259259259258 0.7755208333333333 0.23981481481481481
0 0.77890625 0.12361111111111112 0.7828125 0.1259259259259259 0.7838541666666666 0.1300925925925926 0.7869791666666667 0.1712962962962963 0.78515625 0.20972222222222223 0.7825520833333334 0.22175925925925927 0.7723958333333333 0.22777777777777777 0.7640625 0.22361111111111112 0.7588541666666667 0.2101851851851852 0.7575520833333333 0.1361111111111111 0.7622395833333333 0.125 0.7786458333333334 0.12361111111111112
0 0.5934895833333333 0.8518518518518519 0.5989583333333334 0.8564814814814815 0.60078125 0.8731481481481481 0.5989583333333334 0.8944444444444445 0.5919270833333333 0.9 0.53671875 0.8981481481481481 0.53203125 0.8875 0.5317708333333333 0.8648148148148148 0.53359375 0.8560185185185185 0.5395833333333333 0.850925925925926 0.5932291666666667 0.8518518518518519
0 0.81484375 0.6916666666666667 0.82109375 0.6939814814814815 0.8252604166666667 0.6995370370370371 0.82734375 0.7675925925925926 0.825 0.7949074074074074 0.82109375 0.8009259259259259 0.8145833333333333 0.8037037037037037 0.8033854166666666 0.799074074074074 0.8 0.7861111111111111 0.7986979166666667 0.7592592592592593 0.8 0.7361111111111112 0.7981770833333334 0.711574074074074 0.7989583333333333 0.7018518518518518 0.8020833333333334 0.6949074074074074 0.8145833333333333 0.6916666666666667