0 0.8869791666666667 0.1162037037037037 0.8924479166666667 0.11898148148148148 0.8953125 0.12546296296296297 0.89765625 0.19166666666666668 0.8963541666666667 0.22685185185185186 0.8877604166666667 0.23425925925925925 0.875 0.23287037037037037 0.8697916666666666 0.22314814814814815 0.8692708333333333 0.16944444444444445 0.8669270833333333 0.1449074074074074 0.8700520833333333 0.12453703703703704 0.87265625 0.11944444444444445 0.88671875 0.1162037037037037
0 0.5442708333333334 0.6685185185185185 0.5502604166666667 0.6726851851851852 0.5526041666666667 0.6782407407407407 0.5546875 0.7541666666666667 0.55390625 0.7712962962962963 0.5515625 0.7796296296296297 0.546875 0.7856481481481481 0.54140625 0.7875 0.53203125 0.7847222222222222 0.52578125 0.7689814814814815 0.52578125 0.6819444444444445 0.53125 0.6712962962962963 0.5440104166666667 0.6685185185185185
0 0.8075520833333333 0.09583333333333334 0.8140625 0.09722222222222222 0.8182291666666667 0.10277777777777777 0.8221354166666667 0.12916666666666668 0.8223958333333333 0.17175925925925925 0.8205729166666667 0.1865740740740741 0.81796875 0.19398148148148148 0.8111979166666666 0.19722222222222222 0.8013020833333333 0.19583333333333333 0.796875 0.1925925925925926 0.7950520833333333 0.18611111111111112 0.7947916666666667 0.11342592592592593 0.7997395833333333 0.09907407407407408 0.8072916666666666 0.09583333333333334
0 0.6221354166666667 0.6759259259259259 0.6299479166666667 0.6796296296296296 0.63359375 0.6916666666666667 0.6348958333333333 0.7657407407407407 0.6309895833333333 0.8 0.621875 0.8055555555555556 0.60859375 0.8032407407407407 0.6052083333333333 0.7972222222222223 0.6036458333333333 0.7870370370370371 0.6052083333333333 0.7666666666666667 0.6036458333333333 0.7393518518518518 0.6057291666666667 0.7277777777777777 0.6072916666666667 0.6898148148148148 0.6109375 0.6787037037037037 0.621875 0.6759259259259259
0 0.7427083333333333 0.24814814814814815 0.7486979166666666 0.25555555555555554 0.7515625 0.2712962962962963 0.7526041666666666 0.33935185185185185 0.75078125 0.3486111111111111 0.7421875 0.3523148148148148 0.7328125 0.35138888888888886 0.7278645833333334 0.3449074074074074 0.72421875 0.2638888888888889 0.7270833333333333 0.2537037037037037 0.73046875 0.24953703703703703 0.7424479166666667 0.24814814814814815
0 0.9611979166666667 0.11712962962962963 0.9705729166666667 0.12314814814814815 0.9739583333333334 0.13055555555555556 0.975 0.13935185185185187 0.975 0.2162037037037037 0.9705729166666667 0.22453703703703703 0.9643229166666667 0.22824074074074074 0.9557291666666666 0.2273148148148148 0.94765625 0.21666666666666667 0.94609375 0.16435185185185186 0.9440104166666666 0.14722222222222223 0.9455729166666667 0.13287037037037036 0.9486979166666667 0.12314814814814815 0.9526041666666667 0.11851851851851852 0.9609375 0.11712962962962963
0 0.8510416666666667 0.12638888888888888 0.8559895833333333 0.12916666666666668 0.8575520833333333 0.13472222222222222 0.85859375 0.20092592592592592 0.85625 0.21944444444444444 0.8528645833333334 0.22407407407407406 0.8473958333333333 0.22546296296296298 0.8348958333333333 0.22361111111111112 0.8315104166666667 0.21574074074074073 0.8322916666666667 0.14212962962962963 0.83515625 0.12824074074074074 0.85078125 0.12638888888888888
0 0.7067708333333333 0.549537037037037 0.71171875 0.5541666666666667 0.7140625 0.5763888888888888 0.7135416666666666 0.6134259259259259 0.70859375 0.6171296296296296 0.6924479166666667 0.6171296296296296 0.6890625 0.6129629629629629 0.69140625 0.5958333333333333 0.68984375 0.5537037037037037 0.6932291666666667 0.55 0.7065104166666667 0.549537037037037
0 0.9013020833333333 0.4740740740740741 0.9432291666666667 0.47824074074074074 0.9471354166666667 0.4875 0.9479166666666666 0.5064814814814815 0.9458333333333333 0.5189814814814815 0.93984375 0.5231481481481481 0.8875 0.5185185185185185 0.88359375 0.5074074074074074 0.88359375 0.4898148148148148 0.8854166666666666 0.4810185185185185 0.8908854166666667 0.47453703703703703 0.9010416666666666 0.4740740740740741
0 0.6583333333333333 0.9643518518518519 0.66328125 0.9666666666666667 0.6682291666666667 0.975925925925926 0.6705729166666666 0.999537037037037 0.6427083333333333 0.999537037037037 0.64375 0.9726851851851852 0.6489583333333333 0.9662037037037037 0.6580729166666667 0.9643518518518519
0 0.5471354166666667 0.5268518518518519 0.55859375 0.5319444444444444 0.5598958333333334 0.5537037037037037 0.5575520833333333 0.5884259259259259 0.5591145833333333 0.6041666666666666 0.5572916666666666 0.6337962962962963 0.55390625 0.6425925925925926 0.5484375 0.6453703703703704 0.5359375 0.6430555555555556 0.5328125 0.6398148148148148 0.53125 0.6328703703703704 0.5333333333333333 0.5328703703703703 0.5361979166666667 0.5282407407407408 0.546875 0.5268518518518519
0 0.625 0.09722222222222222 0.63046875 0.1 0.6348958333333333 0.1087962962962963 0.6372395833333333 0.1476851851851852 0.6348958333333333 0.20092592592592592 0.6317708333333333 0.2064814814814815 0.62421875 0.21064814814814814 0.6161458333333333 0.2101851851851852 0.6111979166666667 0.20601851851851852 0.6088541666666667 0.17685185185185184 0.6106770833333334 0.1087962962962963 0.6161458333333333 0.09953703703703703 0.6247395833333333 0.09722222222222222
0 0.62578125 0.5351851851851852 0.6299479166666667 0.5402777777777777 0.6317708333333333 0.5527777777777778 0.6341145833333334 0.6375 0.6291666666666667 0.6504629629629629 0.6200520833333333 0.6532407407407408 0.6096354166666667 0.6504629629629629 0.6059895833333333 0.6402777777777777 0.603125 0.5569444444444445 0.6057291666666667 0.537962962962963 0.6122395833333333 0.5347222222222222 0.6255208333333333 0.5351851851851852
0 0.8567708333333334 0.5458333333333333 0.8666666666666667 0.5532407407407407 0.8677083333333333 0.5675925925925925 0.8643229166666667 0.6546296296296297 0.8609375 0.6652777777777777 0.85625 0.6680555555555555 0.840625 0.6643518518518519 0.8372395833333334 0.6578703703703703 0.8361979166666667 0.6435185185185185 0.8419270833333333 0.5564814814814815 0.84609375 0.5467592592592593 0.8565104166666667 0.5458333333333333
0 0.6666666666666666 0.11527777777777778 0.6721354166666667 0.11990740740740741 0.675 0.13657407407407407 0.6731770833333334 0.17546296296296296 0.6739583333333333 0.21481481481481482 0.6703125 0.22407407407407406 0.6598958333333333 0.2300925925925926 0.6505208333333333 0.2263888888888889 0.6458333333333334 0.21666666666666667 0.646875 0.1712962962962963 0.65078125 0.12129629629629629 0.6567708333333333 0.11481481481481481 0.66640625 0.11527777777777778
0 0.5895833333333333 0.11342592592592593 0.5963541666666666 0.1162037037037037 0.5989583333333334 0.12083333333333333 0.6002604166666666 0.15833333333333333 0.5986979166666667 0.20925925925925926 0.5950520833333334 0.22037037037037038 0.5877604166666667 0.22546296296296298 0.5786458333333333 0.22453703703703703 0.5747395833333333 0.22037037037037038 0.5713541666666667 0.20972222222222223 0.5708333333333333 0.19953703703703704 0.5744791666666667 0.12129629629629629 0.578125 0.11527777777777778 0.5893229166666667 0.11342592592592593
0 0.58828125 0.23425925925925925 0.5979166666666667 0.2361111111111111 0.5994791666666667 0.23981481481481481 0.6010416666666667 0.3398148148148148 0.5971354166666667 0.35555555555555557 0.5927083333333333 0.3597222222222222 0.5815104166666667 0.36018518518518516 0.5768229166666666 0.3560185185185185 0.5723958333333333 0.3458333333333333 0.57421875 0.24537037037037038 0.5776041666666667 0.23703703703703705 0.5880208333333333 0.23472222222222222
0 0.8919270833333334 0.39490740740740743 0.9403645833333333 0.4166666666666667 0.9424479166666667 0.4212962962962963 0.9408854166666667 0.4462962962962963 0.9372395833333333 0.4564814814814815 0.9330729166666667 0.4583333333333333 0.90390625 0.4513888888888889 0.87734375 0.4361111111111111 0.8760416666666667 0.41712962962962963 0.8796875 0.4009259259259259 0.8841145833333334 0.3958333333333333 0.8916666666666667 0.39490740740740743
0 0.7020833333333333 0.6754629629629629 0.7072916666666667 0.6796296296296296 0.7098958333333333 0.6861111111111111 0.7111979166666667 0.737037037037037 0.7096354166666666 0.7893518518518519 0.703125 0.7939814814814815 0.6841145833333333 0.7907407407407407 0.6815104166666667 0.7875 0.68046875 0.7800925925925926 0.6833333333333333 0.6875 0.6854166666666667 0.6791666666666667 0.6890625 0.6754629629629629 0.7018229166666666 0.6754629629629629
0 0.7411458333333333 0.6875 0.7455729166666667 0.7027777777777777 0.7484375 0.7726851851851851 0.7458333333333333 0.7796296296296297 0.7375 0.7833333333333333 0.72734375 0.7833333333333333 0.7234375 0.7791666666666667 0.7200520833333334 0.7412037037037037 0.72109375 0.7305555555555555 0.71875 0.6925925925925925 0.7268229166666667 0.6861111111111111 0.7408854166666666 0.6875
0 0.8591145833333333 0.6842592592592592 0.865625 0.6888888888888889 0.8697916666666666 0.700462962962963 0.871875 0.7615740740740741 0.8705729166666667 0.7986111111111112 0.8666666666666667 0.8027777777777778 0.859375 0.8041666666666667 0.8471354166666667 0.8004629629629629 0.8419270833333333 0.7865740740740741 0.8434895833333333 0.7532407407407408 0.840625 0.7078703703703704 0.84140625 0.6949074074074074 0.8453125 0.6875 0.8520833333333333 0.6837962962962963 0.8588541666666667 0.6842592592592592
0 0.6640625 0.25925925925925924 0.6708333333333333 0.2657407407407407 0.6723958333333333 0.2912037037037037 0.6703125 0.3416666666666667 0.66171875 0.34629629629629627 0.65078125 0.3458333333333333 0.64609375 0.34120370370370373 0.64609375 0.2796296296296296 0.6473958333333333 0.2652777777777778 0.6497395833333334 0.26064814814814813 0.6638020833333333 0.25925925925925924
0 0.8533854166666667 0.2412037037037037 0.8596354166666667 0.2490740740740741 0.86171875 0.25833333333333336 0.8651041666666667 0.3263888888888889 0.8625 0.3435185185185185 0.8505208333333333 0.3472222222222222 0.84140625 0.3458333333333333 0.83828125 0.3398148148148148 0.83359375 0.26851851851851855 0.834375 0.2518518518518518 0.83828125 0.24351851851851852 0.853125 0.2412037037037037
0 0.7760416666666666 0.11157407407407408 0.78125 0.11388888888888889 0.78359375 0.12083333333333333 0.78515625 0.18888888888888888 0.7830729166666667 0.20972222222222223 0.77265625 0.21712962962962962 0.7645833333333333 0.21203703703703702 0.7583333333333333 0.20046296296296295 0.7565104166666666 0.1287037037037037 0.7598958333333333 0.11481481481481481 0.7653645833333333 0.11157407407407408 0.77578125 0.11157407407407408
0 0.7770833333333333 0.3972222222222222 0.8177083333333334 0.4009259259259259 0.8234375 0.4041666666666667 0.8260416666666667 0.4115740740740741 0.8265625 0.4310185185185185 0.8236979166666667 0.44305555555555554 0.8174479166666667 0.4462962962962963 0.7861979166666667 0.44675925925925924 0.7619791666666667 0.44351851851851853 0.7572916666666667 0.43194444444444446 0.7567708333333333 0.4162037037037037 0.75859375 0.4050925925925926 0.7651041666666667 0.3972222222222222 0.7768229166666667 0.3972222222222222
0 0.8942708333333333 0.5532407407407407 0.9010416666666666 0.5569444444444445 0.9044270833333333 0.5638888888888889 0.9059895833333333 0.6097222222222223 0.9046875 0.6421296296296296 0.90078125 0.6578703703703703 0.8953125 0.6620370370370371 0.8856770833333333 0.6615740740740741 0.87890625 0.6555555555555556 0.8786458333333333 0.6277777777777778 0.8763020833333334 0.6078703703703704 0.878125 0.5578703703703703 0.8833333333333333 0.5532407407407407 0.8940104166666667 0.5532407407407407
0 0.3611979166666667 0.9361111111111111 0.3692708333333333 0.9388888888888889 0.37109375 0.9439814814814815 0.3692708333333333 0.999537037037037 0.3458333333333333 0.999537037037037 0.3450520833333333 0.9953703703703703 0.3450520833333333 0.9634259259259259 0.34713541666666664 0.9421296296296297 0.3515625 0.9356481481481481 0.3609375 0.9361111111111111
0 0.9338541666666667 0.5439814814814815 0.940625 0.55 0.9447916666666667 0.5648148148148148 0.946875 0.6449074074074074 0.9434895833333333 0.6648148148148149 0.9333333333333333 0.6680555555555555 0.9234375 0.6657407407407407 0.9197916666666667 0.6615740740740741 0.9182291666666667 0.6546296296296297 0.9151041666666667 0.5583333333333333 0.9169270833333333 0.55 0.9203125 0.5458333333333333 0.93359375 0.5439814814814815
0 0.7393229166666667 0.5305555555555556 0.7458333333333333 0.5328703703703703 0.7489583333333333 0.537962962962963 0.7497395833333333 0.5712962962962963 0.7484375 0.6263888888888889 0.7453125 0.6333333333333333 0.7393229166666667 0.6356481481481482 0.728125 0.6342592592592593 0.7247395833333333 0.6296296296296297 0.7229166666666667 0.5953703703703703 0.7247395833333333 0.5745370370370371 0.7247395833333333 0.5361111111111111 0.7307291666666667 0.5310185185185186 0.7390625 0.5305555555555556
0 0.8325520833333333 0 0.8984375 0 0.8940104166666667 0.006944444444444444 0.88359375 0.012037037037037037 0.85 0.005555555555555556 0.83828125 0.007407407407407408 0.8325520833333333 0.000462962962962963
0 0.9611979166666667 0.24212962962962964 0.9682291666666667 0.24444444444444444 0.97421875 0.25462962962962965 0.9765625 0.32083333333333336 0.9739583333333334 0.34629629629629627 0.96953125 0.3527777777777778 0.9614583333333333 0.35509259259259257 0.9489583333333333 0.350462962962963 0.94375 0.3351851851851852 0.9455729166666667 0.3023148148148148 0.94375 0.2671296296296296 0.9450520833333333 0.25601851851851853 0.9510416666666667 0.24444444444444444 0.9609375 0.24212962962962964
0 0.7783854166666667 0.5435185185185185 0.7854166666666667 0.549074074074074 0.7877604166666666 0.5597222222222222 0.7885416666666667 0.6393518518518518 0.7848958333333333 0.6481481481481481 0.7736979166666667 0.6513888888888889 0.7666666666666667 0.6472222222222223 0.7630208333333334 0.6356481481481482 0.76171875 0.6037037037037037 0.76328125 0.5949074074074074 0.7609375 0.5578703703703703 0.7619791666666667 0.5509259259259259 0.7651041666666667 0.5462962962962963 0.778125 0.5435185185185185
0 0.853125 0.9884259259259259 0.8619791666666666 0.9912037037037037 0.86640625 0.999537037037037 0.8395833333333333 0.999537037037037 0.84296875 0.9902777777777778 0.8528645833333334 0.9884259259259259
0 0.5848958333333333 0.6819444444444445 0.59140625 0.6856481481481481 0.5947916666666667 0.6935185185185185 0.5927083333333333 0.7481481481481481 0.5942708333333333 0.762962962962963 0.5903645833333333 0.8023148148148148 0.5877604166666667 0.8074074074074075 0.5815104166666667 0.8106481481481481 0.5708333333333333 0.8101851851851852 0.56640625 0.8023148148148148 0.56484375 0.7944444444444444 0.56640625 0.7800925925925926 0.5651041666666666 0.7546296296296297 0.5692708333333333 0.6893518518518519 0.57421875 0.6819444444444445 0.5846354166666666 0.6819444444444445
0 0.7041666666666667 0.24444444444444444 0.7083333333333334 0.24768518518518517 0.7106770833333333 0.25416666666666665 0.7114583333333333 0.3074074074074074 0.7104166666666667 0.3416666666666667 0.7080729166666667 0.34675925925925927 0.7028645833333333 0.3490740740740741 0.6921875 0.3486111111111111 0.6864583333333333 0.3416666666666667 0.6848958333333334 0.25972222222222224 0.6856770833333333 0.25092592592592594 0.6890625 0.24537037037037038 0.70390625 0.24444444444444444
0 0.6559895833333333 0.6865740740740741 0.66875 0.6888888888888889 0.6716145833333333 0.6921296296296297 0.6729166666666667 0.6990740740740741 0.6721354166666667 0.7689814814814815 0.6684895833333333 0.7930555555555555 0.6614583333333334 0.8013888888888889 0.6471354166666666 0.7986111111111112 0.6440104166666667 0.7833333333333333 0.6458333333333334 0.6990740740740741 0.6479166666666667 0.6884259259259259 0.6557291666666667 0.6865740740740741
0 0.778125 0.22824074074074074 0.7869791666666667 0.23657407407407408 0.7901041666666667 0.2518518518518518 0.7895833333333333 0.32731481481481484 0.7869791666666667 0.337037037037037 0.78125 0.3398148148148148 0.7700520833333333 0.33935185185185185 0.7653645833333333 0.3351851851851852 0.76171875 0.2967592592592593 0.7630208333333334 0.29259259259259257 0.7627604166666667 0.2412037037037037 0.7692708333333333 0.22962962962962963 0.7778645833333333 0.22824074074074074
0 0.7807291666666667 0.674074074074074 0.78671875 0.6773148148148148 0.7880208333333333 0.6814814814814815 0.7911458333333333 0.7675925925925926 0.7895833333333333 0.7870370370370371 0.7869791666666667 0.7930555555555555 0.7807291666666667 0.7972222222222223 0.7677083333333333 0.7939814814814815 0.7625 0.7824074074074074 0.7635416666666667 0.7287037037037037 0.7614583333333333 0.700925925925926 0.7622395833333333 0.6865740740740741 0.7651041666666667 0.6768518518518518 0.78046875 0.674074074074074
0 0.7 0.11527777777777778 0.7067708333333333 0.11805555555555555 0.7088541666666667 0.12268518518518519 0.7098958333333333 0.1935185185185185 0.7072916666666667 0.20925925925925926 0.6981770833333333 0.21435185185185185 0.6888020833333334 0.21296296296296297 0.6854166666666667 0.2064814814814815 0.6854166666666667 0.13518518518518519 0.6872395833333333 0.11944444444444445 0.6997395833333333 0.11527777777777778
0 0.8151041666666666 0.5425925925925926 0.8197916666666667 0.5458333333333333 0.8229166666666666 0.5560185185185185 0.825 0.6199074074074075 0.8236979166666667 0.6476851851851851 0.8203125 0.6527777777777778 0.8140625 0.6546296296296297 0.8036458333333333 0.6532407407407408 0.7981770833333334 0.6462962962962963 0.7986979166666667 0.6162037037037037 0.7963541666666667 0.5597222222222222 0.7997395833333333 0.5444444444444444 0.81484375 0.5425925925925926
0 0.815625 0.2310185185185185 0.8200520833333333 0.2337962962962963 0.8221354166666667 0.23935185185185184 0.8247395833333333 0.2828703703703704 0.8234375 0.31296296296296294 0.8213541666666667 0.31712962962962965 0.8145833333333333 0.3189814814814815 0.8041666666666667 0.31851851851851853 0.8002604166666667 0.31296296296296294 0.7994791666666666 0.24259259259259258 0.8033854166666666 0.23194444444444445 0.8153645833333333 0.2310185185185185
0 0.9 0.25 0.9046875 0.25324074074074077 0.9078125 0.26064814814814813 0.9096354166666667 0.27824074074074073 0.91328125 0.2916666666666667 0.9098958333333333 0.3 0.9122395833333333 0.3226851851851852 0.9114583333333334 0.35138888888888886 0.9083333333333333 0.3587962962962963 0.9 0.362962962962963 0.8869791666666667 0.36064814814814816 0.8802083333333334 0.34814814814814815 0.8802083333333334 0.33935185185185185 0.8825520833333333 0.3314814814814815 0.8825520833333333 0.29212962962962963 0.8778645833333333 0.2796296296296296 0.878125 0.2726851851851852 0.8838541666666667 0.25462962962962965 0.8908854166666667 0.24953703703703703 0.8997395833333334 0.25
0 0.6283854166666667 0.2310185185185185 0.634375 0.23472222222222222 0.6372395833333333 0.24212962962962964 0.6385416666666667 0.30787037037037035 0.6369791666666667 0.3351851851851852 0.6283854166666667 0.3425925925925926 0.6161458333333333 0.3421296296296296 0.6119791666666666 0.3347222222222222 0.6104166666666667 0.2513888888888889 0.61171875 0.2388888888888889 0.6145833333333334 0.2337962962962963 0.6197916666666666 0.23055555555555557 0.628125 0.2310185185185185
0 0.8109375 0.6791666666666667 0.8213541666666667 0.6833333333333333 0.8244791666666667 0.6949074074074074 0.82578125 0.7314814814814815 0.8244791666666667 0.7763888888888889 0.82109375 0.7875 0.8161458333333333 0.7907407407407407 0.8036458333333333 0.7888888888888889 0.7986979166666667 0.7805555555555556 0.79765625 0.6921296296296297 0.8 0.6828703703703703 0.8106770833333333 0.6791666666666667