0 0.8875 0.11666666666666667 0.89375 0.12037037037037036 0.8963541666666667 0.12916666666666668 0.8981770833333333 0.1925925925925926 0.89765625 0.22453703703703703 0.8953125 0.23055555555555557 0.8880208333333334 0.23425925925925925 0.8763020833333334 0.23333333333333334 0.8705729166666667 0.22407407407407406 0.8682291666666667 0.1449074074074074 0.8708333333333333 0.12546296296296297 0.8731770833333333 0.11990740740740741 0.8872395833333333 0.11666666666666667
0 0.8127604166666667 0.09675925925925925 0.8174479166666667 0.10092592592592593 0.8216145833333334 0.11203703703703703 0.8231770833333333 0.17037037037037037 0.81953125 0.1925925925925926 0.8114583333333333 0.19768518518518519 0.8005208333333333 0.19537037037037036 0.7958333333333333 0.18888888888888888 0.7971354166666667 0.15185185185185185 0.7942708333333334 0.11944444444444445 0.7966145833333333 0.10694444444444444 0.8005208333333333 0.09953703703703703 0.8125 0.09675925925925925
0 0.7421875 0.24768518518518517 0.7481770833333333 0.2537037037037037 0.7505208333333333 0.26157407407407407 0.7533854166666667 0.3236111111111111 0.75234375 0.3476851851851852 0.7427083333333333 0.3527777777777778 0.7341145833333333 0.3523148148148148 0.7283854166666667 0.3449074074074074 0.728125 0.30648148148148147 0.7247395833333333 0.2657407407407407 0.7260416666666667 0.25833333333333336 0.73046875 0.25046296296296294 0.7419270833333333 0.24768518518518517
0 0.96015625 0.11712962962962963 0.9708333333333333 0.12222222222222222 0.9739583333333334 0.12731481481481483 0.9760416666666667 0.1537037037037037 0.9755208333333333 0.2175925925925926 0.9703125 0.22592592592592592 0.9643229166666667 0.22870370370370371 0.95234375 0.22407407407407406 0.9473958333333333 0.2111111111111111 0.9455729166666667 0.1375 0.9502604166666667 0.12222222222222222 0.9598958333333333 0.11712962962962963
0 0.8515625 0.12685185185185185 0.8565104166666667 0.12962962962962962 0.8583333333333333 0.1361111111111111 0.8588541666666667 0.21203703703703702 0.85625 0.22175925925925927 0.8471354166666667 0.22592592592592592 0.83515625 0.22361111111111112 0.8328125 0.21712962962962962 0.8330729166666667 0.13935185185185187 0.8354166666666667 0.1287037037037037 0.8513020833333333 0.12685185185185185
0 0.7059895833333333 0.55 0.71171875 0.5527777777777778 0.7135416666666666 0.5578703703703703 0.71484375 0.6092592592592593 0.7138020833333333 0.6162037037037037 0.71171875 0.6175925925925926 0.6921875 0.6171296296296296 0.6903645833333333 0.6134259259259259 0.6916666666666667 0.5958333333333333 0.6908854166666667 0.5537037037037037 0.6953125 0.5504629629629629 0.7057291666666666 0.55
0 0.8596354166666667 0.6847222222222222 0.8661458333333333 0.6884259259259259 0.8703125 0.6986111111111111 0.8729166666666667 0.7611111111111111 0.8721354166666667 0.7962962962962963 0.8697916666666666 0.8018518518518518 0.8630208333333333 0.8046296296296296 0.8473958333333333 0.8004629629629629 0.84296875 0.7865740740740741 0.8440104166666667 0.7532407407407408 0.84140625 0.6986111111111111 0.8484375 0.6861111111111111 0.859375 0.6847222222222222
0 0.9078125 0.475 0.9247395833333333 0.4773148148148148 0.9315104166666667 0.4847222222222222 0.9317708333333333 0.5143518518518518 0.9291666666666667 0.5203703703703704 0.9234375 0.5231481481481481 0.87578125 0.5199074074074074 0.8697916666666666 0.5138888888888888 0.8682291666666667 0.49027777777777776 0.8729166666666667 0.4759259259259259 0.8763020833333334 0.4736111111111111 0.9075520833333334 0.475
0 0.6627604166666666 0.9648148148148148 0.6671875 0.9703703703703703 0.6708333333333333 0.9810185185185185 0.67109375 0.999537037037037 0.6432291666666666 0.999537037037037 0.64296875 0.9782407407407407 0.6450520833333333 0.9703703703703703 0.6510416666666666 0.9643518518518519 0.6625 0.9648148148148148
0 0.628125 0.09814814814814815 0.634375 0.10555555555555556 0.6359375 0.11296296296296296 0.6372395833333333 0.16712962962962963 0.6348958333333333 0.20324074074074075 0.6239583333333333 0.2111111111111111 0.615625 0.2101851851851852 0.6106770833333334 0.2013888888888889 0.6106770833333334 0.1125 0.6161458333333333 0.10046296296296296 0.6278645833333333 0.09814814814814815
0 0.625 0.5351851851851852 0.6299479166666667 0.5388888888888889 0.6322916666666667 0.5513888888888889 0.63515625 0.6337962962962963 0.63203125 0.6476851851851851 0.6239583333333333 0.6537037037037037 0.6114583333333333 0.6523148148148148 0.6067708333333334 0.6398148148148148 0.60390625 0.5601851851851852 0.6046875 0.5449074074074074 0.6067708333333334 0.538425925925926 0.6104166666666667 0.5356481481481481 0.6247395833333333 0.5351851851851852
0 0.7799479166666666 0.22916666666666666 0.7872395833333333 0.2361111111111111 0.7908854166666667 0.25092592592592594 0.78984375 0.33055555555555555 0.7864583333333334 0.3384259259259259 0.7799479166666666 0.3402777777777778 0.7682291666666666 0.3384259259259259 0.76484375 0.33101851851851855 0.7627604166666667 0.2569444444444444 0.7635416666666667 0.24074074074074073 0.7666666666666667 0.23333333333333334 0.7729166666666667 0.22870370370370371 0.7796875 0.22916666666666666
0 0.6630208333333333 0.11481481481481481 0.6729166666666667 0.12037037037037036 0.6752604166666667 0.13564814814814816 0.6752604166666667 0.15462962962962962 0.6734375 0.21898148148148147 0.6716145833333333 0.22407407407407406 0.6611979166666667 0.23055555555555557 0.65 0.22546296296296298 0.6471354166666666 0.22037037037037038 0.64609375 0.20833333333333334 0.6502604166666667 0.1259259259259259 0.6546875 0.1162037037037037 0.6627604166666666 0.11481481481481481
0 0.5903645833333333 0.11388888888888889 0.5979166666666667 0.1175925925925926 0.6002604166666666 0.125 0.5994791666666667 0.19814814814814816 0.5963541666666666 0.21898148148148147 0.5927083333333333 0.22407407407407406 0.58671875 0.22592592592592592 0.578125 0.22407407407407406 0.57421875 0.21851851851851853 0.5721354166666667 0.20879629629629629 0.5721354166666667 0.1962962962962963 0.5755208333333334 0.11944444444444445 0.5809895833333333 0.11435185185185186 0.5901041666666667 0.11388888888888889
0 0.5885416666666666 0.2351851851851852 0.5994791666666667 0.23842592592592593 0.6018229166666667 0.28703703703703703 0.60078125 0.34675925925925927 0.5953125 0.3587962962962963 0.5880208333333333 0.36064814814814816 0.58046875 0.36018518518518516 0.5744791666666667 0.35185185185185186 0.5729166666666666 0.32175925925925924 0.5755208333333334 0.24259259259259258 0.57890625 0.23703703703703705 0.58828125 0.2351851851851852
0 0.9328125 0.5435185185185185 0.9395833333333333 0.5472222222222223 0.9442708333333333 0.5574074074074075 0.9473958333333333 0.6069444444444444 0.9466145833333334 0.6583333333333333 0.9440104166666666 0.6652777777777777 0.9354166666666667 0.6685185185185185 0.9252604166666667 0.6666666666666666 0.9197916666666667 0.6583333333333333 0.9171875 0.6111111111111112 0.91796875 0.5916666666666667 0.9158854166666667 0.5731481481481482 0.9174479166666667 0.5504629629629629 0.9221354166666667 0.5453703703703704 0.9325520833333333 0.5435185185185185
0 0.6197916666666666 0.6763888888888889 0.6299479166666667 0.6800925925925926 0.63359375 0.6907407407407408 0.63515625 0.7643518518518518 0.6309895833333333 0.8004629629629629 0.6270833333333333 0.8050925925925926 0.6140625 0.8060185185185185 0.6088541666666667 0.8037037037037037 0.6046875 0.7935185185185185 0.60625 0.7509259259259259 0.6044270833333333 0.7393518518518518 0.6078125 0.6921296296296297 0.6106770833333334 0.6805555555555556 0.61953125 0.6768518518518518
0 0.8940104166666667 0.39490740740740743 0.9434895833333333 0.41805555555555557 0.9453125 0.42685185185185187 0.94375 0.44722222222222224 0.9411458333333333 0.45601851851851855 0.9364583333333333 0.4601851851851852 0.9049479166666666 0.45092592592592595 0.8817708333333333 0.4375 0.8791666666666667 0.4263888888888889 0.88203125 0.4050925925925926 0.88671875 0.3962962962962963 0.89375 0.39490740740740743
0 0.6981770833333333 0.675 0.7059895833333333 0.6777777777777778 0.7091145833333333 0.6819444444444445 0.7114583333333333 0.6962962962962963 0.7106770833333333 0.7870370370370371 0.709375 0.7921296296296296 0.7049479166666667 0.7944444444444444 0.6864583333333333 0.7925925925925926 0.6833333333333333 0.7898148148148149 0.68125 0.7828703703703703 0.6846354166666667 0.6851851851851852 0.6888020833333334 0.6763888888888889 0.6979166666666666 0.675
0 0.7369791666666666 0.6856481481481481 0.74296875 0.6888888888888889 0.7463541666666667 0.7023148148148148 0.74921875 0.7662037037037037 0.74765625 0.7796296296296297 0.7390625 0.7837962962962963 0.72734375 0.7833333333333333 0.7236979166666667 0.7787037037037037 0.7192708333333333 0.6972222222222222 0.71953125 0.6925925925925925 0.7231770833333333 0.6884259259259259 0.73671875 0.6856481481481481
0 0.37005208333333334 0.8236111111111111 0.3731770833333333 0.825462962962963 0.37447916666666664 0.8305555555555556 0.3729166666666667 0.9074074074074074 0.37005208333333334 0.9212962962962963 0.36328125 0.9254629629629629 0.35260416666666666 0.9217592592592593 0.34869791666666666 0.913425925925926 0.34869791666666666 0.8398148148148148 0.35 0.8282407407407407 0.35234375 0.8240740740740741 0.3697916666666667 0.8236111111111111
0 0.7013020833333333 0.11574074074074074 0.7078125 0.11898148148148148 0.71015625 0.12638888888888888 0.7111979166666667 0.19722222222222222 0.7080729166666667 0.2101851851851852 0.6994791666666667 0.21481481481481482 0.68828125 0.2125 0.6856770833333333 0.20601851851851852 0.68515625 0.19166666666666668 0.68671875 0.12314814814814815 0.6893229166666667 0.11805555555555555 0.7010416666666667 0.11574074074074074
0 0.6588541666666666 0.25833333333333336 0.66953125 0.2625 0.6721354166666667 0.2708333333333333 0.67109375 0.3416666666666667 0.66484375 0.34629629629629627 0.6502604166666667 0.3458333333333333 0.6466145833333333 0.3388888888888889 0.6473958333333333 0.2689814814814815 0.6502604166666667 0.2611111111111111 0.65859375 0.25833333333333336
0 0.7799479166666666 0.1125 0.7830729166666667 0.11527777777777778 0.784375 0.12268518518518519 0.7861979166666667 0.18703703703703703 0.7838541666666666 0.20925925925925926 0.7731770833333333 0.21805555555555556 0.7645833333333333 0.2111111111111111 0.75859375 0.20046296296296295 0.7572916666666667 0.1287037037037037 0.75859375 0.11944444444444445 0.7619791666666667 0.11388888888888889 0.7796875 0.1125
0 0.85234375 0.24074074074074073 0.8591145833333333 0.24675925925925926 0.8627604166666667 0.25833333333333336 0.8661458333333333 0.3277777777777778 0.8630208333333333 0.34444444444444444 0.8515625 0.3472222222222222 0.8416666666666667 0.3453703703703704 0.8388020833333333 0.33935185185185185 0.834375 0.25833333333333336 0.8348958333333333 0.2518518518518518 0.8380208333333333 0.24537037037037038 0.8520833333333333 0.24074074074074073
0 0.7861979166666667 0.3958333333333333 0.8283854166666667 0.40185185185185185 0.8356770833333333 0.4064814814814815 0.8385416666666666 0.41712962962962963 0.8377604166666667 0.4393518518518518 0.8348958333333333 0.4462962962962963 0.828125 0.4486111111111111 0.7794270833333333 0.4444444444444444 0.7716145833333333 0.4388888888888889 0.7682291666666666 0.42962962962962964 0.7690104166666667 0.4074074074074074 0.7752604166666667 0.3972222222222222 0.7859375 0.3958333333333333
0 0.8911458333333333 0.5527777777777778 0.9026041666666667 0.5569444444444445 0.9046875 0.5611111111111111 0.90703125 0.6194444444444445 0.9059895833333333 0.6402777777777777 0.903125 0.6541666666666667 0.9005208333333333 0.6611111111111111 0.8942708333333333 0.6625 0.8841145833333334 0.6615740740740741 0.8796875 0.6555555555555556 0.8776041666666666 0.6125 0.87890625 0.5601851851851852 0.8822916666666667 0.5555555555555556 0.8908854166666667 0.5527777777777778
0 0.6609375 0.687962962962963 0.66875 0.6888888888888889 0.6721354166666667 0.6925925925925925 0.6736979166666667 0.7245370370370371 0.671875 0.7856481481481481 0.6682291666666667 0.7972222222222223 0.66015625 0.8023148148148148 0.6473958333333333 0.7986111111111112 0.64453125 0.7902777777777777 0.6442708333333333 0.774537037037037 0.6458333333333334 0.7013888888888888 0.6473958333333333 0.6916666666666667 0.6528645833333333 0.6875 0.6606770833333333 0.687962962962963
0 0.5536458333333333 0.5287037037037037 0.5580729166666667 0.5310185185185186 0.5596354166666667 0.5361111111111111 0.55859375 0.6231481481481481 0.5565104166666667 0.6402777777777777 0.5471354166666667 0.6462962962962963 0.5364583333333334 0.6435185185185185 0.53203125 0.6351851851851852 0.5338541666666666 0.5328703703703703 0.54140625 0.5273148148148148 0.5533854166666666 0.5287037037037037
0 0.7388020833333333 0.5305555555555556 0.7463541666666667 0.5328703703703703 0.7502604166666667 0.5393518518518519 0.7513020833333334 0.5787037037037037 0.7497395833333333 0.6259259259259259 0.7466145833333333 0.6333333333333333 0.7377604166666667 0.6370370370370371 0.7283854166666667 0.6342592592592593 0.7255208333333333 0.6300925925925925 0.7239583333333334 0.5916666666666667 0.72578125 0.5370370370370371 0.7291666666666666 0.5324074074074074 0.7385416666666667 0.5305555555555556
0 0.8544270833333333 0 0.9182291666666667 0 0.91484375 0.010185185185185186 0.9015625 0.014814814814814815 0.88046875 0.006944444444444444 0.85859375 0.0060185185185185185 0.8544270833333333 0.000462962962962963
0 0.9674479166666666 0.24351851851851852 0.971875 0.24722222222222223 0.9747395833333333 0.2550925925925926 0.9768229166666667 0.2796296296296296 0.9770833333333333 0.32222222222222224 0.9739583333333334 0.3472222222222222 0.9700520833333334 0.3527777777777778 0.96015625 0.35555555555555557 0.94921875 0.350462962962963 0.9450520833333333 0.34120370370370373 0.94609375 0.2847222222222222 0.9442708333333333 0.2652777777777778 0.94609375 0.25462962962962965 0.9510416666666667 0.24537037037037038 0.9559895833333333 0.24259259259259258 0.9671875 0.24351851851851852
0 0.8559895833333333 0.5458333333333333 0.86640625 0.5513888888888889 0.86875 0.5625 0.865625 0.6550925925925926 0.8625 0.6648148148148149 0.8565104166666667 0.6685185185185185 0.8427083333333333 0.6657407407407407 0.8388020833333333 0.6606481481481481 0.8372395833333334 0.6518518518518519 0.8419270833333333 0.5597222222222222 0.8466145833333333 0.5476851851851852 0.8557291666666667 0.5458333333333333
0 0.78125 0.5449074074074074 0.7869791666666667 0.5504629629629629 0.7888020833333333 0.5601851851851852 0.7903645833333334 0.6310185185185185 0.78671875 0.6481481481481481 0.7783854166666667 0.6513888888888889 0.7690104166666667 0.649537037037037 0.7638020833333333 0.6370370370370371 0.76171875 0.5555555555555556 0.7682291666666666 0.5453703703703704 0.7809895833333333 0.5449074074074074
0 0.8578125 0.9898148148148148 0.8630208333333333 0.9921296296296296 0.8661458333333333 0.999537037037037 0.840625 0.999537037037037 0.8453125 0.9902777777777778 0.8575520833333333 0.9898148148148148
0 0.7005208333333334 0.24351851851851852 0.70703125 0.24583333333333332 0.7109375 0.2523148148148148 0.7130208333333333 0.2962962962962963 0.7111979166666667 0.3421296296296296 0.7083333333333334 0.3472222222222222 0.7033854166666667 0.34953703703703703 0.6927083333333334 0.3490740740740741 0.6869791666666667 0.3421296296296296 0.6856770833333333 0.25555555555555554 0.6893229166666667 0.2462962962962963 0.7002604166666667 0.24351851851851852
0 0.7807291666666667 0.674074074074074 0.7877604166666666 0.6791666666666667 0.790625 0.6995370370370371 0.7921875 0.7773148148148148 0.7875 0.7935185185185185 0.78046875 0.7976851851851852 0.76875 0.7949074074074074 0.76484375 0.7893518518518519 0.7630208333333334 0.7796296296296297 0.7619791666666667 0.7217592592592592 0.7619791666666667 0.6953703703703704 0.7645833333333333 0.6782407407407407 0.76875 0.675 0.78046875 0.674074074074074
0 0.81484375 0.5425925925925926 0.82265625 0.55 0.8260416666666667 0.5847222222222223 0.825 0.6472222222222223 0.8174479166666667 0.6541666666666667 0.803125 0.6527777777777778 0.8002604166666667 0.6509259259259259 0.7986979166666667 0.6453703703703704 0.79765625 0.5527777777777778 0.8026041666666667 0.5430555555555555 0.8145833333333333 0.5425925925925926
0 0.5455729166666666 0.6694444444444444 0.5510416666666667 0.6731481481481482 0.5536458333333333 0.6787037037037037 0.55546875 0.7518518518518519 0.5528645833333333 0.7791666666666667 0.5442708333333334 0.787962962962963 0.5328125 0.7856481481481481 0.528125 0.7763888888888889 0.5260416666666666 0.7282407407407407 0.5276041666666667 0.7166666666666667 0.52578125 0.6976851851851852 0.5268229166666667 0.6837962962962963 0.5296875 0.674074074074074 0.5361979166666667 0.6694444444444444 0.5453125 0.6694444444444444
0 0.8174479166666667 0.23148148148148148 0.8223958333333333 0.23796296296296296 0.82578125 0.28055555555555556 0.8244791666666667 0.31342592592592594 0.8158854166666667 0.3194444444444444 0.8046875 0.31851851851851853 0.8010416666666667 0.3138888888888889 0.8002604166666667 0.24027777777777778 0.8033854166666666 0.2324074074074074 0.8171875 0.23148148148148148
0 0.8973958333333333 0.24953703703703703 0.9033854166666667 0.2513888888888889 0.9078125 0.2587962962962963 0.9138020833333333 0.28935185185185186 0.9106770833333333 0.3 0.91328125 0.3277777777777778 0.9122395833333333 0.35185185185185186 0.909375 0.3592592592592593 0.903125 0.362962962962963 0.8869791666666667 0.3611111111111111 0.8809895833333333 0.3472222222222222 0.8833333333333333 0.3277777777777778 0.8828125 0.29212962962962963 0.878125 0.2759259259259259 0.8846354166666667 0.2550925925925926 0.88984375 0.25046296296296294 0.8971354166666666 0.24953703703703703
0 0.6278645833333333 0.2310185185185185 0.6354166666666666 0.2361111111111111 0.63828125 0.25462962962962965 0.63828125 0.3314814814814815 0.63515625 0.3398148148148148 0.6291666666666667 0.34305555555555556 0.615625 0.34120370370370373 0.6127604166666667 0.33611111111111114 0.6114583333333333 0.3199074074074074 0.6119791666666666 0.2388888888888889 0.6161458333333333 0.2324074074074074 0.6276041666666666 0.2310185185185185
0 0.5838541666666667 0.6824074074074075 0.5934895833333333 0.687962962962963 0.5958333333333333 0.7023148148148148 0.59296875 0.725925925925926 0.5927083333333333 0.7935185185185185 0.5901041666666667 0.8069444444444445 0.58046875 0.8111111111111111 0.57109375 0.8092592592592592 0.5666666666666667 0.8004629629629629 0.5658854166666667 0.7842592592592592 0.56796875 0.7657407407407407 0.5661458333333333 0.750462962962963 0.5708333333333333 0.687962962962963 0.5747395833333333 0.6828703703703703 0.58359375 0.6824074074074075
0 0.8111979166666666 0.6796296296296296 0.8234375 0.6856481481481481 0.8260416666666667 0.7083333333333334 0.825 0.7768518518518519 0.821875 0.787962962962963 0.81484375 0.7921296296296296 0.80703125 0.7912037037037037 0.8010416666666667 0.7861111111111111 0.7986979166666667 0.7662037037037037 0.8010416666666667 0.7476851851851852 0.7979166666666667 0.6925925925925925 0.80078125 0.6837962962962963 0.8109375 0.6796296296296296