0 0.88828125 0.11481481481481481 0.8953125 0.11851851851851852 0.8973958333333333 0.12638888888888888 0.8989583333333333 0.21296296296296297 0.8958333333333334 0.22870370370370371 0.8856770833333333 0.23194444444444445 0.8765625 0.23055555555555557 0.8716145833333333 0.22083333333333333 0.8703125 0.2 0.8713541666666667 0.16666666666666666 0.8692708333333333 0.1398148148148148 0.87421875 0.11851851851851852 0.8880208333333334 0.11481481481481481
0 0.815625 0.09490740740740741 0.8223958333333333 0.1087962962962963 0.825 0.15648148148148147 0.821875 0.18888888888888888 0.81875 0.1935185185185185 0.8122395833333333 0.19537037037037036 0.8 0.1925925925925926 0.796875 0.18611111111111112 0.7979166666666667 0.14675925925925926 0.7955729166666666 0.11574074074074074 0.7971354166666667 0.10601851851851851 0.8013020833333333 0.09722222222222222 0.80625 0.09398148148148149 0.8153645833333333 0.09490740740740741
0 0.6265625 0.6754629629629629 0.6307291666666667 0.6782407407407407 0.6338541666666667 0.6861111111111111 0.6354166666666666 0.7273148148148149 0.6341145833333334 0.7444444444444445 0.6356770833333333 0.7574074074074074 0.6330729166666667 0.7930555555555555 0.6296875 0.8023148148148148 0.6247395833333333 0.8041666666666667 0.6119791666666666 0.8027777777777778 0.60546875 0.7930555555555555 0.60703125 0.7689814814814815 0.6057291666666667 0.7412037037037037 0.6078125 0.6953703703703704 0.6106770833333334 0.6819444444444445 0.6169270833333333 0.675 0.6263020833333334 0.6754629629629629
0 0.7453125 0.2462962962962963 0.7515625 0.25833333333333336 0.7541666666666667 0.33935185185185185 0.7510416666666667 0.3486111111111111 0.73828125 0.35138888888888886 0.73125 0.3490740740740741 0.7286458333333333 0.33935185185185185 0.72578125 0.262037037037037 0.7270833333333333 0.25555555555555554 0.73203125 0.24768518518518517 0.7377604166666667 0.2449074074074074 0.7450520833333333 0.2462962962962963
0 0.9638020833333333 0.11481481481481481 0.9716145833333333 0.11944444444444445 0.97578125 0.12685185185185185 0.97734375 0.19444444444444445 0.9752604166666666 0.21944444444444444 0.9708333333333333 0.22453703703703703 0.9643229166666667 0.2263888888888889 0.95546875 0.22407407407407406 0.9489583333333333 0.21342592592592594 0.9484375 0.15601851851851853 0.946875 0.1449074074074074 0.9471354166666667 0.13333333333333333 0.9497395833333333 0.12314814814814815 0.9552083333333333 0.1162037037037037 0.9635416666666666 0.11481481481481481
0 0.8174479166666667 0.5412037037037037 0.8208333333333333 0.5430555555555555 0.8244791666666667 0.5532407407407407 0.8268229166666666 0.5847222222222223 0.8263020833333333 0.6333333333333333 0.8247395833333333 0.6481481481481481 0.8151041666666666 0.6527777777777778 0.8033854166666666 0.6513888888888889 0.8 0.6462962962962963 0.7979166666666667 0.5569444444444445 0.8015625 0.5425925925925926 0.8171875 0.5412037037037037
0 0.8653645833333333 0.6851851851851852 0.86953125 0.6907407407407408 0.871875 0.7027777777777777 0.8731770833333333 0.7935185185185185 0.8700520833333333 0.8004629629629629 0.8635416666666667 0.8027777777777778 0.8489583333333334 0.8 0.8442708333333333 0.7861111111111111 0.8450520833333334 0.7268518518518519 0.84296875 0.7018518518518518 0.84375 0.6930555555555555 0.84765625 0.6851851851851852 0.8544270833333333 0.6824074074074075 0.8651041666666667 0.6851851851851852
0 0.58828125 0.23148148148148148 0.5986979166666667 0.23472222222222222 0.6010416666666667 0.24259259259259258 0.6028645833333334 0.27870370370370373 0.6026041666666667 0.3263888888888889 0.6020833333333333 0.3416666666666667 0.5994791666666667 0.3523148148148148 0.5924479166666666 0.35833333333333334 0.5815104166666667 0.3574074074074074 0.5739583333333333 0.3453703703703704 0.57578125 0.24351851851851852 0.578125 0.2351851851851852 0.5880208333333333 0.23194444444444445
0 0.5934895833333333 0.11157407407407408 0.5994791666666667 0.1162037037037037 0.6010416666666667 0.12546296296296297 0.6 0.2064814814814815 0.5953125 0.2199074074074074 0.5888020833333333 0.22361111111111112 0.5776041666666667 0.22037037037037038 0.57265625 0.20555555555555555 0.5755208333333334 0.11990740740740741 0.58125 0.11203703703703703 0.5932291666666667 0.11157407407407408
0 0.6997395833333333 0.24074074074074073 0.70703125 0.24305555555555555 0.7109375 0.24768518518518517 0.71328125 0.2800925925925926 0.7114583333333333 0.3402777777777778 0.7088541666666667 0.3449074074074074 0.703125 0.34675925925925927 0.6934895833333333 0.34629629629629627 0.6885416666666667 0.3416666666666667 0.6861979166666666 0.2884259259259259 0.6875 0.24814814814814815 0.69140625 0.24259259259259258 0.6994791666666667 0.24074074074074073
0 0.66796875 0.11296296296296296 0.6731770833333334 0.1162037037037037 0.67578125 0.12638888888888888 0.6755208333333333 0.1912037037037037 0.67734375 0.21342592592592594 0.6734375 0.2212962962962963 0.6627604166666666 0.22777777777777777 0.6549479166666666 0.2263888888888889 0.6484375 0.22037037037037038 0.646875 0.21342592592592594 0.6471354166666666 0.1912037037037037 0.65 0.1648148148148148 0.6510416666666666 0.12361111111111112 0.65390625 0.11574074074074074 0.6578125 0.11296296296296296 0.6677083333333333 0.11296296296296296
0 0.5947916666666667 0.4203703703703704 0.6091145833333333 0.425 0.6135416666666667 0.4300925925925926 0.6388020833333333 0.44212962962962965 0.6463541666666667 0.44907407407407407 0.6481770833333333 0.45787037037037037 0.6440104166666667 0.48518518518518516 0.6372395833333333 0.4898148148148148 0.5989583333333334 0.4740740740740741 0.5817708333333333 0.4601851851851852 0.5799479166666667 0.4527777777777778 0.5815104166666667 0.4310185185185185 0.5877604166666667 0.42083333333333334 0.59453125 0.4203703703703704
0 0.07109375 0.26481481481481484 0.08697916666666666 0.2712962962962963 0.09140625 0.2824074074074074 0.0890625 0.31342592592592594 0.08359375 0.33194444444444443 0.0796875 0.35462962962962963 0.075 0.36018518518518516 0.0671875 0.36018518518518516 0.06041666666666667 0.35555555555555557 0.05755208333333333 0.3472222222222222 0.058854166666666666 0.32175925925925924 0.06380208333333333 0.2865740740740741 0.07083333333333333 0.2652777777777778
0 0.9372395833333333 0.5425925925925926 0.9427083333333334 0.5481481481481482 0.9463541666666667 0.5625 0.9486979166666667 0.6412037037037037 0.94609375 0.663425925925926 0.9341145833333333 0.6666666666666666 0.92578125 0.6648148148148149 0.92109375 0.6574074074074074 0.91796875 0.6162037037037037 0.9169270833333333 0.5537037037037037 0.921875 0.5444444444444444 0.9369791666666667 0.5425925925925926
0 0.6994791666666667 0.6736111111111112 0.7083333333333334 0.6777777777777778 0.7106770833333333 0.6819444444444445 0.7122395833333334 0.6958333333333333 0.7109375 0.7865740740740741 0.71015625 0.7902777777777777 0.7044270833333334 0.7930555555555555 0.6877604166666667 0.7907407407407407 0.6817708333333333 0.7828703703703703 0.68515625 0.6828703703703703 0.6893229166666667 0.674537037037037 0.69921875 0.6736111111111112
0 0.740625 0.6847222222222222 0.7455729166666667 0.6916666666666667 0.74765625 0.7060185185185185 0.7497395833333333 0.7699074074074074 0.7463541666666667 0.7796296296296297 0.7385416666666667 0.7824074074074074 0.7278645833333334 0.7814814814814814 0.725 0.7777777777777778 0.7200520833333334 0.6930555555555555 0.7265625 0.6856481481481481 0.7403645833333333 0.6847222222222222
0 0.6231770833333333 0.5333333333333333 0.6299479166666667 0.5365740740740741 0.6328125 0.549537037037037 0.6356770833333333 0.6337962962962963 0.6338541666666667 0.6435185185185185 0.6302083333333334 0.649074074074074 0.6197916666666666 0.6523148148148148 0.6119791666666666 0.65 0.6072916666666667 0.6393518518518518 0.6044270833333333 0.5550925925925926 0.6057291666666667 0.5398148148148149 0.6075520833333333 0.5361111111111111 0.6229166666666667 0.5333333333333333
0 0.85 0.12407407407407407 0.859375 0.1300925925925926 0.8606770833333334 0.16203703703703703 0.8596354166666667 0.21388888888888888 0.8565104166666667 0.2212962962962963 0.84921875 0.22407407407407406 0.8354166666666667 0.22083333333333333 0.8333333333333334 0.21342592592592594 0.8333333333333334 0.19675925925925927 0.8348958333333333 0.12916666666666668 0.83828125 0.125 0.8497395833333333 0.12407407407407407
0 0.5833333333333334 0.9898148148148148 0.590625 0.9944444444444445 0.59140625 0.999537037037037 0.5653645833333333 0.999537037037037 0.5669270833333333 0.9935185185185185 0.5703125 0.9912037037037037 0.5830729166666667 0.9898148148148148
0 0.66484375 0.2564814814814815 0.671875 0.26435185185185184 0.6731770833333334 0.2967592592592593 0.6716145833333333 0.3398148148148148 0.6690104166666667 0.3435185185185185 0.6627604166666666 0.34444444444444444 0.6505208333333333 0.3435185185185185 0.6473958333333333 0.3388888888888889 0.6484375 0.30277777777777776 0.6471354166666666 0.2824074074074074 0.6486979166666667 0.2652777777777778 0.6510416666666666 0.25925925925925924 0.6645833333333333 0.2564814814814815
0 0.8528645833333334 0.23842592592592593 0.8591145833333333 0.24305555555555555 0.8630208333333333 0.25277777777777777 0.8671875 0.3199074074074074 0.8661458333333333 0.3347222222222222 0.8635416666666667 0.3416666666666667 0.85078125 0.3458333333333333 0.8419270833333333 0.34305555555555556 0.8393229166666667 0.3351851851851852 0.83515625 0.2537037037037037 0.8377604166666667 0.24444444444444444 0.84140625 0.24027777777777778 0.8526041666666667 0.23842592592592593
0 0.5479166666666667 0.5254629629629629 0.559375 0.5300925925925926 0.5606770833333333 0.5578703703703703 0.5580729166666667 0.6351851851851852 0.5552083333333333 0.6416666666666667 0.54765625 0.6444444444444445 0.5354166666666667 0.6407407407407407 0.5330729166666667 0.6365740740740741 0.53203125 0.6268518518518519 0.5341145833333333 0.5953703703703703 0.5328125 0.5879629629629629 0.5346354166666667 0.5324074074074074 0.5377604166666666 0.5268518518518519 0.54765625 0.5254629629629629
0 0.73984375 0.37222222222222223 0.7763020833333333 0.37592592592592594 0.7828125 0.3800925925925926 0.7848958333333333 0.3925925925925926 0.78359375 0.41388888888888886 0.78046875 0.4212962962962963 0.7765625 0.42268518518518516 0.7299479166666667 0.41898148148148145 0.7229166666666667 0.4148148148148148 0.72109375 0.39305555555555555 0.7234375 0.3773148148148148 0.72734375 0.3726851851851852 0.7395833333333334 0.37222222222222223
0 0.6239583333333333 0.22870370370370371 0.63515625 0.2324074074074074 0.6375 0.2375 0.6390625 0.25277777777777777 0.6388020833333333 0.3314814814814815 0.634375 0.33935185185185185 0.6276041666666666 0.34120370370370373 0.6153645833333333 0.3384259259259259 0.6127604166666667 0.3314814814814815 0.6119791666666666 0.3199074074074074 0.6122395833333333 0.2388888888888889 0.6151041666666667 0.2324074074074074 0.6236979166666666 0.22870370370370371
0 0.8940104166666667 0.5509259259259259 0.9020833333333333 0.5537037037037037 0.9059895833333333 0.5606481481481481 0.9083333333333333 0.6092592592592593 0.9052083333333333 0.649537037037037 0.9010416666666666 0.6587962962962963 0.8966145833333333 0.6606481481481481 0.8841145833333334 0.6592592592592592 0.88125 0.6550925925925926 0.8786458333333333 0.6078703703703704 0.8799479166666667 0.5574074074074075 0.8830729166666667 0.5527777777777778 0.89375 0.5509259259259259
0 0.39401041666666664 0.32685185185185184 0.39817708333333335 0.33055555555555555 0.39895833333333336 0.3509259259259259 0.39375 0.42314814814814816 0.390625 0.44074074074074077 0.38385416666666666 0.44537037037037036 0.3697916666666667 0.44074074074074077 0.36770833333333336 0.43472222222222223 0.36666666666666664 0.4217592592592593 0.3692708333333333 0.4009259259259259 0.3697916666666667 0.3763888888888889 0.3731770833333333 0.3449074074074074 0.3768229166666667 0.3282407407407407 0.3796875 0.324537037037037 0.39375 0.32685185185185184
0 0.6611979166666667 0.9638888888888889 0.6658854166666667 0.9675925925925926 0.6705729166666666 0.9768518518518519 0.6723958333333333 0.999537037037037 0.6432291666666666 0.999537037037037 0.6458333333333334 0.9703703703703703 0.6513020833333333 0.9648148148148148 0.6609375 0.9638888888888889
0 0.7442708333333333 0.5296296296296297 0.7489583333333333 0.5333333333333333 0.7515625 0.5425925925925926 0.75078125 0.6171296296296296 0.7481770833333333 0.6305555555555555 0.7401041666666667 0.6347222222222222 0.73125 0.6337962962962963 0.7252604166666666 0.6259259259259259 0.7260416666666667 0.537962962962963 0.7268229166666667 0.5333333333333333 0.7307291666666667 0.5296296296296297 0.7440104166666667 0.5296296296296297
0 0.62578125 0.09490740740740741 0.6341145833333334 0.10046296296296296 0.6369791666666667 0.11203703703703703 0.6380208333333334 0.18564814814814815 0.634375 0.20416666666666666 0.6239583333333333 0.20879629629629629 0.6151041666666667 0.20694444444444443 0.6114583333333333 0.19953703703703704 0.6109375 0.14953703703703702 0.6125 0.10555555555555556 0.6171875 0.09768518518518518 0.6255208333333333 0.09490740740740741
0 0.9635416666666666 0.23935185185185184 0.9716145833333333 0.24305555555555555 0.9763020833333333 0.2523148148148148 0.9783854166666667 0.27870370370370373 0.9783854166666667 0.3143518518518518 0.9770833333333333 0.33796296296296297 0.9747395833333333 0.34675925925925927 0.96328125 0.35324074074074074 0.9510416666666667 0.3490740740740741 0.9447916666666667 0.3347222222222222 0.9471354166666667 0.29907407407407405 0.94609375 0.25787037037037036 0.95234375 0.24259259259259258 0.96328125 0.23935185185185184
0 0.8575520833333333 0.5444444444444444 0.8671875 0.549074074074074 0.8692708333333333 0.5597222222222222 0.8661458333333333 0.6472222222222223 0.8638020833333333 0.6611111111111111 0.8575520833333333 0.6671296296296296 0.8416666666666667 0.6625 0.8380208333333333 0.6458333333333334 0.8434895833333333 0.5569444444444445 0.8479166666666667 0.5453703703703704 0.8572916666666667 0.5444444444444444
0 0.8588541666666667 0.9879629629629629 0.8638020833333333 0.9907407407407407 0.8677083333333333 0.999537037037037 0.840625 0.999537037037037 0.8455729166666667 0.9888888888888889 0.85859375 0.9879629629629629
0 0.7859375 0.674537037037037 0.7888020833333333 0.6791666666666667 0.790625 0.6888888888888889 0.7924479166666667 0.7768518518518519 0.7864583333333334 0.7935185185185185 0.7802083333333333 0.7962962962962963 0.7708333333333334 0.7939814814814815 0.7653645833333333 0.7851851851851852 0.765625 0.7615740740740741 0.7625 0.7208333333333333 0.7630208333333334 0.6935185185185185 0.7643229166666666 0.6791666666666667 0.76640625 0.674537037037037 0.7768229166666667 0.6722222222222223 0.7856770833333333 0.674537037037037
0 0.65859375 0.6847222222222222 0.6713541666666667 0.6898148148148148 0.6734375 0.6958333333333333 0.67265625 0.7791666666666667 0.6692708333333334 0.7935185185185185 0.6611979166666667 0.8009259259259259 0.6494791666666667 0.7976851851851852 0.6455729166666667 0.7865740740740741 0.6453125 0.7273148148148149 0.6473958333333333 0.6925925925925925 0.6513020833333333 0.6856481481481481 0.6583333333333333 0.6847222222222222
0 0.734375 0 0.7877604166666666 0 0.7841145833333333 0.009259259259259259 0.7763020833333333 0.018055555555555554 0.73515625 0.05462962962962963 0.7309895833333333 0.053703703703703705 0.7263020833333333 0.04675925925925926 0.7216145833333333 0.02962962962962963 0.7229166666666667 0.015277777777777777 0.734375 0.000462962962962963
0 0.7065104166666667 0.5472222222222223 0.7135416666666666 0.5527777777777778 0.7153645833333333 0.5703703703703704 0.7153645833333333 0.6097222222222223 0.7135416666666666 0.6152777777777778 0.7111979166666667 0.6157407407407407 0.6924479166666667 0.6148148148148148 0.690625 0.6092592592592593 0.6921875 0.5902777777777778 0.6911458333333333 0.5527777777777778 0.6958333333333333 0.5486111111111112 0.70625 0.5472222222222223
0 0.7046875 0.11435185185185186 0.70859375 0.1162037037037037 0.7111979166666667 0.12314814814814815 0.7122395833333334 0.1726851851851852 0.7104166666666667 0.20462962962962963 0.7013020833333333 0.2125 0.6893229166666667 0.2101851851851852 0.6864583333333333 0.20324074074074075 0.6869791666666667 0.12777777777777777 0.68984375 0.11574074074074074 0.7044270833333334 0.11435185185185186
0 0.7802083333333333 0.5421296296296296 0.7872395833333333 0.5481481481481482 0.7895833333333333 0.5601851851851852 0.7908854166666667 0.6314814814814815 0.7901041666666667 0.6402777777777777 0.7875 0.6458333333333334 0.7776041666666667 0.649537037037037 0.76875 0.6472222222222223 0.7645833333333333 0.6356481481481482 0.7622395833333333 0.5578703703703703 0.7653645833333333 0.5458333333333333 0.7799479166666666 0.5421296296296296
0 0.5419270833333333 0.6671296296296296 0.5497395833333333 0.6694444444444444 0.5533854166666666 0.675 0.5544270833333333 0.6981481481481482 0.55390625 0.7736111111111111 0.5502604166666667 0.7828703703703703 0.5442708333333334 0.7865740740740741 0.534375 0.7847222222222222 0.5299479166666666 0.7787037037037037 0.5276041666666667 0.7555555555555555 0.5278645833333333 0.6791666666666667 0.5330729166666667 0.6699074074074074 0.5416666666666666 0.6671296296296296
0 0.81484375 0.22824074074074074 0.8213541666666667 0.2310185185185185 0.8244791666666667 0.24166666666666667 0.8263020833333333 0.26064814814814813 0.8260416666666667 0.3055555555555556 0.8229166666666666 0.3148148148148148 0.8096354166666667 0.3175925925925926 0.8036458333333333 0.31574074074074077 0.8010416666666667 0.30787037037037035 0.8020833333333334 0.2740740740740741 0.8002604166666667 0.23981481481481481 0.8041666666666667 0.2300925925925926 0.8145833333333333 0.22824074074074074
0 0.78125 0.22685185185185186 0.78828125 0.2337962962962963 0.79140625 0.24583333333333332 0.7916666666666666 0.31296296296296294 0.7885416666666667 0.3347222222222222 0.78046875 0.3384259259259259 0.7703125 0.3365740740740741 0.7653645833333333 0.3282407407407407 0.7635416666666667 0.24814814814814815 0.76484375 0.23425925925925925 0.76796875 0.22962962962962963 0.7734375 0.22592592592592592 0.7809895833333333 0.22685185185185186
0 0.7739583333333333 0.1087962962962963 0.7828125 0.11157407407407408 0.784375 0.11527777777777778 0.7872395833333333 0.17175925925925925 0.7864583333333334 0.19398148148148148 0.7841145833333333 0.2074074074074074 0.7723958333333333 0.21435185185185185 0.7653645833333333 0.20972222222222223 0.759375 0.1962962962962963 0.7578125 0.12916666666666668 0.75859375 0.11898148148148148 0.7619791666666667 0.11203703703703703 0.7736979166666667 0.1087962962962963
0 0.9 0.24768518518518517 0.9078125 0.25462962962962965 0.9145833333333333 0.28888888888888886 0.9130208333333333 0.2986111111111111 0.9135416666666667 0.3486111111111111 0.9111979166666667 0.3560185185185185 0.9015625 0.36064814814814816 0.8890625 0.3592592592592593 0.88203125 0.34814814814814815 0.8841145833333334 0.3236111111111111 0.88359375 0.28935185185185186 0.8791666666666667 0.2773148148148148 0.8802083333333334 0.26851851851851855 0.88671875 0.25092592592592594 0.8997395833333334 0.24768518518518517
0 0.8182291666666667 0.6791666666666667 0.8223958333333333 0.6819444444444445 0.8255208333333334 0.6884259259259259 0.82734375 0.7425925925925926 0.8252604166666667 0.7787037037037037 0.82109375 0.7875 0.8145833333333333 0.7902777777777777 0.8036458333333333 0.7861111111111111 0.8 0.7726851851851851 0.80078125 0.7476851851851852 0.79921875 0.737037037037037 0.8005208333333333 0.7222222222222222 0.7989583333333333 0.6949074074074074 0.8002604166666667 0.6856481481481481 0.80390625 0.6796296296296296 0.81796875 0.6791666666666667
0 0.58125 0.6805555555555556 0.5932291666666667 0.6851851851851852 0.5971354166666667 0.6981481481481482 0.596875 0.7625 0.5932291666666667 0.7930555555555555 0.5885416666666666 0.8069444444444445 0.5825520833333333 0.8092592592592592 0.57109375 0.8074074074074075 0.5671875 0.799537037037037 0.56640625 0.788425925925926 0.5682291666666667 0.7689814814814815 0.5666666666666667 0.7467592592592592 0.5697916666666667 0.6925925925925925 0.5739583333333333 0.6819444444444445 0.5809895833333333 0.6805555555555556