0 0.5450520833333333 0.9935185185185185 0.5494791666666666 0.999537037037037 0.5278645833333333 0.999537037037037 0.5294270833333333 0.9949074074074075 0.5328125 0.9930555555555556 0.5447916666666667 0.9935185185185185
0 0.58203125 0.9902777777777778 0.58828125 0.9944444444444445 0.5895833333333333 0.999537037037037 0.5630208333333333 0.999537037037037 0.5682291666666667 0.9912037037037037 0.5817708333333333 0.9902777777777778
0 0.8919270833333334 0.11851851851851852 0.8950520833333333 0.12638888888888888 0.8966145833333333 0.22037037037037038 0.8932291666666666 0.2310185185185185 0.8841145833333334 0.23425925925925925 0.8747395833333333 0.2324074074074074 0.86953125 0.22361111111111112 0.8692708333333333 0.1814814814814815 0.8658854166666666 0.14351851851851852 0.86953125 0.12407407407407407 0.8729166666666667 0.11851851851851852 0.8791666666666667 0.1162037037037037 0.8916666666666667 0.11851851851851852
0 0.809375 0.09583333333333334 0.8143229166666667 0.09768518518518518 0.81875 0.10462962962962963 0.8223958333333333 0.14074074074074075 0.8213541666666667 0.18194444444444444 0.8177083333333334 0.19398148148148148 0.8125 0.19675925925925927 0.80390625 0.19675925925925927 0.7966145833333333 0.1925925925925926 0.7942708333333334 0.17916666666666667 0.7953125 0.1449074074074074 0.7940104166666667 0.11342592592592593 0.7997395833333333 0.09814814814814815 0.8091145833333333 0.09583333333333334
0 0.96015625 0.11666666666666667 0.9700520833333334 0.12268518518518519 0.9744791666666667 0.1388888888888889 0.97421875 0.2162037037037037 0.9703125 0.22407407407407406 0.9640625 0.22824074074074074 0.95625 0.2273148148148148 0.9481770833333333 0.21712962962962962 0.9440104166666666 0.14444444444444443 0.9450520833333333 0.13240740740740742 0.9486979166666667 0.12175925925925926 0.9598958333333333 0.11666666666666667
0 0.8533854166666667 0.12731481481481483 0.8572916666666667 0.13518518518518519 0.8575520833333333 0.20833333333333334 0.8552083333333333 0.22083333333333333 0.8466145833333333 0.22546296296296298 0.8346354166666666 0.22361111111111112 0.8315104166666667 0.21712962962962962 0.8330729166666667 0.16620370370370371 0.83203125 0.13333333333333333 0.834375 0.12824074074074074 0.8385416666666666 0.1259259259259259 0.853125 0.12731481481481483
0 0.70546875 0.549074074074074 0.7111979166666667 0.5532407407407407 0.7135416666666666 0.5712962962962963 0.7127604166666667 0.612037037037037 0.7083333333333334 0.6166666666666667 0.6924479166666667 0.6166666666666667 0.6890625 0.6129629629629629 0.690625 0.5925925925925926 0.6893229166666667 0.5537037037037037 0.6947916666666667 0.549074074074074 0.7052083333333333 0.549074074074074
0 0.85390625 0.24166666666666667 0.859375 0.2490740740740741 0.8611979166666667 0.2574074074074074 0.86484375 0.32546296296296295 0.8625 0.3425925925925926 0.8502604166666666 0.34675925925925927 0.8421875 0.3458333333333333 0.8380208333333333 0.34074074074074073 0.8333333333333334 0.2569444444444444 0.8346354166666666 0.24861111111111112 0.8390625 0.24212962962962964 0.8536458333333333 0.24166666666666667
0 0.6580729166666667 0.9638888888888889 0.6643229166666667 0.9671296296296297 0.6684895833333333 0.9745370370370371 0.6705729166666666 0.999537037037037 0.6421875 0.999537037037037 0.6442708333333333 0.9703703703703703 0.65078125 0.9643518518518519 0.6578125 0.9638888888888889
0 0.55 0.5268518518518519 0.55703125 0.5296296296296297 0.55859375 0.5351851851851852 0.5578125 0.6236111111111111 0.5541666666666667 0.6412037037037037 0.54453125 0.6453703703703704 0.5328125 0.6402777777777777 0.5307291666666667 0.6319444444444444 0.5330729166666667 0.5328703703703703 0.5385416666666667 0.5268518518518519 0.5497395833333333 0.5268518518518519
0 0.6247395833333333 0.09675925925925925 0.6299479166666667 0.09907407407407408 0.634375 0.10787037037037037 0.6369791666666667 0.1439814814814815 0.634375 0.20092592592592592 0.6309895833333333 0.2064814814814815 0.6234375 0.21064814814814814 0.6125 0.20787037037037037 0.6096354166666667 0.1986111111111111 0.6091145833333333 0.1162037037037037 0.61328125 0.10185185185185185 0.6244791666666667 0.09675925925925925
0 0.6234375 0.5342592592592592 0.62890625 0.5388888888888889 0.6315104166666666 0.5541666666666667 0.6338541666666667 0.6337962962962963 0.6299479166666667 0.6486111111111111 0.6223958333333334 0.6527777777777778 0.6109375 0.6513888888888889 0.6057291666666667 0.6407407407407407 0.6028645833333334 0.5578703703703703 0.6036458333333333 0.5430555555555555 0.6057291666666667 0.5370370370370371 0.6231770833333333 0.5342592592592592
0 0.8450520833333334 0.5467592592592593 0.85234375 0.5449074074074074 0.86328125 0.5486111111111112 0.8671875 0.5583333333333333 0.8669270833333333 0.6111111111111112 0.8635416666666667 0.6550925925925926 0.8588541666666667 0.6666666666666666 0.8421875 0.6657407407407407 0.8369791666666667 0.6578703703703703 0.8361979166666667 0.6425925925925926 0.840625 0.5625 0.8450520833333334 0.5472222222222223
0 0.7760416666666666 0.2273148148148148 0.7861979166666667 0.2351851851851852 0.78984375 0.2490740740740741 0.7893229166666667 0.32592592592592595 0.7872395833333333 0.33564814814814814 0.7817708333333333 0.33935185185185185 0.76875 0.3388888888888889 0.76484375 0.33425925925925926 0.76171875 0.3023148148148148 0.7630208333333334 0.28703703703703703 0.76171875 0.2828703703703704 0.7619791666666667 0.24074074074074073 0.7674479166666667 0.23055555555555557 0.77578125 0.2273148148148148
0 0.6669270833333333 0.11527777777777778 0.671875 0.11990740740740741 0.6739583333333333 0.1300925925925926 0.6736979166666667 0.21388888888888888 0.6697916666666667 0.22361111111111112 0.6591145833333333 0.22962962962962963 0.6518229166666667 0.2273148148148148 0.6458333333333334 0.2175925925925926 0.64453125 0.20925925925925926 0.6466145833333333 0.1648148148148148 0.65078125 0.11990740740740741 0.6575520833333334 0.11435185185185186 0.6666666666666666 0.11527777777777778
0 0.5885416666666666 0.1125 0.596875 0.1162037037037037 0.5989583333333334 0.11990740740740741 0.5994791666666667 0.1865740740740741 0.5966145833333333 0.21481481481481482 0.5921875 0.22268518518518518 0.58515625 0.22546296296296298 0.5778645833333333 0.22407407407407406 0.5736979166666667 0.21851851851851853 0.57109375 0.21064814814814814 0.5708333333333333 0.1935185185185185 0.57421875 0.11990740740740741 0.5776041666666667 0.11481481481481481 0.58828125 0.1125
0 0.3640625 0.9736111111111111 0.36953125 0.9796296296296296 0.3697916666666667 0.999537037037037 0.34401041666666665 0.999537037037037 0.3455729166666667 0.9768518518518519 0.35078125 0.9731481481481481 0.36380208333333336 0.9736111111111111
0 0.5885416666666666 0.2337962962962963 0.5986979166666667 0.2375 0.6005208333333333 0.2537037037037037 0.6005208333333333 0.3449074074074074 0.5963541666666666 0.3560185185185185 0.58984375 0.3597222222222222 0.5776041666666667 0.35694444444444445 0.5729166666666666 0.34953703703703703 0.5713541666666667 0.3416666666666667 0.57421875 0.24351851851851852 0.5770833333333333 0.23703703703703705 0.58828125 0.2337962962962963
0 0.92109375 0.4736111111111111 0.94609375 0.4759259259259259 0.9497395833333333 0.48009259259259257 0.95234375 0.49027777777777776 0.9528645833333333 0.5069444444444444 0.9494791666666667 0.5194444444444445 0.9260416666666667 0.5226851851851851 0.8934895833333333 0.5199074074074074 0.8893229166666666 0.512962962962963 0.8877604166666667 0.5023148148148148 0.8885416666666667 0.48518518518518516 0.8921875 0.47638888888888886 0.9208333333333333 0.4736111111111111
0 0.6208333333333333 0.6754629629629629 0.6291666666666667 0.6787037037037037 0.63203125 0.6856481481481481 0.6346354166666667 0.7421296296296296 0.6309895833333333 0.7972222222222223 0.6270833333333333 0.8037037037037037 0.6205729166666667 0.8050925925925926 0.6096354166666667 0.8037037037037037 0.6046875 0.7967592592592593 0.603125 0.7851851851851852 0.6049479166666667 0.7638888888888888 0.6018229166666667 0.7476851851851852 0.6083333333333333 0.6824074074074075 0.6127604166666667 0.6763888888888889 0.6205729166666667 0.6754629629629629
0 0.6940104166666666 0.674074074074074 0.7065104166666667 0.6787037037037037 0.7106770833333333 0.6930555555555555 0.709375 0.7833333333333333 0.7078125 0.7907407407407407 0.7028645833333333 0.7935185185185185 0.6856770833333333 0.7912037037037037 0.6799479166666667 0.7824074074074074 0.6828125 0.6884259259259259 0.6856770833333333 0.6777777777777778 0.69375 0.674074074074074
0 0.7375 0.6851851851851852 0.7424479166666667 0.6893518518518519 0.7447916666666666 0.6986111111111111 0.7481770833333333 0.7722222222222223 0.7447916666666666 0.7800925925925926 0.7348958333333333 0.7828703703703703 0.7276041666666667 0.7828703703703703 0.7231770833333333 0.7782407407407408 0.7184895833333333 0.6944444444444444 0.72421875 0.6865740740740741 0.7372395833333333 0.6851851851851852
0 0.703125 0.11574074074074074 0.7078125 0.12037037037037036 0.7088541666666667 0.12638888888888888 0.7096354166666666 0.19305555555555556 0.7072916666666667 0.20833333333333334 0.7 0.21388888888888888 0.6895833333333333 0.21296296296296297 0.6848958333333334 0.20601851851851852 0.6848958333333334 0.12824074074074074 0.6856770833333333 0.12175925925925926 0.6890625 0.11712962962962963 0.7028645833333333 0.11574074074074074
0 0.8572916666666667 0.6833333333333333 0.8625 0.6851851851851852 0.8666666666666667 0.6907407407407408 0.8697916666666666 0.7064814814814815 0.87109375 0.7935185185185185 0.8684895833333334 0.8009259259259259 0.8614583333333333 0.8037037037037037 0.8458333333333333 0.799074074074074 0.8424479166666666 0.7800925925925926 0.8432291666666667 0.7523148148148148 0.8403645833333333 0.6990740740740741 0.8416666666666667 0.6921296296296297 0.8458333333333333 0.6856481481481481 0.85703125 0.6833333333333333
0 0.6627604166666666 0.2587962962962963 0.6700520833333333 0.26435185185185184 0.6716145833333333 0.2833333333333333 0.66953125 0.3402777777777778 0.6682291666666667 0.3435185185185185 0.6622395833333333 0.3453703703703704 0.64765625 0.3435185185185185 0.6453125 0.3347222222222222 0.646875 0.3212962962962963 0.6458333333333334 0.28055555555555556 0.6471354166666666 0.2657407407407407 0.6513020833333333 0.2587962962962963 0.6625 0.2587962962962963
0 0.7768229166666667 0.11157407407407408 0.7815104166666667 0.11481481481481481 0.7830729166666667 0.12175925925925926 0.7846354166666667 0.18472222222222223 0.7833333333333333 0.2064814814814815 0.77265625 0.21574074074074073 0.7645833333333333 0.21157407407407408 0.7625 0.20416666666666666 0.7575520833333333 0.19953703703703704 0.75625 0.12962962962962962 0.7572916666666667 0.11944444444444445 0.7606770833333333 0.11342592592592593 0.7765625 0.11157407407407408
0 0.7388020833333333 0.2462962962962963 0.7481770833333333 0.2550925925925926 0.7515625 0.27870370370370373 0.7515625 0.3453703703703704 0.7432291666666667 0.35185185185185186 0.7338541666666667 0.35138888888888886 0.728125 0.3449074074074074 0.7234375 0.2708333333333333 0.7239583333333334 0.26064814814814813 0.7278645833333334 0.2513888888888889 0.7385416666666667 0.2462962962962963
0 0.79296875 0.3990740740740741 0.8177083333333334 0.40324074074074073 0.8208333333333333 0.4162037037037037 0.8205729166666667 0.43425925925925923 0.8177083333333334 0.4425925925925926 0.8143229166666667 0.4449074074074074 0.79296875 0.4449074074074074 0.7869791666666667 0.4476851851851852 0.75703125 0.4439814814814815 0.7518229166666667 0.43425925925925923 0.7505208333333333 0.4162037037037037 0.7515625 0.4083333333333333 0.75859375 0.399537037037037 0.7927083333333333 0.3990740740740741
0 0.8934895833333333 0.5527777777777778 0.9010416666666666 0.5574074074074075 0.90390625 0.5638888888888889 0.9052083333333333 0.6050925925925926 0.9044270833333333 0.6393518518518518 0.9015625 0.6546296296296297 0.8989583333333333 0.6597222222222222 0.89375 0.6620370370370371 0.8841145833333334 0.6611111111111111 0.8786458333333333 0.6550925925925926 0.8783854166666667 0.6231481481481481 0.8763020833333334 0.6138888888888889 0.8776041666666666 0.5583333333333333 0.8830729166666667 0.5527777777777778 0.8932291666666666 0.5527777777777778
0 0.6627604166666666 0.6875 0.6692708333333334 0.6888888888888889 0.671875 0.6939814814814815 0.6723958333333333 0.7462962962962963 0.66875 0.7916666666666666 0.6611979166666667 0.8009259259259259 0.65 0.8004629629629629 0.64453125 0.7930555555555555 0.6434895833333333 0.7439814814814815 0.6453125 0.6990740740740741 0.6473958333333333 0.687962962962963 0.6625 0.6875
0 0.9291666666666667 0.5425925925925926 0.9395833333333333 0.5481481481481482 0.94453125 0.5657407407407408 0.9463541666666667 0.6504629629629629 0.9432291666666667 0.6643518518518519 0.93671875 0.6671296296296296 0.921875 0.6643518518518519 0.91953125 0.6611111111111111 0.9177083333333333 0.6509259259259259 0.9143229166666667 0.5564814814814815 0.91796875 0.5472222222222223 0.92890625 0.5425925925925926
0 0.7416666666666667 0.5305555555555556 0.7463541666666667 0.5328703703703703 0.7489583333333333 0.5393518518518519 0.7489583333333333 0.6143518518518518 0.7458333333333333 0.6310185185185185 0.7377604166666667 0.6356481481481482 0.72734375 0.6337962962962963 0.7234375 0.6268518518518519 0.7236979166666667 0.5421296296296296 0.7265625 0.5324074074074074 0.74140625 0.5305555555555556
0 0.8888020833333333 0.39444444444444443 0.9388020833333334 0.4162037037037037 0.940625 0.42916666666666664 0.9385416666666667 0.44537037037037036 0.9341145833333333 0.45555555555555555 0.92890625 0.45740740740740743 0.9036458333333334 0.4513888888888889 0.8765625 0.43703703703703706 0.87421875 0.42685185185185187 0.8765625 0.40370370370370373 0.88046875 0.39675925925925926 0.8885416666666667 0.39444444444444443
0 0.8255208333333334 0 0.890625 0 0.8770833333333333 0.011574074074074073 0.8424479166666666 0.004629629629629629 0.8309895833333333 0.006944444444444444 0.8255208333333334 0.000462962962962963
0 0.9635416666666666 0.24212962962962964 0.9705729166666667 0.24722222222222223 0.9739583333333334 0.2574074074074074 0.97578125 0.27870370370370373 0.97578125 0.32222222222222224 0.9729166666666667 0.34675925925925927 0.9684895833333333 0.3527777777777778 0.96328125 0.35462962962962963 0.9489583333333333 0.350462962962963 0.94296875 0.3347222222222222 0.9453125 0.30833333333333335 0.9450520833333333 0.2759259259259259 0.94296875 0.2689814814814815 0.9440104166666666 0.2574074074074074 0.95 0.24444444444444444 0.96328125 0.24212962962962964
0 0.7809895833333333 0.5449074074074074 0.7856770833333333 0.55 0.7872395833333333 0.5601851851851852 0.7888020833333333 0.6314814814814815 0.7864583333333334 0.6458333333333334 0.7760416666666666 0.6509259259259259 0.7666666666666667 0.6476851851851851 0.7627604166666667 0.6365740740740741 0.76015625 0.5601851851851852 0.7643229166666666 0.5458333333333333 0.7716145833333333 0.5430555555555555 0.7807291666666667 0.5449074074074074
0 0.8489583333333334 0.9875 0.8619791666666666 0.9912037037037037 0.86640625 0.999537037037037 0.8388020833333333 0.999537037037037 0.8419270833333333 0.9902777777777778 0.8486979166666667 0.9879629629629629
0 0.7 0.24305555555555555 0.7075520833333333 0.24722222222222223 0.7104166666666667 0.25601851851851853 0.7104166666666667 0.3398148148148148 0.7078125 0.3458333333333333 0.7026041666666667 0.34814814814814815 0.6919270833333333 0.3476851851851852 0.6864583333333333 0.3421296296296296 0.6841145833333333 0.2810185185185185 0.6854166666666667 0.24953703703703703 0.6895833333333333 0.24444444444444444 0.6997395833333333 0.24305555555555555
0 0.7794270833333333 0.674074074074074 0.7854166666666667 0.6773148148148148 0.7880208333333333 0.6828703703703703 0.7908854166666667 0.7675925925925926 0.7901041666666667 0.7824074074074074 0.7877604166666666 0.7893518518518519 0.7799479166666666 0.7972222222222223 0.7674479166666667 0.7939814814814815 0.7622395833333333 0.7828703703703703 0.76328125 0.7305555555555555 0.7611979166666667 0.6981481481481482 0.7645833333333333 0.6768518518518518 0.7791666666666667 0.674074074074074
0 0.8143229166666667 0.5421296296296296 0.8197916666666667 0.5462962962962963 0.8221354166666667 0.5527777777777778 0.8252604166666667 0.6037037037037037 0.8234375 0.6467592592592593 0.8169270833333333 0.6537037037037037 0.8 0.6509259259259259 0.7971354166666667 0.6416666666666667 0.7986979166666667 0.6138888888888889 0.79609375 0.5699074074074074 0.7966145833333333 0.5504629629629629 0.8005208333333333 0.5430555555555555 0.8140625 0.5421296296296296
0 0.5401041666666667 0.6675925925925926 0.5502604166666667 0.6726851851851852 0.55234375 0.6791666666666667 0.5536458333333333 0.7569444444444444 0.5513020833333333 0.7782407407407408 0.5466145833333333 0.7851851851851852 0.53984375 0.7870370370370371 0.53125 0.7837962962962963 0.52578125 0.7722222222222223 0.5247395833333334 0.7324074074074074 0.5268229166666667 0.6759259259259259 0.5317708333333333 0.6703703703703704 0.53984375 0.6675925925925926
0 0.8174479166666667 0.23148148148148148 0.821875 0.23935185185185184 0.8239583333333333 0.2810185185185185 0.8229166666666666 0.3125 0.8177083333333334 0.31851851851851853 0.8036458333333333 0.31805555555555554 0.8 0.3138888888888889 0.7989583333333333 0.24583333333333332 0.7994791666666666 0.23796296296296296 0.8028645833333333 0.23194444444444445 0.8171875 0.23148148148148148
0 0.8979166666666667 0.24953703703703703 0.9052083333333333 0.25462962962962965 0.9078125 0.262037037037037 0.909375 0.28055555555555556 0.9125 0.28935185185185186 0.9098958333333333 0.3 0.91171875 0.3194444444444444 0.9109375 0.3509259259259259 0.9080729166666667 0.35833333333333334 0.9010416666666666 0.3625 0.88671875 0.36064814814814816 0.8799479166666667 0.3490740740740741 0.8799479166666667 0.3365740740740741 0.8822916666666667 0.3282407407407407 0.88203125 0.29212962962962963 0.87734375 0.2791666666666667 0.8799479166666667 0.2625 0.88359375 0.25416666666666665 0.88984375 0.24953703703703703 0.89765625 0.24953703703703703
0 0.6309895833333333 0.23194444444444445 0.6354166666666666 0.23703703703703705 0.6372395833333333 0.2462962962962963 0.6375 0.3277777777777778 0.6341145833333334 0.33935185185185185 0.6239583333333333 0.3425925925925926 0.6158854166666666 0.3416666666666667 0.6114583333333333 0.33287037037037037 0.6106770833333334 0.2439814814814815 0.6119791666666666 0.23703703703703705 0.61640625 0.23194444444444445 0.6307291666666667 0.23194444444444445
0 0.5828125 0.6814814814814815 0.5911458333333334 0.6856481481481481 0.5940104166666667 0.6921296296296297 0.59296875 0.7481481481481481 0.59453125 0.762962962962963 0.58984375 0.8037037037037037 0.58671875 0.8078703703703703 0.578125 0.8106481481481481 0.57109375 0.8097222222222222 0.5666666666666667 0.8027777777777778 0.5643229166666667 0.7935185185185185 0.5643229166666667 0.7828703703703703 0.56875 0.6925925925925925 0.5729166666666666 0.6824074074074075 0.5825520833333333 0.6814814814814815
0 0.8143229166666667 0.6791666666666667 0.8223958333333333 0.6861111111111111 0.825 0.7199074074074074 0.8239583333333333 0.7754629629629629 0.8208333333333333 0.7865740740740741 0.81484375 0.7907407407407407 0.80625 0.7898148148148149 0.7986979166666667 0.7819444444444444 0.796875 0.6995370370370371 0.7971354166666667 0.6888888888888889 0.7994791666666666 0.6828703703703703 0.8140625 0.6791666666666667