0 0.11822916666666666 0.287962962962963 0.051041666666666666 0.04259259259259259
0 0.7052083333333333 0.23981481481481481 0.05416666666666667 0.04259259259259259
0 0.5927083333333333 0.23796296296296296 0.058333333333333334 0.046296296296296294
0 0.940625 0.575925925925926 0.05625 0.040740740740740744
0 0.11145833333333334 0.337037037037037 0.058333333333333334 0.040740740740740744
0 0.875 0.2037037037037037 0.05625 0.040740740740740744
0 0.43125 0.28888888888888886 0.05 0.040740740740740744
0 0.8786458333333333 0.34074074074074073 0.06145833333333333 0.040740740740740744
0 0.60078125 0.5296296296296297 0.058854166666666666 0.044444444444444446
0 0.27447916666666666 0.24166666666666667 0.051041666666666666 0.03888888888888889
0 0.27395833333333336 0.28888888888888886 0.052083333333333336 0.040740740740740744
0 0.10520833333333333 0.8685185185185185 0.058333333333333334 0.040740740740740744
0 0.7635416666666667 0.18518518518518517 0.07708333333333334 0.05185185185185185
0 0.9421875 0.6240740740740741 0.05520833333333333 0.040740740740740744
0 0.9364583333333333 0.24814814814814815 0.052083333333333336 0.037037037037037035
0 0.878125 0.2518518518518518 0.05625 0.040740740740740744
0 0.42916666666666664 0.774074074074074 0.058333333333333334 0.040740740740740744
0 0.8791666666666667 0.4287037037037037 0.05625 0.04259259259259259
0 0.3765625 0.625 0.053125 0.04259259259259259
0 0.95078125 0.8736111111111111 0.0671875 0.049074074074074076
0 0.6 0.8287037037037037 0.05625 0.03888888888888889
0 0.9427083333333334 0.3861111111111111 0.06666666666666667 0.03888888888888889
0 0.8875 0.48148148148148145 0.06875 0.037037037037037035
0 0.051041666666666666 0.7166666666666667 0.052083333333333336 0.03333333333333333
0 0.3765625 0.3861111111111111 0.051041666666666666 0.04259259259259259
0 0.5416666666666666 0.7240740740740741 0.06458333333333334 0.040740740740740744
0 0.26979166666666665 0.3351851851851852 0.04791666666666667 0.037037037037037035
0 0.26927083333333335 0.37962962962962965 0.04895833333333333 0.040740740740740744
0 0.7692708333333333 0.6805555555555556 0.06145833333333333 0.03518518518518519
0 0.050520833333333334 0.525 0.05520833333333333 0.03888888888888889
0 0.5359375 0.8222222222222222 0.06145833333333333 0.044444444444444446
0 0.27395833333333336 0.6759259259259259 0.052083333333333336 0.040740740740740744
0 0.7078125 0.7240740740740741 0.053125 0.040740740740740744
0 0.21822916666666667 0.5740740740740741 0.04895833333333333 0.040740740740740744
0 0.43072916666666666 0.7148148148148148 0.06770833333333333 0.040740740740740744
0 0.9453125 0.2898148148148148 0.053125 0.03888888888888889
0 0.596875 0.7805555555555556 0.058333333333333334 0.04259259259259259
0 0.4322916666666667 0.4305555555555556 0.05416666666666667 0.03888888888888889
0 0.05677083333333333 0.4824074074074074 0.05520833333333333 0.03518518518518519
0 0.40572916666666664 0.8796296296296297 0.09479166666666666 0.05185185185185185
0 0.7020833333333333 0.5509259259259259 0.0625 0.04259259259259259
0 0.7770833333333333 0.020370370370370372 0.0625 0.040740740740740744
0 0.9453125 0.43425925925925923 0.059375 0.03888888888888889
0 0.7640625 0.5777777777777777 0.057291666666666664 0.040740740740740744
0 0.5994791666666667 0.5777777777777777 0.051041666666666666 0.044444444444444446
0 0.10677083333333333 0.5398148148148149 0.06770833333333333 0.04259259259259259
0 0.7604166666666666 0.3351851851851852 0.05416666666666667 0.040740740740740744
0 0.11666666666666667 0.48055555555555557 0.05 0.03888888888888889
0 0.275 0.5740740740740741 0.05 0.040740740740740744
0 0.10677083333333333 0.8157407407407408 0.05520833333333333 0.03518518518518519
0 0.7682291666666666 0.7222222222222222 0.057291666666666664 0.037037037037037035
0 0.7635416666666667 0.38796296296296295 0.06458333333333334 0.046296296296296294
0 0.11197916666666667 0.6731481481481482 0.051041666666666666 0.03888888888888889
0 0.7614583333333333 0.24351851851851852 0.05 0.03888888888888889
0 0.5416666666666666 0.43148148148148147 0.052083333333333336 0.040740740740740744
0 0.11979166666666667 0.43148148148148147 0.058333333333333334 0.037037037037037035
0 0.95 0.7712962962962963 0.05625 0.03888888888888889
0 0.7635416666666667 0.8203703703703704 0.052083333333333336 0.037037037037037035
0 0.7015625 0.2972222222222222 0.053125 0.04259259259259259
0 0.9333333333333333 0.2 0.04791666666666667 0.040740740740740744
0 0.7625 0.8694444444444445 0.06458333333333334 0.04259259259259259
0 0.38333333333333336 0.10648148148148148 0.057291666666666664 0.053703703703703705
0 0.8864583333333333 0.5324074074074074 0.058333333333333334 0.03888888888888889
0 0.5473958333333333 0.6268518518518519 0.051041666666666666 0.04259259259259259
0 0.7677083333333333 0.6314814814814815 0.06041666666666667 0.040740740740740744
0 0.6052083333333333 0.6296296296296297 0.05625 0.040740740740740744
0 0.37395833333333334 0.8203703703703704 0.052083333333333336 0.040740740740740744
0 0.20625 0.8777777777777778 0.05 0.044444444444444446
0 0.9177083333333333 0.03888888888888889 0.06666666666666667 0.07037037037037037
0 0.5354166666666667 0.8851851851851852 0.0625 0.044444444444444446
0 0.8822916666666667 0.575925925925926 0.052083333333333336 0.037037037037037035
0 0.2171875 0.6222222222222222 0.053125 0.037037037037037035
0 0.21302083333333333 0.8185185185185185 0.04479166666666667 0.037037037037037035
0 0.4322916666666667 0.3814814814814815 0.058333333333333334 0.037037037037037035
0 0.5395833333333333 0.48518518518518516 0.06458333333333334 0.040740740740740744
0 0.2703125 0.8175925925925925 0.057291666666666664 0.03518518518518519
0 0.0578125 0.4351851851851852 0.051041666666666666 0.037037037037037035
0 0.43645833333333334 0.5740740740740741 0.05416666666666667 0.040740740740740744
0 0.2671875 0.43333333333333335 0.04895833333333333 0.037037037037037035
0 0.11979166666666667 0.3851851851851852 0.04583333333333333 0.037037037037037035
0 0.5385416666666667 0.38333333333333336 0.058333333333333334 0.040740740740740744
0 0.7552083333333334 0.487962962962963 0.05 0.04259259259259259
0 0.3796875 0.33425925925925926 0.04895833333333333 0.03888888888888889
0 0.6010416666666667 0.42685185185185187 0.06041666666666667 0.046296296296296294
0 0.20104166666666667 0.03518518518518519 0.04791666666666667 0.040740740740740744
0 0.11197916666666667 0.7212962962962963 0.036458333333333336 0.03518518518518519
0 0.9505208333333334 0.8212962962962963 0.06145833333333333 0.03888888888888889
0 0.9052083333333333 0.10555555555555556 0.10208333333333333 0.04814814814814815
0 0.23046875 0.10833333333333334 0.0609375 0.053703703703703705
0 0.696875 0.18703703703703703 0.04791666666666667 0.05185185185185185
0 0.10625 0.7685185185185185 0.04791666666666667 0.037037037037037035
0 0.3854166666666667 0.24537037037037038 0.05 0.03888888888888889
0 0.05 0.5787037037037037 0.05625 0.03888888888888889
0 0.21614583333333334 0.7675925925925926 0.046875 0.03518518518518519
0 0.059895833333333336 0.29259259259259257 0.053125 0.044444444444444446
0 0.1203125 0.24259259259259258 0.04895833333333333 0.037037037037037035
0 0.05520833333333333 0.6453703703703704 0.05416666666666667 0.03888888888888889
0 0.8885416666666667 0.7722222222222223 0.05416666666666667 0.037037037037037035
0 0.6044270833333333 0.3384259259259259 0.07447916666666667 0.062037037037037036
0 0.7052083333333333 0.6305555555555555 0.05416666666666667 0.03888888888888889
0 0.8817708333333333 0.625 0.057291666666666664 0.04259259259259259
0 0.8880208333333334 0.8203703703703704 0.057291666666666664 0.040740740740740744
0 0.44114583333333335 0.19166666666666668 0.057291666666666664 0.046296296296296294
0 0.7005208333333334 0.4759259259259259 0.06354166666666666 0.04814814814814815
0 0.2703125 0.8712962962962963 0.05520833333333333 0.03888888888888889
0 0.26979166666666665 0.47962962962962963 0.05625 0.040740740740740744
0 0.21927083333333333 0.33425925925925926 0.04895833333333333 0.03888888888888889
0 0.0515625 0.7675925925925926 0.053125 0.046296296296296294
0 0.2825520833333333 0.9574074074074074 0.05572916666666667 0.046296296296296294
0 0.06666666666666667 0.2462962962962963 0.04791666666666667 0.037037037037037035
0 0.4375 0.6287037037037037 0.05625 0.05
0 0.94375 0.7263888888888889 0.06875 0.05277777777777778
0 0.7645833333333333 0.7731481481481481 0.058333333333333334 0.04259259259259259
0 0.43515625 0.4861111111111111 0.058854166666666666 0.05
0 0.21979166666666666 0.5268518518518519 0.05 0.03888888888888889
0 0.21822916666666667 0.3851851851851852 0.05520833333333333 0.040740740740740744
0 0.5442708333333334 0.1050925925925926 0.059375 0.062037037037037036
0 0.3859375 0.19074074074074074 0.057291666666666664 0.04814814814814815
0 0.70625 0.7759259259259259 0.05 0.044444444444444446
0 0.0125 0.027777777777777776 0.025 0.05185185185185185