0 0.5815104166666667 0.9898148148148148 0.5880208333333333 0.9912037037037037 0.5916666666666667 0.9949074074074075 0.5924479166666666 0.999537037037037 0.56640625 0.999537037037037 0.5708333333333333 0.9916666666666667 0.58125 0.9898148148148148
0 0.8893229166666666 0.11527777777777778 0.89609375 0.11851851851851852 0.8984375 0.12638888888888888 0.9010416666666666 0.17083333333333334 0.9002604166666667 0.21435185185185185 0.8966145833333333 0.22824074074074074 0.8846354166666667 0.2324074074074074 0.8760416666666667 0.22962962962962963 0.8721354166666667 0.22083333333333333 0.871875 0.16527777777777777 0.8700520833333333 0.1398148148148148 0.8752604166666667 0.11851851851851852 0.8890625 0.11527777777777778
0 0.7833333333333333 0.11157407407407408 0.7864583333333334 0.12407407407407407 0.7877604166666666 0.1439814814814815 0.7880208333333333 0.18333333333333332 0.7864583333333334 0.20277777777777778 0.78359375 0.2101851851851852 0.7783854166666667 0.21342592592592594 0.7653645833333333 0.20972222222222223 0.7604166666666666 0.19953703703703704 0.7606770833333333 0.1574074074074074 0.75859375 0.12268518518518519 0.76171875 0.11388888888888889 0.7653645833333333 0.11064814814814815 0.7830729166666667 0.11157407407407408
0 0.6247395833333333 0.6754629629629629 0.63359375 0.6814814814814815 0.6354166666666666 0.6884259259259259 0.6377604166666667 0.7194444444444444 0.6377604166666667 0.7564814814814815 0.634375 0.7953703703703704 0.6299479166666667 0.8032407407407407 0.6244791666666667 0.8050925925925926 0.6130208333333333 0.8037037037037037 0.60859375 0.8 0.6059895833333333 0.7930555555555555 0.6080729166666666 0.7675925925925926 0.60625 0.7375 0.6083333333333333 0.6990740740740741 0.61328125 0.6787037037037037 0.6244791666666667 0.6754629629629629
0 0.74453125 0.24583333333333332 0.75 0.2513888888888889 0.7528645833333333 0.26157407407407407 0.7546875 0.27870370370370373 0.7552083333333334 0.3384259259259259 0.75234375 0.3486111111111111 0.7432291666666667 0.35138888888888886 0.7341145833333333 0.3509259259259259 0.73046875 0.3449074074074074 0.7265625 0.2652777777777778 0.7286458333333333 0.2550925925925926 0.7328125 0.24814814814814815 0.7442708333333333 0.24583333333333332
0 0.4002604166666667 0.20416666666666666 0.409375 0.2101851851851852 0.41119791666666666 0.22824074074074074 0.4044270833333333 0.3050925925925926 0.40130208333333334 0.3199074074074074 0.39739583333333334 0.3236111111111111 0.3802083333333333 0.3175925925925926 0.3776041666666667 0.300462962962963 0.38385416666666666 0.23842592592592593 0.3885416666666667 0.2101851851851852 0.39088541666666665 0.2050925925925926 0.4 0.20416666666666666
0 0.6997395833333333 0.24166666666666667 0.7104166666666667 0.24537037037037038 0.71328125 0.262037037037037 0.71328125 0.3351851851851852 0.71171875 0.34305555555555556 0.7065104166666667 0.3476851851851852 0.6924479166666667 0.34675925925925927 0.6888020833333334 0.3388888888888889 0.6877604166666667 0.2537037037037037 0.6908854166666667 0.24444444444444444 0.6994791666666667 0.24166666666666667
0 0.9643229166666667 0.11527777777777778 0.9721354166666667 0.11944444444444445 0.9770833333333333 0.1287037037037037 0.9783854166666667 0.20324074074074075 0.97578125 0.22083333333333333 0.9645833333333333 0.22685185185185186 0.9552083333333333 0.22361111111111112 0.9497395833333333 0.2101851851851852 0.9481770833333333 0.14583333333333334 0.9486979166666667 0.13194444444444445 0.9526041666666667 0.11990740740740741 0.9640625 0.11527777777777778
0 0.8140625 0.09398148148148149 0.8190104166666666 0.09768518518518518 0.8231770833333333 0.1087962962962963 0.8255208333333334 0.1537037037037037 0.82265625 0.1884259259259259 0.82109375 0.1925925925925926 0.8145833333333333 0.19583333333333333 0.803125 0.19398148148148148 0.7981770833333334 0.18796296296296297 0.7971354166666667 0.17731481481481481 0.7986979166666667 0.15231481481481482 0.7966145833333333 0.12083333333333333 0.796875 0.11203703703703703 0.8015625 0.09861111111111111 0.8059895833333334 0.09444444444444444 0.8138020833333334 0.09398148148148149
0 0.8565104166666667 0.6828703703703703 0.8692708333333333 0.687962962962963 0.8731770833333333 0.7046296296296296 0.8744791666666667 0.7907407407407407 0.8721354166666667 0.8 0.8653645833333333 0.8032407407407407 0.85 0.8 0.8447916666666667 0.7833333333333333 0.8450520833333334 0.7523148148148148 0.846875 0.7402777777777778 0.8440104166666667 0.6967592592592593 0.8489583333333334 0.6856481481481481 0.85625 0.6828703703703703
0 0.5916666666666667 0.23287037037037037 0.5989583333333334 0.23472222222222222 0.6013020833333333 0.24027777777777778 0.6033854166666667 0.3226851851851852 0.6020833333333333 0.34814814814814815 0.5989583333333334 0.35509259259259257 0.5919270833333333 0.3587962962962963 0.58125 0.3574074074074074 0.575 0.3453703703703704 0.5776041666666667 0.2388888888888889 0.5848958333333333 0.23287037037037037 0.59140625 0.23287037037037037
0 0.5541666666666667 0.5268518518518519 0.5609375 0.5324074074074074 0.5604166666666667 0.6240740740740741 0.5567708333333333 0.6412037037037037 0.5484375 0.6449074074074074 0.5364583333333334 0.6412037037037037 0.5333333333333333 0.6305555555555555 0.5359375 0.5324074074074074 0.5421875 0.5259259259259259 0.55390625 0.5268518518518519
0 0.6239583333333333 0.5337962962962963 0.63046875 0.5361111111111111 0.6330729166666667 0.5435185185185185 0.6364583333333333 0.6263888888888889 0.634375 0.6449074074074074 0.6265625 0.6523148148148148 0.61484375 0.6513888888888889 0.6088541666666667 0.6439814814814815 0.6059895833333333 0.5907407407407408 0.6067708333333334 0.5398148148148149 0.6114583333333333 0.5347222222222222 0.6236979166666666 0.5337962962962963
0 0.66875 0.11342592592592593 0.6752604166666667 0.11851851851851852 0.6768229166666667 0.12824074074074074 0.6763020833333333 0.2 0.6786458333333333 0.2175925925925926 0.6747395833333333 0.22314814814814815 0.6611979166666667 0.22824074074074074 0.6510416666666666 0.22314814814814815 0.6479166666666667 0.21388888888888888 0.65078125 0.13796296296296295 0.65234375 0.12268518518518519 0.6549479166666666 0.1162037037037037 0.6684895833333333 0.11342592592592593
0 0.9361979166666666 0.5421296296296296 0.9427083333333334 0.5467592592592593 0.9458333333333333 0.5537037037037037 0.9489583333333333 0.5861111111111111 0.9494791666666667 0.6555555555555556 0.9463541666666667 0.6662037037037037 0.93984375 0.6675925925925926 0.92890625 0.6671296296296296 0.9221354166666667 0.6574074074074074 0.9184895833333333 0.5995370370370371 0.9184895833333333 0.5504629629629629 0.9255208333333333 0.5435185185185185 0.9359375 0.5421296296296296
0 0.5848958333333333 0.6814814814814815 0.5942708333333333 0.6856481481481481 0.5966145833333333 0.6925925925925925 0.59765625 0.7097222222222223 0.5958333333333333 0.7217592592592592 0.59453125 0.7907407407407407 0.58984375 0.8069444444444445 0.5841145833333333 0.8097222222222222 0.57109375 0.8060185185185185 0.56796875 0.7962962962962963 0.5671875 0.7819444444444444 0.5690104166666666 0.7726851851851851 0.5677083333333334 0.7546296296296297 0.5716145833333334 0.6888888888888889 0.5744791666666667 0.6828703703703703 0.5846354166666666 0.6814814814814815
0 0.7083333333333334 0.5476851851851852 0.71484375 0.5527777777777778 0.7166666666666667 0.5689814814814815 0.7161458333333334 0.6097222222222223 0.7138020833333333 0.6162037037037037 0.6950520833333333 0.6162037037037037 0.6919270833333333 0.6125 0.69375 0.5888888888888889 0.6921875 0.5537037037037037 0.6955729166666667 0.549074074074074 0.7080729166666667 0.5476851851851852
0 0.7044270833333334 0.675 0.7111979166666667 0.6805555555555556 0.7135416666666666 0.6935185185185185 0.7127604166666667 0.7768518518518519 0.7114583333333333 0.7898148148148149 0.7065104166666667 0.7939814814814815 0.68671875 0.7898148148148149 0.6833333333333333 0.7828703703703703 0.6830729166666667 0.7722222222222223 0.68671875 0.6819444444444445 0.6924479166666667 0.674074074074074 0.7041666666666667 0.675
0 0.7419270833333333 0.6851851851851852 0.74609375 0.6907407407407408 0.7489583333333333 0.7060185185185185 0.7515625 0.7699074074074074 0.7484375 0.7796296296296297 0.7408854166666666 0.7828703703703703 0.73125 0.7824074074074074 0.7263020833333333 0.7782407407407408 0.72109375 0.6949074074074074 0.7231770833333333 0.6888888888888889 0.7270833333333333 0.6861111111111111 0.7416666666666667 0.6851851851851852
0 0.54609375 0.6680555555555555 0.5513020833333333 0.6708333333333333 0.5544270833333333 0.6777777777777778 0.55625 0.7620370370370371 0.5536458333333333 0.7787037037037037 0.5442708333333334 0.7865740740740741 0.534375 0.7842592592592592 0.5294270833333333 0.774074074074074 0.5278645833333333 0.6851851851851852 0.5294270833333333 0.6754629629629629 0.5322916666666667 0.6712962962962963 0.5458333333333333 0.6680555555555555
0 0.6096354166666667 0.4375 0.6505208333333333 0.44675925925925924 0.66171875 0.45231481481481484 0.6643229166666667 0.4601851851851852 0.6627604166666666 0.487962962962963 0.6580729166666667 0.49444444444444446 0.6513020833333333 0.49537037037037035 0.6091145833333333 0.4875 0.5981770833333333 0.48148148148148145 0.5953125 0.4708333333333333 0.5963541666666666 0.4513888888888889 0.59921875 0.44305555555555554 0.609375 0.4375
0 0.8536458333333333 0.125 0.859375 0.1287037037037037 0.8606770833333334 0.13425925925925927 0.8611979166666667 0.20879629629629629 0.8580729166666666 0.22083333333333333 0.84921875 0.22453703703703703 0.8388020833333333 0.22268518518518518 0.8346354166666666 0.21666666666666667 0.8361979166666667 0.16111111111111112 0.8348958333333333 0.1361111111111111 0.8385416666666666 0.1259259259259259 0.8533854166666667 0.125
0 0.66953125 0.2587962962962963 0.6729166666666667 0.2638888888888889 0.6744791666666666 0.274537037037037 0.6729166666666667 0.3384259259259259 0.6713541666666667 0.3435185185185185 0.66328125 0.3449074074074074 0.65078125 0.3435185185185185 0.64765625 0.33425925925925926 0.6494791666666667 0.3148148148148148 0.6494791666666667 0.26851851851851855 0.6505208333333333 0.262037037037037 0.6541666666666667 0.25787037037037036 0.6692708333333334 0.2587962962962963
0 0.85390625 0.23935185185185184 0.86171875 0.24444444444444444 0.8645833333333334 0.2523148148148148 0.86796875 0.3296296296296296 0.8653645833333333 0.3416666666666667 0.8513020833333333 0.34629629629629627 0.8424479166666666 0.3425925925925926 0.8401041666666667 0.3337962962962963 0.83671875 0.25277777777777777 0.8380208333333333 0.2462962962962963 0.84296875 0.24074074074074073 0.8536458333333333 0.23935185185185184
0 0.7619791666666667 0.3736111111111111 0.7830729166666667 0.3763888888888889 0.7979166666666667 0.3819444444444444 0.8005208333333333 0.3912037037037037 0.8002604166666667 0.41203703703703703 0.7973958333333333 0.42268518518518516 0.7932291666666667 0.425 0.7513020833333334 0.4212962962962963 0.7388020833333333 0.41574074074074074 0.73671875 0.4078703703703704 0.73671875 0.3962962962962963 0.7377604166666667 0.38287037037037036 0.73984375 0.37777777777777777 0.74921875 0.3731481481481482 0.76171875 0.3736111111111111
0 0.6302083333333334 0.22962962962962963 0.6375 0.2351851851851852 0.6403645833333333 0.2490740740740741 0.640625 0.32685185185185184 0.63828125 0.3375 0.62890625 0.3416666666666667 0.6177083333333333 0.33935185185185185 0.6140625 0.3314814814814815 0.6130208333333333 0.24305555555555555 0.6161458333333333 0.23287037037037037 0.6299479166666667 0.22962962962962963
0 0.9005208333333333 0.5527777777777778 0.9052083333333333 0.5564814814814815 0.9078125 0.5638888888888889 0.909375 0.6157407407407407 0.9078125 0.6504629629629629 0.9026041666666667 0.6597222222222222 0.8979166666666667 0.6620370370370371 0.8854166666666666 0.6601851851851852 0.88203125 0.6555555555555556 0.8796875 0.6087962962962963 0.8802083333333334 0.562037037037037 0.884375 0.5532407407407407 0.9002604166666667 0.5527777777777778
0 0.7450520833333333 0.5300925925925926 0.7486979166666666 0.5324074074074074 0.7526041666666666 0.5435185185185185 0.7528645833333333 0.5953703703703703 0.75078125 0.625462962962963 0.7479166666666667 0.6328703703703704 0.7424479166666667 0.6351851851851852 0.7307291666666667 0.6337962962962963 0.7263020833333333 0.625 0.72734375 0.5365740740740741 0.7286458333333333 0.5328703703703703 0.7341145833333333 0.5296296296296297 0.7447916666666666 0.5300925925925926
0 0.6614583333333334 0.9643518518518519 0.6658854166666667 0.9671296296296297 0.6716145833333333 0.9768518518518519 0.6739583333333333 0.999537037037037 0.6442708333333333 0.999537037037037 0.6471354166666666 0.9699074074074074 0.6515625 0.9652777777777778 0.6611979166666667 0.9643518518518519
0 0.8984375 0.24768518518518517 0.9041666666666667 0.2490740740740741 0.9088541666666666 0.25555555555555554 0.915625 0.28888888888888886 0.9140625 0.29907407407407405 0.9153645833333334 0.33287037037037037 0.9138020833333333 0.3523148148148148 0.9109375 0.3578703703703704 0.9015625 0.3611111111111111 0.890625 0.3597222222222222 0.8828125 0.34814814814814815 0.8833333333333333 0.33425925925925926 0.8859375 0.32685185185185184 0.8833333333333333 0.2861111111111111 0.8799479166666667 0.2777777777777778 0.8877604166666667 0.2513888888888889 0.8981770833333333 0.24768518518518517
0 0.78125 0.2273148148148148 0.7901041666666667 0.2361111111111111 0.7927083333333333 0.2518518518518518 0.7921875 0.324537037037037 0.7895833333333333 0.3351851851851852 0.7828125 0.3388888888888889 0.7721354166666666 0.3375 0.7677083333333333 0.33240740740740743 0.7651041666666667 0.3050925925925926 0.76640625 0.28703703703703703 0.7645833333333333 0.26805555555555555 0.7653645833333333 0.2388888888888889 0.77109375 0.22916666666666666 0.7809895833333333 0.2273148148148148
0 0.6270833333333333 0.09537037037037037 0.63359375 0.09907407407407408 0.6375 0.1087962962962963 0.6393229166666666 0.15601851851851853 0.6375 0.19953703703703704 0.6341145833333334 0.20601851851851852 0.6268229166666667 0.20925925925925926 0.61640625 0.2074074074074074 0.6130208333333333 0.20185185185185187 0.6114583333333333 0.15462962962962962 0.6138020833333333 0.10555555555555556 0.61953125 0.09722222222222222 0.6268229166666667 0.09537037037037037
0 0.9643229166666667 0.23981481481481481 0.9721354166666667 0.24305555555555555 0.9765625 0.25046296296296294 0.9791666666666666 0.2847222222222222 0.9776041666666667 0.3398148148148148 0.9736979166666667 0.34953703703703703 0.96640625 0.35324074074074074 0.9528645833333333 0.350462962962963 0.9455729166666667 0.3351851851851852 0.9484375 0.29398148148148145 0.946875 0.25833333333333336 0.9526041666666667 0.24351851851851852 0.9640625 0.23981481481481481
0 0.8588541666666667 0.5449074074074074 0.8682291666666667 0.549537037037037 0.8705729166666667 0.5601851851851852 0.8674479166666667 0.6472222222222223 0.8635416666666667 0.6643518518518519 0.8596354166666667 0.6671296296296296 0.8447916666666667 0.6652777777777777 0.84140625 0.6611111111111111 0.8393229166666667 0.6518518518518519 0.8419270833333333 0.5736111111111111 0.8440104166666667 0.5583333333333333 0.8486979166666667 0.5462962962962963 0.85859375 0.5449074074074074
0 0.78125 0.5425925925925926 0.7875 0.5467592592592593 0.7908854166666667 0.5606481481481481 0.7919270833333333 0.6310185185185185 0.7888020833333333 0.6458333333333334 0.7778645833333333 0.65 0.7705729166666667 0.6481481481481481 0.765625 0.6370370370370371 0.7653645833333333 0.5879629629629629 0.7630208333333334 0.5583333333333333 0.7651041666666667 0.5486111111111112 0.76796875 0.5453703703703704 0.7809895833333333 0.5425925925925926
0 0.8580729166666666 0.9879629629629629 0.8653645833333333 0.9912037037037037 0.8684895833333334 0.999537037037037 0.8416666666666667 0.999537037037037 0.84609375 0.9898148148148148 0.8578125 0.9879629629629629
0 0.59375 0.11157407407407408 0.59921875 0.11481481481481481 0.6018229166666667 0.12546296296296297 0.6015625 0.19907407407407407 0.5981770833333333 0.21712962962962962 0.59375 0.2222222222222222 0.5861979166666667 0.22361111111111112 0.578125 0.21944444444444444 0.5739583333333333 0.20694444444444443 0.5765625 0.11990740740740741 0.5822916666666667 0.1125 0.5934895833333333 0.11157407407407408
0 0.6609375 0.6856481481481481 0.6734375 0.6912037037037037 0.67578125 0.7078703703703704 0.67421875 0.7796296296296297 0.6700520833333333 0.7962962962962963 0.6630208333333333 0.8009259259259259 0.6489583333333333 0.7972222222222223 0.6466145833333333 0.7916666666666666 0.6458333333333334 0.7777777777777778 0.6484375 0.700462962962963 0.65078125 0.687962962962963 0.6606770833333333 0.6856481481481481
0 0.73046875 0 0.79765625 0 0.78671875 0.012962962962962963 0.7421875 0.03657407407407407 0.7377604166666667 0.03657407407407407 0.734375 0.031018518518518518 0.7307291666666667 0.017592592592592594 0.73046875 0.000462962962962963
0 0.10598958333333333 0.09907407407407408 0.11640625 0.10277777777777777 0.12005208333333334 0.1087962962962963 0.11848958333333333 0.13333333333333333 0.11979166666666667 0.15092592592592594 0.11432291666666666 0.15787037037037038 0.10859375 0.18611111111111112 0.10651041666666666 0.19027777777777777 0.10286458333333333 0.1912037037037037 0.08854166666666667 0.18518518518518517 0.08671875 0.17453703703703705 0.09479166666666666 0.11296296296296296 0.09921875 0.1 0.10572916666666667 0.09907407407407408
0 0.7885416666666667 0.6768518518518518 0.7908854166666667 0.6819444444444445 0.7927083333333333 0.7027777777777777 0.79375 0.7759259259259259 0.78984375 0.7925925925925926 0.7828125 0.7967592592592593 0.7713541666666667 0.7939814814814815 0.76640625 0.7861111111111111 0.7640625 0.6921296296296297 0.7674479166666667 0.675 0.78359375 0.6731481481481482 0.78828125 0.6768518518518518
0 0.7036458333333333 0.11435185185185186 0.7096354166666666 0.11666666666666667 0.7119791666666667 0.12314814814814815 0.7130208333333333 0.19722222222222222 0.7106770833333333 0.20694444444444443 0.7 0.21296296296296297 0.6916666666666667 0.21157407407407408 0.6877604166666667 0.20462962962962963 0.68828125 0.1287037037037037 0.6890625 0.11990740740740741 0.6911458333333333 0.11666666666666667 0.7033854166666667 0.11435185185185186
0 0.8143229166666667 0.5407407407407407 0.8213541666666667 0.5430555555555555 0.8247395833333333 0.549074074074074 0.8278645833333333 0.5912037037037037 0.8265625 0.6462962962962963 0.8174479166666667 0.6532407407407408 0.8036458333333333 0.6513888888888889 0.8 0.6416666666666667 0.7997395833333333 0.549537037037037 0.8026041666666667 0.5430555555555555 0.8140625 0.5407407407407407
0 0.8153645833333333 0.22870370370370371 0.8208333333333333 0.23055555555555557 0.8234375 0.23472222222222222 0.8270833333333333 0.25787037037037036 0.8265625 0.30925925925925923 0.825 0.3143518518518518 0.8177083333333334 0.3175925925925926 0.80625 0.31712962962962965 0.8033854166666666 0.3138888888888889 0.8020833333333334 0.3074074074074074 0.8018229166666667 0.2388888888888889 0.8057291666666667 0.2300925925925926 0.8151041666666666 0.22870370370370371
0 0.9981770833333333 0.3912037037037037 0.9997395833333333 0.3912037037037037 0.9997395833333333 0.4486111111111111 0.9916666666666667 0.4425925925925926 0.9859375 0.4273148148148148 0.9877604166666667 0.41388888888888886 0.9981770833333333 0.39166666666666666
0 0.815625 0.6787037037037037 0.8216145833333334 0.6805555555555556 0.8263020833333333 0.6865740740740741 0.828125 0.7240740740740741 0.8268229166666666 0.7791666666666667 0.8239583333333333 0.7861111111111111 0.8153645833333333 0.7907407407407407 0.8104166666666667 0.7902777777777777 0.80234375 0.7837962962962963 0.79921875 0.7689814814814815 0.80234375 0.7208333333333333 0.8 0.6888888888888889 0.8041666666666667 0.6805555555555556 0.8153645833333333 0.6787037037037037