0 0.11770833333333333 0.287962962962963 0.05416666666666667 0.04259259259259259
0 0.7036458333333333 0.24166666666666667 0.05520833333333333 0.046296296296296294
0 0.5927083333333333 0.23796296296296296 0.06041666666666667 0.04259259259259259
0 0.43020833333333336 0.28888888888888886 0.05416666666666667 0.040740740740740744
0 0.11041666666666666 0.337037037037037 0.058333333333333334 0.040740740740740744
0 0.9354166666666667 0.24722222222222223 0.05 0.03888888888888889
0 0.9385416666666667 0.575925925925926 0.05416666666666667 0.040740740740740744
0 0.8765625 0.3435185185185185 0.057291666666666664 0.04259259259259259
0 0.8760416666666667 0.25555555555555554 0.058333333333333334 0.044444444444444446
0 0.9411458333333333 0.6259259259259259 0.053125 0.040740740740740744
0 0.37604166666666666 0.625 0.05416666666666667 0.04259259259259259
0 0.27291666666666664 0.24166666666666667 0.05416666666666667 0.03888888888888889
0 0.43125 0.7166666666666667 0.0625 0.040740740740740744
0 0.9442708333333333 0.43703703703703706 0.06145833333333333 0.040740740740740744
0 0.8786458333333333 0.4305555555555556 0.05520833333333333 0.046296296296296294
0 0.21666666666666667 0.575925925925926 0.05 0.040740740740740744
0 0.4270833333333333 0.774074074074074 0.058333333333333334 0.040740740740740744
0 0.7625 0.38981481481481484 0.0625 0.04259259259259259
0 0.5434895833333333 0.5351851851851852 0.0578125 0.05185185185185185
0 0.9421875 0.3861111111111111 0.065625 0.03888888888888889
0 0.26875 0.3351851851851852 0.05 0.037037037037037035
0 0.5994791666666667 0.5805555555555556 0.051041666666666666 0.03888888888888889
0 0.10364583333333334 0.8694444444444445 0.059375 0.04259259259259259
0 0.43697916666666664 0.6296296296296297 0.05520833333333333 0.04814814814814815
0 0.7630208333333334 0.18703703703703703 0.08020833333333334 0.05185185185185185
0 0.59375 0.7805555555555556 0.0625 0.04259259259259259
0 0.6697916666666667 0.5527777777777778 0.06041666666666667 0.03888888888888889
0 0.7609375 0.3351851851851852 0.05520833333333333 0.040740740740740744
0 0.7666666666666667 0.7240740740740741 0.05625 0.037037037037037035
0 0.8864583333333333 0.5314814814814814 0.058333333333333334 0.037037037037037035
0 0.2703125 0.28888888888888886 0.05520833333333333 0.040740740740740744
0 0.8888020833333333 0.8787037037037037 0.06302083333333333 0.053703703703703705
0 0.7614583333333333 0.8694444444444445 0.06458333333333334 0.04259259259259259
0 0.5390625 0.19722222222222222 0.052083333333333336 0.046296296296296294
0 0.11822916666666666 0.43425925925925923 0.057291666666666664 0.03888888888888889
0 0.3723958333333333 0.8231481481481482 0.053125 0.04259259259259259
0 0.8760416666666667 0.20555555555555555 0.052083333333333336 0.037037037037037035
0 0.8869791666666667 0.48333333333333334 0.06354166666666666 0.037037037037037035
0 0.4041666666666667 0.8796296296296297 0.09166666666666666 0.05185185185185185
0 0.275 0.575925925925926 0.05 0.040740740740740744
0 0.88125 0.6268518518518519 0.05625 0.04259259259259259
0 0.7635416666666667 0.5805555555555556 0.058333333333333334 0.04259259259259259
0 0.4354166666666667 0.5740740740740741 0.05416666666666667 0.040740740740740744
0 0.534375 0.8240740740740741 0.06041666666666667 0.040740740740740744
0 0.05 0.7166666666666667 0.05416666666666667 0.03333333333333333
0 0.37552083333333336 0.3861111111111111 0.04895833333333333 0.04259259259259259
0 0.7072916666666667 0.7240740740740741 0.05416666666666667 0.040740740740740744
0 0.9416666666666667 0.29259259259259257 0.058333333333333334 0.040740740740740744
0 0.2669270833333333 0.3824074074074074 0.05364583333333333 0.046296296296296294
0 0.115625 0.38425925925925924 0.05416666666666667 0.03888888888888889
0 0.215625 0.6222222222222222 0.05 0.037037037037037035
0 0.5390625 0.725925925925926 0.06354166666666666 0.044444444444444446
0 0.3846354166666667 0.10324074074074074 0.06302083333333333 0.05462962962962963
0 0.9322916666666666 0.20185185185185187 0.05 0.040740740740740744
0 0.26614583333333336 0.4351851851851852 0.04895833333333333 0.037037037037037035
0 0.8822916666666667 0.575925925925926 0.052083333333333336 0.037037037037037035
0 0.11041666666666666 0.6731481481481482 0.052083333333333336 0.03888888888888889
0 0.43125 0.4305555555555556 0.052083333333333336 0.03888888888888889
0 0.10572916666666667 0.8157407407407408 0.051041666666666666 0.03518518518518519
0 0.7661458333333333 0.6342592592592593 0.059375 0.03888888888888889
0 0.5390625 0.43333333333333335 0.05520833333333333 0.040740740740740744
0 0.9473958333333333 0.7703703703703704 0.05520833333333333 0.037037037037037035
0 0.7682291666666666 0.6805555555555556 0.06145833333333333 0.03888888888888889
0 0.5989583333333334 0.8287037037037037 0.05625 0.03888888888888889
0 0.534375 0.8851851851851852 0.0625 0.040740740740740744
0 0.115625 0.48055555555555557 0.05 0.03888888888888889
0 0.27291666666666664 0.6759259259259259 0.052083333333333336 0.040740740740740744
0 0.5380208333333333 0.3851851851851852 0.057291666666666664 0.040740740740740744
0 0.10520833333333333 0.5416666666666666 0.06875 0.046296296296296294
0 0.22786458333333334 0.10694444444444444 0.0578125 0.05462962962962963
0 0.6979166666666666 0.4722222222222222 0.0625 0.05185185185185185
0 0.7005208333333334 0.29907407407407405 0.051041666666666666 0.03888888888888889
0 0.759375 0.24444444444444444 0.05 0.040740740740740744
0 0.2682291666666667 0.8194444444444444 0.06145833333333333 0.03888888888888889
0 0.05520833333333333 0.4824074074074074 0.05416666666666667 0.03518518518518519
0 0.10572916666666667 0.7712962962962963 0.04895833333333333 0.03518518518518519
0 0.6020833333333333 0.6296296296296297 0.05625 0.040740740740740744
0 0.4322916666666667 0.3814814814814815 0.06041666666666667 0.037037037037037035
0 0.7630208333333334 0.8212962962962963 0.051041666666666666 0.03518518518518519
0 0.05677083333333333 0.4351851851851852 0.051041666666666666 0.037037037037037035
0 0.5385416666666667 0.48518518518518516 0.0625 0.040740740740740744
0 0.9489583333333333 0.8212962962962963 0.05625 0.03888888888888889
0 0.6005208333333333 0.42685185185185187 0.057291666666666664 0.046296296296296294
0 0.753125 0.49166666666666664 0.04791666666666667 0.03888888888888889
0 0.546875 0.6296296296296297 0.05 0.040740740740740744
0 0.4234375 0.024074074074074074 0.059375 0.040740740740740744
0 0.540625 0.3337962962962963 0.0625 0.05648148148148148
0 0.8864583333333333 0.8203703703703704 0.052083333333333336 0.040740740740740744
0 0.05364583333333333 0.6453703703703704 0.05520833333333333 0.03888888888888889
0 0.2125 0.7694444444444445 0.05 0.03888888888888889
0 0.8869791666666667 0.7722222222222223 0.051041666666666666 0.037037037037037035
0 0.3765625 0.33425925925925926 0.046875 0.03888888888888889
0 0.1109375 0.7203703703703703 0.03854166666666667 0.037037037037037035
0 0.2677083333333333 0.48055555555555557 0.05416666666666667 0.03888888888888889
0 0.4390625 0.18981481481481483 0.05520833333333333 0.04259259259259259
0 0.20572916666666666 0.8777777777777778 0.04895833333333333 0.044444444444444446
0 0.11927083333333334 0.24259259259259258 0.04895833333333333 0.037037037037037035
0 0.2682291666666667 0.8712962962962963 0.05520833333333333 0.03888888888888889
0 0.6302083333333334 0.03518518518518519 0.058333333333333334 0.04814814814814815
0 0.6953125 0.19166666666666668 0.046875 0.03888888888888889
0 0.057291666666666664 0.29444444444444445 0.05625 0.040740740740740744
0 0.7625 0.7722222222222223 0.05625 0.044444444444444446
0 0.4348958333333333 0.48148148148148145 0.057291666666666664 0.040740740740740744
0 0.0640625 0.24814814814814815 0.04895833333333333 0.037037037037037035
0 0.7046875 0.6305555555555555 0.05520833333333333 0.03888888888888889
0 0.38229166666666664 0.24814814814814815 0.05 0.037037037037037035
0 0.21822916666666667 0.33425925925925926 0.04895833333333333 0.03888888888888889
0 0.21822916666666667 0.5287037037037037 0.051041666666666666 0.03888888888888889
0 0.7 0.387037037037037 0.05625 0.040740740740740744
0 0.3807291666666667 0.18981481481481483 0.051041666666666666 0.05740740740740741
0 0.2125 0.8203703703703704 0.04375 0.037037037037037035
0 0.88671875 0.7277777777777777 0.0578125 0.05555555555555555
0 0.04895833333333333 0.7712962962962963 0.05416666666666667 0.04259259259259259
0 0.06875 0.19074074074074074 0.05625 0.040740740740740744
0 0.9309895833333334 0.10925925925925926 0.06302083333333333 0.06296296296296296
0 0.70625 0.7759259259259259 0.05 0.044444444444444446
0 0.0484375 0.5805555555555556 0.057291666666666664 0.03888888888888889