0 0.8841145833333334 0.125 0.89453125 0.1300925925925926 0.8981770833333333 0.17083333333333334 0.89765625 0.22777777777777777 0.8947916666666667 0.2388888888888889 0.8872395833333333 0.24212962962962964 0.8744791666666667 0.24027777777777778 0.8716145833333333 0.23564814814814813 0.8692708333333333 0.22407407407407406 0.8697916666666666 0.19398148148148148 0.86796875 0.16666666666666666 0.8697916666666666 0.1375 0.87265625 0.12916666666666668 0.8838541666666667 0.125
0 0.5473958333333333 0.6787037037037037 0.553125 0.6856481481481481 0.5544270833333333 0.6958333333333333 0.5549479166666667 0.7685185185185185 0.5533854166666666 0.7861111111111111 0.5497395833333333 0.7930555555555555 0.54375 0.7962962962962963 0.5315104166666667 0.7939814814814815 0.5278645833333333 0.7861111111111111 0.5260416666666666 0.7550925925925925 0.5260416666666666 0.6958333333333333 0.52734375 0.6861111111111111 0.5333333333333333 0.6787037037037037 0.5471354166666667 0.6787037037037037
0 0.8138020833333334 0.10555555555555556 0.81875 0.1125 0.8205729166666667 0.11944444444444445 0.8229166666666666 0.16620370370370371 0.8208333333333333 0.19583333333333333 0.81796875 0.20277777777777778 0.8109375 0.20601851851851852 0.8002604166666667 0.20416666666666666 0.7950520833333333 0.19583333333333333 0.7971354166666667 0.18194444444444444 0.796875 0.16527777777777777 0.79375 0.12638888888888888 0.8005208333333333 0.10740740740740741 0.8049479166666667 0.10462962962962963 0.8135416666666667 0.10555555555555556
0 0.6252604166666667 0.6851851851851852 0.6302083333333334 0.687962962962963 0.6328125 0.6958333333333333 0.6356770833333333 0.7550925925925925 0.6330729166666667 0.8027777777777778 0.6299479166666667 0.812037037037037 0.6234375 0.8148148148148148 0.6080729166666666 0.8111111111111111 0.6052083333333333 0.8037037037037037 0.6049479166666667 0.7939814814814815 0.6072916666666667 0.7583333333333333 0.60703125 0.7087962962962963 0.6091145833333333 0.6935185185185185 0.6130208333333333 0.687037037037037 0.625 0.6851851851851852
0 0.7765625 0.5518518518518518 0.78671875 0.5578703703703703 0.7901041666666667 0.5912037037037037 0.78984375 0.6504629629629629 0.7875 0.6555555555555556 0.7791666666666667 0.6597222222222222 0.7690104166666667 0.6583333333333333 0.76484375 0.65 0.76171875 0.5879629629629629 0.7627604166666667 0.5601851851851852 0.7684895833333333 0.5537037037037037 0.7763020833333333 0.5518518518518518
0 0.74296875 0.2564814814814815 0.7489583333333333 0.26296296296296295 0.7510416666666667 0.2726851851851852 0.7533854166666667 0.34814814814814815 0.7515625 0.35694444444444445 0.7403645833333333 0.36064814814814816 0.7309895833333333 0.3578703703703704 0.7276041666666667 0.3490740740740741 0.7247395833333333 0.2726851851851852 0.7302083333333333 0.25833333333333336 0.7427083333333333 0.2564814814814815
0 0.7002604166666667 0.2518518518518518 0.7098958333333333 0.2587962962962963 0.71171875 0.2824074074074074 0.7111979166666667 0.3490740740740741 0.7065104166666667 0.35648148148148145 0.70078125 0.3574074074074074 0.6916666666666667 0.3560185185185185 0.6875 0.35138888888888886 0.6854166666666667 0.2759259259259259 0.6859375 0.262037037037037 0.6880208333333333 0.25462962962962965 0.7 0.2518518518518518
0 0.9638020833333333 0.12546296296296297 0.9736979166666667 0.13703703703703704 0.9755208333333333 0.16435185185185186 0.9752604166666666 0.22361111111111112 0.97265625 0.2310185185185185 0.9658854166666667 0.2361111111111111 0.95390625 0.23425925925925925 0.94765625 0.22407407407407406 0.946875 0.16435185185185186 0.9453125 0.15833333333333333 0.94609375 0.1412037037037037 0.9486979166666667 0.13287037037037036 0.95625 0.125 0.9635416666666666 0.12546296296296297
0 0.8520833333333333 0.13564814814814816 0.8565104166666667 0.13796296296296295 0.8588541666666667 0.14583333333333334 0.8591145833333333 0.2 0.8575520833333333 0.22407407407407406 0.8544270833333333 0.2310185185185185 0.8489583333333334 0.23425925925925925 0.8354166666666667 0.23194444444444445 0.83203125 0.22453703703703703 0.8325520833333333 0.14444444444444443 0.8354166666666667 0.1361111111111111 0.8518229166666667 0.13564814814814816
0 0.8580729166666666 0.6925925925925925 0.8669270833333333 0.6972222222222222 0.8700520833333333 0.7037037037037037 0.8716145833333333 0.7157407407407408 0.8731770833333333 0.8013888888888889 0.8703125 0.8106481481481481 0.8638020833333333 0.8134259259259259 0.8486979166666667 0.8106481481481481 0.8440104166666667 0.7967592592592593 0.84453125 0.7398148148148148 0.8416666666666667 0.7217592592592592 0.8419270833333333 0.7074074074074074 0.84765625 0.6953703703703704 0.8578125 0.6925925925925925
0 0.9458333333333333 0.41574074074074074 0.9705729166666667 0.43842592592592594 0.9908854166666666 0.4638888888888889 0.9911458333333333 0.4736111111111111 0.9880208333333333 0.4847222222222222 0.9817708333333334 0.49907407407407406 0.9786458333333333 0.500462962962963 0.9528645833333333 0.48055555555555557 0.92734375 0.45185185185185184 0.9265625 0.44027777777777777 0.9317708333333333 0.4222222222222222 0.9388020833333334 0.41435185185185186 0.9455729166666667 0.41574074074074074
0 0.00625 0.49027777777777776 0.015364583333333333 0.4925925925925926 0.019010416666666665 0.5060185185185185 0.022916666666666665 0.5101851851851852 0.023697916666666666 0.5180555555555556 0.02265625 0.5268518518518519 0.016145833333333335 0.5361111111111111 0.01796875 0.5509259259259259 0.013020833333333334 0.5847222222222223 0.008854166666666666 0.5944444444444444 0.0018229166666666667 0.5990740740740741 0 0.5990740740740741 0 0.49074074074074076 0.005989583333333334 0.49027777777777776
0 0.6255208333333333 0.10555555555555556 0.6346354166666667 0.11388888888888889 0.6377604166666667 0.1597222222222222 0.6359375 0.20694444444444443 0.6333333333333333 0.21388888888888888 0.625 0.21898148148148147 0.6158854166666666 0.21805555555555556 0.6114583333333333 0.2125 0.61015625 0.1712962962962963 0.6111979166666667 0.11666666666666667 0.61640625 0.10787037037037037 0.6252604166666667 0.10555555555555556
0 0.6268229166666667 0.5439814814814815 0.6299479166666667 0.5476851851851852 0.6322916666666667 0.562037037037037 0.6346354166666667 0.6462962962962963 0.6302083333333334 0.6587962962962963 0.6255208333333333 0.6615740740740741 0.6127604166666667 0.6611111111111111 0.609375 0.6583333333333333 0.6072916666666667 0.6518518518518519 0.6041666666666666 0.5587962962962963 0.6057291666666667 0.5486111111111112 0.60859375 0.5449074074074074 0.6265625 0.5439814814814815
0 0.8984375 0.5625 0.9044270833333333 0.5671296296296297 0.9057291666666667 0.5731481481481482 0.9075520833333334 0.6462962962962963 0.9046875 0.6652777777777777 0.90078125 0.6699074074074074 0.8942708333333333 0.6717592592592593 0.8838541666666667 0.6699074074074074 0.8799479166666667 0.6643518518518519 0.878125 0.6106481481481482 0.87890625 0.5712962962962963 0.8796875 0.5657407407407408 0.8825520833333333 0.562962962962963 0.8981770833333333 0.5625
0 0.66171875 0.12314814814814815 0.6684895833333333 0.12407407407407407 0.6729166666666667 0.1287037037037037 0.6752604166666667 0.14814814814814814 0.6744791666666666 0.225 0.6627604166666666 0.23842592592592593 0.6502604166666667 0.23472222222222222 0.6458333333333334 0.22268518518518518 0.6466145833333333 0.17777777777777778 0.6502604166666667 0.1337962962962963 0.653125 0.1259259259259259 0.6614583333333334 0.12314814814814815
0 0.5932291666666667 0.12268518518518519 0.59921875 0.12777777777777777 0.6002604166666666 0.13564814814814816 0.5994791666666667 0.21712962962962962 0.5932291666666667 0.23148148148148148 0.5864583333333333 0.23472222222222222 0.57734375 0.2310185185185185 0.571875 0.22037037037037038 0.5744791666666667 0.1300925925925926 0.5796875 0.12268518518518519 0.59296875 0.12268518518518519
0 0.859375 0.5550925925925926 0.86640625 0.5583333333333333 0.8684895833333334 0.5643518518518519 0.86796875 0.6370370370370371 0.8643229166666667 0.6699074074074074 0.8609375 0.6759259259259259 0.8557291666666667 0.6777777777777778 0.8416666666666667 0.6736111111111112 0.83828125 0.6671296296296296 0.8375 0.6550925925925926 0.8419270833333333 0.5717592592592593 0.8473958333333333 0.5555555555555556 0.8591145833333333 0.5550925925925926
0 0.5919270833333333 0.2439814814814815 0.5997395833333333 0.25046296296296294 0.60234375 0.27546296296296297 0.60234375 0.324537037037037 0.6 0.3597222222222222 0.5942708333333333 0.36712962962962964 0.5888020833333333 0.36898148148148147 0.5778645833333333 0.36666666666666664 0.5736979166666667 0.3592592592592593 0.57421875 0.26157407407407407 0.5776041666666667 0.2462962962962963 0.5916666666666667 0.2439814814814815
0 0.584375 0.6907407407407408 0.5940104166666667 0.6967592592592593 0.59609375 0.7171296296296297 0.5924479166666666 0.7606481481481482 0.59375 0.7814814814814814 0.5927083333333333 0.8041666666666667 0.5888020833333333 0.8171296296296297 0.5815104166666667 0.8199074074074074 0.5708333333333333 0.8185185185185185 0.5669270833333333 0.812037037037037 0.5661458333333333 0.7652777777777777 0.56875 0.7453703703703703 0.5684895833333333 0.7111111111111111 0.5700520833333333 0.6986111111111111 0.5744791666666667 0.6916666666666667 0.5841145833333333 0.6907407407407408
0 0.7059895833333333 0.5578703703703703 0.7122395833333334 0.5615740740740741 0.7145833333333333 0.5810185185185185 0.7143229166666667 0.6226851851851852 0.7078125 0.6259259259259259 0.6932291666666667 0.625462962962963 0.6903645833333333 0.6199074074074075 0.6916666666666667 0.5958333333333333 0.6903645833333333 0.5638888888888889 0.6966145833333334 0.5578703703703703 0.7057291666666666 0.5578703703703703
0 0.6994791666666667 0.6837962962962963 0.7072916666666667 0.6875 0.7111979166666667 0.6962962962962963 0.7122395833333334 0.7060185185185185 0.7109375 0.7342592592592593 0.7119791666666667 0.774074074074074 0.71015625 0.7967592592592593 0.7049479166666667 0.8027777777777778 0.6864583333333333 0.8009259259259259 0.6815104166666667 0.7916666666666666 0.6846354166666667 0.6939814814814815 0.6890625 0.6847222222222222 0.69921875 0.6837962962962963
0 0.73984375 0.6953703703703704 0.7442708333333333 0.7 0.7463541666666667 0.7101851851851851 0.7494791666666667 0.7759259259259259 0.7486979166666666 0.7870370370370371 0.740625 0.7921296296296296 0.7291666666666666 0.7921296296296296 0.7247395833333333 0.7888888888888889 0.71875 0.7273148148148149 0.7200520833333334 0.7236111111111111 0.7192708333333333 0.7069444444444445 0.7213541666666666 0.6990740740740741 0.73046875 0.6944444444444444 0.7395833333333334 0.6953703703703704
0 0.36640625 0.8152777777777778 0.3731770833333333 0.8189814814814815 0.3765625 0.8277777777777777 0.3765625 0.8949074074074074 0.3731770833333333 0.9328703703703703 0.37083333333333335 0.9365740740740741 0.36380208333333336 0.9384259259259259 0.35546875 0.937037037037037 0.35078125 0.9319444444444445 0.34869791666666666 0.924537037037037 0.34765625 0.8962962962962963 0.35 0.8833333333333333 0.34869791666666666 0.8666666666666667 0.3515625 0.825 0.35572916666666665 0.8171296296296297 0.36614583333333334 0.8152777777777778
0 0.6236979166666666 0.2388888888888889 0.6346354166666667 0.24305555555555555 0.63828125 0.25416666666666665 0.6380208333333334 0.34074074074074073 0.63515625 0.34814814814814815 0.6278645833333333 0.35138888888888886 0.6151041666666667 0.34953703703703703 0.6122395833333333 0.3453703703703704 0.6114583333333333 0.3384259259259259 0.6111979166666667 0.2523148148148148 0.6138020833333333 0.2439814814814815 0.6234375 0.2388888888888889
0 0.9947916666666666 0.17037037037037037 0.99609375 0.1648148148148148 0.99140625 0.1050925925925926 0.99453125 0.09305555555555556 0.9997395833333333 0.09027777777777778 0.9997395833333333 0.10324074074074074 0.99765625 0.1050925925925926 0.9979166666666667 0.11666666666666667 0.9997395833333333 0.11712962962962963 0.9997395833333333 0.1925925925925926 0.9947916666666666 0.18796296296296297 0.9947916666666666 0.17083333333333334
0 0.70078125 0.12453703703703704 0.7078125 0.12685185185185185 0.7109375 0.13703703703703704 0.7114583333333333 0.18333333333333332 0.7091145833333333 0.2162037037037037 0.7052083333333333 0.22083333333333333 0.69765625 0.22268518518518518 0.6890625 0.22083333333333333 0.68515625 0.21157407407407408 0.6856770833333333 0.1361111111111111 0.6890625 0.12685185185185185 0.7005208333333334 0.12453703703703704
0 0.66171875 0.26666666666666666 0.6705729166666666 0.2722222222222222 0.6731770833333334 0.29305555555555557 0.6708333333333333 0.3458333333333333 0.6690104166666667 0.35185185185185186 0.6653645833333334 0.3537037037037037 0.65 0.35324074074074074 0.6473958333333333 0.35185185185185186 0.64609375 0.3458333333333333 0.6473958333333333 0.27546296296296297 0.65078125 0.26805555555555555 0.6614583333333334 0.26666666666666666
0 0.7734375 0.11990740740740741 0.7833333333333333 0.1259259259259259 0.7861979166666667 0.17685185185185184 0.7861979166666667 0.20277777777777778 0.7841145833333333 0.21388888888888888 0.78046875 0.22083333333333333 0.7736979166666667 0.22407407407407406 0.76484375 0.22268518518518518 0.7622395833333333 0.21388888888888888 0.7580729166666667 0.2101851851851852 0.7583333333333333 0.16712962962962963 0.7565104166666666 0.1425925925925926 0.7575520833333333 0.1300925925925926 0.7606770833333333 0.12268518518518519 0.7731770833333333 0.11990740740740741
0 0.8002604166666667 0.4046296296296296 0.8403645833333333 0.41435185185185186 0.8424479166666666 0.42083333333333334 0.8419270833333333 0.449537037037037 0.8385416666666666 0.45555555555555555 0.8315104166666667 0.4587962962962963 0.7841145833333333 0.4527777777777778 0.7763020833333333 0.44814814814814813 0.7723958333333333 0.4361111111111111 0.7723958333333333 0.42268518518518516 0.77578125 0.4101851851851852 0.7828125 0.4046296296296296 0.8 0.4046296296296296
0 0.93203125 0.5509259259259259 0.9401041666666666 0.5546296296296296 0.9455729166666667 0.5689814814814815 0.9479166666666666 0.649074074074074 0.9463541666666667 0.6694444444444444 0.9390625 0.6759259259259259 0.9291666666666667 0.6754629629629629 0.9231770833333334 0.6717592592592593 0.9200520833333333 0.663425925925926 0.9174479166666667 0.6296296296296297 0.91875 0.6055555555555555 0.9158854166666667 0.5652777777777778 0.9182291666666667 0.5569444444444445 0.9221354166666667 0.5532407407407407 0.9317708333333333 0.5513888888888889
0 0.5502604166666667 0.5361111111111111 0.55859375 0.5398148148148149 0.559375 0.5444444444444444 0.5575520833333333 0.600925925925926 0.5591145833333333 0.6162037037037037 0.5583333333333333 0.6365740740740741 0.5559895833333334 0.65 0.5505208333333333 0.6541666666666667 0.5354166666666667 0.6513888888888889 0.5325520833333334 0.6472222222222223 0.5315104166666667 0.6398148148148148 0.5346354166666667 0.5398148148148149 0.5390625 0.5361111111111111 0.55 0.5361111111111111
0 0.6622395833333333 0.9879629629629629 0.6671875 0.9907407407407407 0.67109375 0.999537037037037 0.6463541666666667 0.999537037037037 0.65078125 0.9902777777777778 0.6619791666666667 0.9879629629629629
0 0.8536458333333333 0.24953703703703703 0.8591145833333333 0.2550925925925926 0.8619791666666666 0.2652777777777778 0.8661458333333333 0.3384259259259259 0.8630208333333333 0.3527777777777778 0.8515625 0.35555555555555557 0.8419270833333333 0.3541666666666667 0.8388020833333333 0.3453703703703704 0.834375 0.26435185185185184 0.83515625 0.25833333333333336 0.8385416666666666 0.25277777777777777 0.8533854166666667 0.24953703703703703
0 0.7796875 0.23703703703703705 0.7848958333333333 0.24074074074074073 0.7885416666666667 0.24814814814814815 0.790625 0.28425925925925927 0.78984375 0.33611111111111114 0.7864583333333334 0.3453703703703704 0.7791666666666667 0.34814814814814815 0.7682291666666666 0.3458333333333333 0.7640625 0.3384259259259259 0.7622395833333333 0.2652777777777778 0.7627604166666667 0.2523148148148148 0.7653645833333333 0.24305555555555555 0.7721354166666666 0.23657407407407408 0.7794270833333333 0.23703703703703705
0 0.73828125 0.538425925925926 0.7455729166666667 0.5407407407407407 0.7497395833333333 0.5462962962962963 0.7510416666666667 0.6041666666666666 0.7486979166666666 0.6375 0.74453125 0.6430555555555556 0.7388020833333333 0.6449074074074074 0.7270833333333333 0.6412037037037037 0.7244791666666667 0.6319444444444444 0.7255208333333333 0.5458333333333333 0.7276041666666667 0.5412037037037037 0.7380208333333333 0.538425925925926
0 0.96171875 0.25 0.9705729166666667 0.25416666666666665 0.97421875 0.2611111111111111 0.9765625 0.2898148148148148 0.9747395833333333 0.3523148148148148 0.9721354166666667 0.3587962962962963 0.9643229166666667 0.36342592592592593 0.9526041666666667 0.36064814814814816 0.9440104166666666 0.3453703703703704 0.9455729166666667 0.30972222222222223 0.9442708333333333 0.2722222222222222 0.95 0.25416666666666665 0.9614583333333333 0.25
0 0.8158854166666667 0.5513888888888889 0.821875 0.5560185185185185 0.8244791666666667 0.5675925925925925 0.8260416666666667 0.6185185185185185 0.825 0.6550925925925926 0.8208333333333333 0.6611111111111111 0.8145833333333333 0.663425925925926 0.80390625 0.6620370370370371 0.7989583333333333 0.6555555555555556 0.7994791666666666 0.6162037037037037 0.796875 0.5726851851851852 0.8002604166666667 0.5527777777777778 0.815625 0.5513888888888889
0 0.6614583333333334 0.6958333333333333 0.6682291666666667 0.6972222222222222 0.6731770833333334 0.7027777777777777 0.6739583333333333 0.7407407407407407 0.6723958333333333 0.7898148148148149 0.6690104166666667 0.8037037037037037 0.6625 0.8111111111111111 0.64921875 0.8083333333333333 0.64609375 0.8037037037037037 0.6453125 0.7972222222222223 0.6466145833333333 0.7097222222222223 0.64921875 0.6986111111111111 0.6611979166666667 0.6958333333333333
0 0.68203125 0.3819444444444444 0.6859375 0.38564814814814813 0.6890625 0.39490740740740743 0.7049479166666667 0.4634259259259259 0.7036458333333333 0.4810185185185185 0.68984375 0.49166666666666664 0.6822916666666666 0.48842592592592593 0.6786458333333333 0.48009259259259257 0.6682291666666667 0.4375 0.6625 0.4050925925925926 0.6640625 0.3925925925925926 0.6677083333333333 0.387037037037037 0.6817708333333333 0.3819444444444444
0 0.77421875 0.6833333333333333 0.78359375 0.6842592592592592 0.7877604166666666 0.6888888888888889 0.79140625 0.725462962962963 0.7911458333333333 0.7925925925925926 0.7872395833333333 0.8018518518518518 0.7796875 0.8064814814814815 0.7674479166666667 0.8013888888888889 0.7640625 0.7898148148148149 0.7622395833333333 0.7148148148148148 0.76328125 0.6939814814814815 0.7651041666666667 0.6856481481481481 0.7739583333333333 0.6833333333333333
0 0.815625 0.23935185185185184 0.821875 0.2449074074074074 0.8234375 0.25462962962962965 0.825 0.31203703703703706 0.8221354166666667 0.32546296296296295 0.8119791666666667 0.3282407407407407 0.8033854166666666 0.3263888888888889 0.8005208333333333 0.32083333333333336 0.8020833333333334 0.29814814814814816 0.7989583333333333 0.25416666666666665 0.8002604166666667 0.24583333333333332 0.803125 0.2412037037037037 0.8153645833333333 0.23935185185185184
0 0.8981770833333333 0.25787037037037036 0.9041666666666667 0.26157407407407407 0.9078125 0.26851851851851855 0.9138020833333333 0.3 0.91171875 0.30925925925925923 0.9119791666666667 0.36203703703703705 0.9080729166666667 0.3680555555555556 0.8997395833333334 0.37083333333333335 0.8895833333333333 0.36944444444444446 0.88125 0.3587962962962963 0.8807291666666667 0.34953703703703703 0.8833333333333333 0.33796296296296297 0.8825520833333333 0.30416666666666664 0.878125 0.28703703703703703 0.8838541666666667 0.26296296296296295 0.88984375 0.25833333333333336 0.8979166666666667 0.25787037037037036
0 0.8166666666666667 0.6893518518518519 0.8221354166666667 0.6925925925925925 0.8255208333333334 0.7 0.8263020833333333 0.7717592592592593 0.8247395833333333 0.7925925925925926 0.815625 0.8 0.80390625 0.7967592592592593 0.7994791666666666 0.7865740740740741 0.7973958333333333 0.7078703703703704 0.7979166666666667 0.6995370370370371 0.8015625 0.6916666666666667 0.81640625 0.6893518518518519