0 0.8875 0.12175925925925926 0.89453125 0.125 0.89609375 0.1300925925925926 0.8986979166666667 0.19305555555555556 0.89765625 0.22777777777777777 0.8942708333333333 0.2361111111111111 0.88828125 0.2388888888888889 0.8752604166666667 0.23796296296296296 0.87109375 0.22777777777777777 0.8713541666666667 0.19583333333333333 0.86875 0.15138888888888888 0.8705729166666667 0.1337962962962963 0.8736979166666666 0.12546296296296297 0.8872395833333333 0.12175925925925926
0 0.81171875 0.10092592592592593 0.81796875 0.10601851851851851 0.8216145833333334 0.1162037037037037 0.8236979166666667 0.17175925925925925 0.8213541666666667 0.19583333333333333 0.8174479166666667 0.20046296296296295 0.8106770833333333 0.2023148148148148 0.80078125 0.2 0.79609375 0.19305555555555556 0.7973958333333333 0.16620370370370371 0.7958333333333333 0.12361111111111112 0.7966145833333333 0.11388888888888889 0.8005208333333333 0.10416666666666667 0.8114583333333333 0.10092592592592593
0 0.6263020833333334 0.6814814814814815 0.6302083333333334 0.6837962962962963 0.6341145833333334 0.6935185185185185 0.63671875 0.7657407407407407 0.6330729166666667 0.8027777777777778 0.6307291666666667 0.8083333333333333 0.6239583333333333 0.8111111111111111 0.6119791666666666 0.8092592592592592 0.60546875 0.8009259259259259 0.6044270833333333 0.7888888888888889 0.6059895833333333 0.7717592592592593 0.60390625 0.7476851851851852 0.609375 0.6907407407407408 0.6111979166666667 0.6856481481481481 0.6161458333333333 0.6819444444444445 0.6260416666666667 0.6814814814814815
0 0.7796875 0.23287037037037037 0.7872395833333333 0.23981481481481481 0.790625 0.25092592592592594 0.79140625 0.3125 0.7890625 0.3384259259259259 0.7856770833333333 0.34305555555555556 0.7768229166666667 0.3453703703703704 0.76796875 0.3425925925925926 0.7645833333333333 0.3351851851851852 0.7630208333333334 0.26342592592592595 0.7653645833333333 0.24166666666666667 0.7721354166666666 0.2337962962962963 0.7794270833333333 0.23287037037037037
0 0.39401041666666664 0.26157407407407407 0.40208333333333335 0.2662037037037037 0.40338541666666666 0.2833333333333333 0.39557291666666666 0.34814814814814815 0.39140625 0.3574074074074074 0.38723958333333336 0.36018518518518516 0.37734375 0.3574074074074074 0.37395833333333334 0.3523148148148148 0.3734375 0.324537037037037 0.3807291666666667 0.26481481481481484 0.38333333333333336 0.2611111111111111 0.39375 0.26157407407407407
0 0.70234375 0.2490740740740741 0.7083333333333334 0.2518518518518518 0.71171875 0.2587962962962963 0.7130208333333333 0.324537037037037 0.7109375 0.3486111111111111 0.7015625 0.3527777777777778 0.6924479166666667 0.35185185185185186 0.6877604166666667 0.34675925925925927 0.6859375 0.2828703703703704 0.68828125 0.25277777777777777 0.6921875 0.24953703703703703 0.7020833333333333 0.2490740740740741
0 0.70625 0.12268518518518519 0.709375 0.125 0.7111979166666667 0.13148148148148148 0.7111979166666667 0.20416666666666666 0.7083333333333334 0.2152777777777778 0.70234375 0.21898148148148147 0.6903645833333333 0.2175925925925926 0.6861979166666666 0.2101851851851852 0.6864583333333333 0.13194444444444445 0.6875 0.12638888888888888 0.6908854166666667 0.12268518518518519 0.7059895833333333 0.12268518518518519
0 0.9328125 0 0.975 0 0.9997395833333333 0.04212962962962963 0.9997395833333333 0.04675925925925926 0.9979166666666667 0.04722222222222222 0.9950520833333333 0.05787037037037037 0.9888020833333333 0.06805555555555555 0.984375 0.07222222222222222 0.9783854166666667 0.07083333333333333 0.94140625 0.020833333333333332 0.9356770833333333 0.016203703703703703 0.9328125 0.000462962962962963
0 0.8536458333333333 0.13240740740740742 0.8578125 0.13657407407407407 0.859375 0.14351851851851852 0.8604166666666667 0.20046296296296295 0.8578125 0.22361111111111112 0.8494791666666667 0.2310185185185185 0.83828125 0.23055555555555557 0.83359375 0.22407407407407406 0.8330729166666667 0.14212962962962963 0.8348958333333333 0.13425925925925927 0.8372395833333334 0.13240740740740742 0.8533854166666667 0.13240740740740742
0 0.7098958333333333 0.5550925925925926 0.71328125 0.5587962962962963 0.7145833333333333 0.5703703703703704 0.7145833333333333 0.6194444444444445 0.7111979166666667 0.6222222222222222 0.6979166666666666 0.6226851851851852 0.6924479166666667 0.6217592592592592 0.690625 0.6171296296296296 0.6919270833333333 0.5958333333333333 0.6908854166666667 0.5606481481481481 0.6950520833333333 0.5555555555555556 0.7096354166666666 0.5550925925925926
0 0.8661458333333333 0.6916666666666667 0.8703125 0.700925925925926 0.871875 0.7129629629629629 0.8731770833333333 0.7935185185185185 0.8700520833333333 0.8069444444444445 0.86328125 0.8101851851851852 0.8510416666666667 0.8078703703703703 0.8458333333333333 0.8004629629629629 0.8440104166666667 0.7888888888888889 0.8450520833333334 0.7675925925925926 0.8419270833333333 0.7087962962962963 0.8440104166666667 0.6981481481481482 0.8484375 0.6912037037037037 0.85703125 0.6888888888888889 0.8658854166666666 0.6916666666666667
0 0.9046875 0.4009259259259259 0.9486979166666667 0.425 0.9510416666666667 0.43194444444444446 0.9510416666666667 0.44537037037037036 0.9494791666666667 0.4537037037037037 0.9427083333333334 0.4675925925925926 0.9119791666666667 0.45694444444444443 0.8872395833333333 0.4425925925925926 0.88515625 0.4310185185185185 0.88828125 0.4083333333333333 0.8934895833333333 0.4009259259259259 0.9044270833333333 0.4009259259259259
0 0.6580729166666667 0.937962962962963 0.66484375 0.9416666666666667 0.6708333333333333 0.9569444444444445 0.6713541666666667 0.999537037037037 0.6434895833333333 0.999537037037037 0.6440104166666667 0.950462962962963 0.6473958333333333 0.9416666666666667 0.6578125 0.937962962962963
0 0.6309895833333333 0.23657407407407408 0.6364583333333333 0.24166666666666667 0.6388020833333333 0.2513888888888889 0.6380208333333334 0.300462962962963 0.6395833333333333 0.324537037037037 0.6369791666666667 0.3421296296296296 0.6265625 0.34814814814814815 0.6161458333333333 0.3458333333333333 0.6127604166666667 0.33935185185185185 0.61171875 0.2518518518518518 0.6127604166666667 0.24351851851851852 0.61796875 0.23703703703703705 0.6307291666666667 0.23657407407407408
0 0.5502604166666667 0.5324074074074074 0.5572916666666666 0.5342592592592592 0.5596354166666667 0.5393518518518519 0.56015625 0.6226851851851852 0.55625 0.6462962962962963 0.5502604166666667 0.6504629629629629 0.5364583333333334 0.6476851851851851 0.5322916666666667 0.6375 0.5354166666666667 0.5370370370370371 0.5393229166666667 0.5328703703703703 0.55 0.5324074074074074
0 0.6221354166666667 0.5393518518518519 0.6294270833333333 0.5425925925925926 0.63203125 0.5504629629629629 0.6356770833333333 0.6333333333333333 0.6338541666666667 0.65 0.63046875 0.6555555555555556 0.6236979166666666 0.6578703703703703 0.6122395833333333 0.6564814814814814 0.6083333333333333 0.649537037037037 0.60625 0.6305555555555555 0.6044270833333333 0.5611111111111111 0.6072916666666667 0.5430555555555555 0.621875 0.5393518518518519
0 0.74375 0.25277777777777777 0.7486979166666666 0.2587962962962963 0.7515625 0.27314814814814814 0.75390625 0.3453703703703704 0.7520833333333333 0.35324074074074074 0.74140625 0.3574074074074074 0.7328125 0.3560185185185185 0.7283854166666667 0.3486111111111111 0.7252604166666666 0.2722222222222222 0.7270833333333333 0.26157407407407407 0.7307291666666667 0.2550925925925926 0.7377604166666667 0.2513888888888889 0.7434895833333334 0.25277777777777777
0 0.6697916666666667 0.12129629629629629 0.6729166666666667 0.12407407407407407 0.6755208333333333 0.13657407407407407 0.6752604166666667 0.21342592592592594 0.671875 0.22546296296296298 0.6619791666666667 0.23472222222222222 0.65078125 0.23055555555555557 0.6466145833333333 0.22037037037037038 0.6494791666666667 0.14351851851851852 0.6510416666666666 0.1300925925925926 0.6544270833333333 0.12222222222222222 0.66953125 0.12129629629629629
0 0.7776041666666667 0.5481481481481482 0.7833333333333333 0.55 0.7880208333333333 0.5569444444444445 0.79140625 0.6111111111111112 0.7901041666666667 0.6472222222222223 0.7861979166666667 0.6541666666666667 0.77890625 0.6560185185185186 0.7690104166666667 0.6546296296296297 0.765625 0.6472222222222223 0.7619791666666667 0.5819444444444445 0.7630208333333334 0.5569444444444445 0.76875 0.55 0.77734375 0.5481481481481482
0 0.93046875 0.5481481481481482 0.9390625 0.5504629629629629 0.9434895833333333 0.5564814814814815 0.94765625 0.5879629629629629 0.9479166666666666 0.6606481481481481 0.9453125 0.6699074074074074 0.9380208333333333 0.6731481481481482 0.9244791666666666 0.6699074074074074 0.9213541666666667 0.663425925925926 0.91953125 0.6476851851851851 0.91640625 0.5625 0.92109375 0.5509259259259259 0.9302083333333333 0.5481481481481482
0 0.8942708333333333 0.5578703703703703 0.9028645833333333 0.562037037037037 0.90625 0.5703703703703704 0.9078125 0.6435185185185185 0.9059895833333333 0.6569444444444444 0.9018229166666667 0.6662037037037037 0.890625 0.6680555555555555 0.8822916666666667 0.6648148148148149 0.8799479166666667 0.6606481481481481 0.8783854166666667 0.6134259259259259 0.8791666666666667 0.5671296296296297 0.8815104166666666 0.5601851851851852 0.8940104166666667 0.5578703703703703
0 0.7049479166666667 0.6814814814814815 0.7104166666666667 0.6884259259259259 0.7125 0.6990740740740741 0.7122395833333334 0.7555555555555555 0.7104166666666667 0.7962962962962963 0.703125 0.8 0.6856770833333333 0.7962962962962963 0.6817708333333333 0.7898148148148149 0.6817708333333333 0.7814814814814814 0.6854166666666667 0.6893518518518519 0.68984375 0.6810185185185185 0.7046875 0.6814814814814815
0 0.7348958333333333 0.6902777777777778 0.7416666666666667 0.6921296296296297 0.7453125 0.6967592592592593 0.7481770833333333 0.7273148148148149 0.75 0.7763888888888889 0.7481770833333333 0.7847222222222222 0.7393229166666667 0.788425925925926 0.7286458333333333 0.787962962962963 0.725 0.7842592592592592 0.7203125 0.7240740740740741 0.7213541666666666 0.6967592592592593 0.7255208333333333 0.6921296296296297 0.7346354166666667 0.6902777777777778
0 0.5494791666666666 0.6759259259259259 0.5536458333333333 0.6824074074074075 0.5546875 0.6958333333333333 0.5546875 0.7708333333333334 0.55234375 0.7856481481481481 0.5440104166666667 0.7925925925925926 0.5333333333333333 0.7902777777777777 0.5283854166666667 0.7805555555555556 0.5270833333333333 0.6912037037037037 0.5286458333333334 0.6800925925925926 0.5317708333333333 0.6759259259259259 0.54921875 0.6759259259259259
0 0.6614583333333334 0.26342592592592595 0.6705729166666666 0.2675925925925926 0.6731770833333334 0.2810185185185185 0.671875 0.3425925925925926 0.6697916666666667 0.3490740740740741 0.66484375 0.3509259259259259 0.6505208333333333 0.35 0.646875 0.3435185185185185 0.6479166666666667 0.27361111111111114 0.6513020833333333 0.2652777777777778 0.6611979166666667 0.26342592592592595
0 0.8497395833333333 0.24537037037037038 0.8565104166666667 0.24861111111111112 0.8627604166666667 0.26157407407407407 0.8658854166666666 0.3074074074074074 0.86640625 0.33194444444444443 0.86484375 0.3449074074074074 0.8630208333333333 0.34953703703703703 0.8544270833333333 0.35185185185185186 0.84453125 0.35138888888888886 0.8401041666666667 0.3449074074074074 0.8348958333333333 0.27037037037037037 0.8348958333333333 0.2587962962962963 0.8385416666666666 0.25046296296296294 0.8494791666666667 0.24537037037037038
0 0.8033854166666666 0.40324074074074073 0.8401041666666667 0.4111111111111111 0.8427083333333333 0.42083333333333334 0.8424479166666666 0.4425925925925926 0.8395833333333333 0.45092592592592595 0.8333333333333334 0.45416666666666666 0.7872395833333333 0.449537037037037 0.77578125 0.44351851851851853 0.77265625 0.4337962962962963 0.7721354166666666 0.4222222222222222 0.7763020833333333 0.4060185185185185 0.78359375 0.4009259259259259 0.803125 0.40324074074074073
0 0.7799479166666666 0.11712962962962963 0.7833333333333333 0.11990740740740741 0.784375 0.12546296296296297 0.7864583333333334 0.20046296296296295 0.7830729166666667 0.2152777777777778 0.7763020833333333 0.22083333333333333 0.7661458333333333 0.21712962962962962 0.759375 0.2064814814814815 0.7575520833333333 0.13194444444444445 0.7619791666666667 0.11851851851851852 0.7796875 0.11712962962962963
0 0.74921875 0.45787037037037037 0.7822916666666667 0.4699074074074074 0.7932291666666667 0.4773148148148148 0.79609375 0.48657407407407405 0.7940104166666667 0.5106481481481482 0.7919270833333333 0.5152777777777777 0.7861979166666667 0.5185185185185185 0.75859375 0.5115740740740741 0.734375 0.5 0.7309895833333333 0.48935185185185187 0.7341145833333333 0.4634259259259259 0.7408854166666666 0.45694444444444443 0.7489583333333333 0.45787037037037037
0 0.96015625 0.12175925925925926 0.9713541666666666 0.12777777777777777 0.9752604166666666 0.13703703703703704 0.97578125 0.1439814814814815 0.9760416666666667 0.21898148148148147 0.9705729166666667 0.2310185185185185 0.9635416666666666 0.23425925925925925 0.9552083333333333 0.2310185185185185 0.9484375 0.2199074074074074 0.94609375 0.15416666666666667 0.9463541666666667 0.14074074074074075 0.9494791666666667 0.12916666666666668 0.9598958333333333 0.12175925925925926
0 0.7395833333333334 0.5356481481481481 0.74921875 0.5398148148148149 0.7510416666666667 0.5560185185185185 0.7497395833333333 0.6314814814814815 0.7479166666666667 0.6370370370370371 0.73984375 0.6412037037037037 0.7276041666666667 0.6375 0.7252604166666666 0.6240740740740741 0.7263020833333333 0.5425925925925926 0.73046875 0.5365740740740741 0.7393229166666667 0.5356481481481481
0 0.6291666666666667 0.1037037037037037 0.6348958333333333 0.11018518518518519 0.6369791666666667 0.11898148148148148 0.63828125 0.14351851851851852 0.6372395833333333 0.2 0.634375 0.21064814814814814 0.6247395833333333 0.2162037037037037 0.6151041666666667 0.21388888888888888 0.6106770833333334 0.20277777777777778 0.6114583333333333 0.11898148148148148 0.6122395833333333 0.1125 0.6166666666666667 0.10555555555555556 0.6221354166666667 0.10231481481481482 0.62890625 0.1037037037037037
0 0.8596354166666667 0.5518518518518518 0.86640625 0.5550925925925926 0.8692708333333333 0.5662037037037037 0.8677083333333333 0.6300925925925925 0.8651041666666667 0.6638888888888889 0.86015625 0.6722222222222223 0.8557291666666667 0.674074074074074 0.8408854166666667 0.6689814814814815 0.83828125 0.6615740740740741 0.8380208333333333 0.6435185185185185 0.8411458333333334 0.5814814814814815 0.84375 0.5606481481481481 0.8486979166666667 0.5513888888888889 0.859375 0.5518518518518518
0 0.8197916666666667 0.549074074074074 0.8234375 0.5564814814814815 0.8255208333333334 0.5787037037037037 0.8260416666666667 0.6472222222222223 0.82421875 0.6550925925925926 0.8177083333333334 0.6587962962962963 0.8044270833333333 0.6578703703703703 0.79921875 0.6513888888888889 0.7979166666666667 0.5657407407407408 0.79921875 0.5523148148148148 0.8013020833333333 0.5486111111111112 0.8140625 0.5467592592592593 0.81953125 0.549074074074074
0 0.5953125 0.11990740740740741 0.5997395833333333 0.12453703703703704 0.6005208333333333 0.13055555555555556 0.6005208333333333 0.19953703703703704 0.5986979166666667 0.22037037037037038 0.5895833333333333 0.2310185185185185 0.5783854166666667 0.22777777777777777 0.5729166666666666 0.21666666666666667 0.5752604166666667 0.1287037037037037 0.5765625 0.12268518518518519 0.5799479166666667 0.11944444444444445 0.5950520833333334 0.11990740740740741
0 0.6690104166666667 0.6930555555555555 0.6729166666666667 0.6958333333333333 0.6744791666666666 0.7050925925925926 0.6734375 0.7828703703703703 0.6690104166666667 0.799537037037037 0.6625 0.8069444444444445 0.6502604166666667 0.8050925925925926 0.6455729166666667 0.7967592592592593 0.64609375 0.7189814814814814 0.6471354166666666 0.7060185185185185 0.6505208333333333 0.6935185185185185 0.66875 0.6930555555555555
0 0.7763020833333333 0.6787037037037037 0.7869791666666667 0.6819444444444445 0.7908854166666667 0.6949074074074074 0.7924479166666667 0.7833333333333333 0.7875 0.7981481481481482 0.7802083333333333 0.8023148148148148 0.77109375 0.8004629629629629 0.7653645833333333 0.7930555555555555 0.76328125 0.7555555555555555 0.7627604166666667 0.6981481481481482 0.7640625 0.6856481481481481 0.7690104166666667 0.6791666666666667 0.7760416666666666 0.6787037037037037
0 0.5864583333333333 0.6875 0.5940104166666667 0.6921296296296297 0.5963541666666666 0.7023148148148148 0.59609375 0.7439814814814815 0.59453125 0.7513888888888889 0.5955729166666667 0.7699074074074074 0.5924479166666666 0.8046296296296296 0.58828125 0.8125 0.5828125 0.8152777777777778 0.5708333333333333 0.8125 0.5671875 0.8069444444444445 0.5661458333333333 0.7967592592592593 0.5684895833333333 0.7736111111111111 0.5674479166666667 0.7620370370370371 0.5703125 0.6949074074074074 0.5744791666666667 0.687962962962963 0.5861979166666667 0.6875
0 0.81484375 0.2361111111111111 0.8221354166666667 0.2412037037037037 0.8247395833333333 0.25555555555555554 0.82578125 0.2800925925925926 0.825 0.31805555555555554 0.821875 0.3226851851851852 0.8161458333333333 0.324537037037037 0.8072916666666666 0.32407407407407407 0.8015625 0.3175925925925926 0.8018229166666667 0.28194444444444444 0.7994791666666666 0.25555555555555554 0.8002604166666667 0.24444444444444444 0.803125 0.2388888888888889 0.8145833333333333 0.2361111111111111
0 0.89921875 0.25462962962962965 0.9049479166666666 0.25787037037037036 0.91015625 0.2722222222222222 0.9138020833333333 0.2962962962962963 0.9125 0.30277777777777776 0.9135416666666667 0.3388888888888889 0.9114583333333334 0.36157407407407405 0.90546875 0.36666666666666664 0.89765625 0.3675925925925926 0.8875 0.36527777777777776 0.8815104166666666 0.35555555555555557 0.8828125 0.3023148148148148 0.87890625 0.2824074074074074 0.88125 0.2689814814814815 0.8856770833333333 0.25787037037037036 0.8903645833333333 0.25462962962962965 0.8989583333333333 0.25462962962962965
0 0.5924479166666666 0.23981481481481481 0.5997395833333333 0.24444444444444444 0.6015625 0.27314814814814814 0.6059895833333333 0.27685185185185185 0.6059895833333333 0.2828703703703704 0.60078125 0.3 0.60234375 0.3106481481481482 0.60234375 0.3490740740740741 0.5979166666666667 0.3625 0.5921875 0.36574074074074076 0.58125 0.36527777777777776 0.57578125 0.3578703703703704 0.5739583333333333 0.350462962962963 0.5734375 0.32314814814814813 0.5638020833333334 0.3055555555555556 0.56484375 0.2972222222222222 0.5674479166666667 0.2962962962962963 0.57109375 0.3023148148148148 0.5736979166666667 0.29907407407407405 0.5744791666666667 0.25787037037037036 0.5768229166666666 0.24444444444444444 0.5815104166666667 0.24027777777777778 0.5921875 0.23981481481481481
0 0.9645833333333333 0.24675925925925926 0.9716145833333333 0.25092592592592594 0.9752604166666666 0.25925925925925924 0.97734375 0.2861111111111111 0.9763020833333333 0.3125 0.9776041666666667 0.32731481481481484 0.9739583333333334 0.3537037037037037 0.9705729166666667 0.35833333333333334 0.9640625 0.36064814814814816 0.9565104166666667 0.3597222222222222 0.9486979166666667 0.35324074074074074 0.9447916666666667 0.3453703703703704 0.94453125 0.3347222222222222 0.94609375 0.26064814814814813 0.9528645833333333 0.2490740740740741 0.9643229166666667 0.24675925925925926
0 0.8153645833333333 0.6851851851851852 0.8221354166666667 0.687962962962963 0.82578125 0.6953703703703704 0.8265625 0.725925925925926 0.8252604166666667 0.7888888888888889 0.81640625 0.7953703703703704 0.8020833333333334 0.7912037037037037 0.7989583333333333 0.7824074074074074 0.7981770833333334 0.7689814814814815 0.7997395833333333 0.7527777777777778 0.7984375 0.6953703703703704 0.80390625 0.6865740740740741 0.8151041666666666 0.6851851851851852