0 0.8880208333333334 0.12453703703703704 0.89375 0.12777777777777777 0.8955729166666667 0.1337962962962963 0.8986979166666667 0.19953703703703704 0.89609375 0.23472222222222222 0.89375 0.2388888888888889 0.8861979166666667 0.2412037037037037 0.875 0.23981481481481481 0.8703125 0.22870370370370371 0.86875 0.15046296296296297 0.8697916666666666 0.13703703703703704 0.87265625 0.1287037037037037 0.8765625 0.125 0.8877604166666667 0.12453703703703704
0 0.8111979166666666 0.10324074074074074 0.8145833333333333 0.10462962962962963 0.8197916666666667 0.11481481481481481 0.8231770833333333 0.15185185185185185 0.8208333333333333 0.19583333333333333 0.8177083333333334 0.20185185185185187 0.8122395833333333 0.20462962962962963 0.8005208333333333 0.20324074074074075 0.7955729166666666 0.19537037037037036 0.7971354166666667 0.16712962962962963 0.79375 0.13194444444444445 0.7947916666666667 0.12037037037037036 0.8002604166666667 0.10648148148148148 0.8109375 0.10324074074074074
0 0.6286458333333333 0.6851851851851852 0.6338541666666667 0.6958333333333333 0.6356770833333333 0.7236111111111111 0.634375 0.7976851851851852 0.6302083333333334 0.8111111111111111 0.6200520833333333 0.8143518518518519 0.6096354166666667 0.8111111111111111 0.6052083333333333 0.8027777777777778 0.60625 0.7777777777777778 0.60390625 0.7481481481481481 0.6088541666666667 0.6921296296296297 0.61484375 0.6851851851851852 0.6283854166666667 0.6851851851851852
0 0.7765625 0.5504629629629629 0.784375 0.5537037037037037 0.7880208333333333 0.5606481481481481 0.7908854166666667 0.6333333333333333 0.7885416666666667 0.6532407407407408 0.7768229166666667 0.6592592592592592 0.7697916666666667 0.6578703703703703 0.7653645833333333 0.6504629629629629 0.76171875 0.5912037037037037 0.7619791666666667 0.562962962962963 0.7635416666666667 0.5569444444444445 0.7763020833333333 0.5504629629629629
0 0.74140625 0.25462962962962965 0.7489583333333333 0.2625 0.7510416666666667 0.27314814814814814 0.7533854166666667 0.3476851851851852 0.7505208333333333 0.35648148148148145 0.7385416666666667 0.3597222222222222 0.7307291666666667 0.35694444444444445 0.72734375 0.3490740740740741 0.7278645833333334 0.32037037037037036 0.7247395833333333 0.2726851851851852 0.7302083333333333 0.2574074074074074 0.7411458333333333 0.25462962962962965
0 0.70390625 0.2518518518518518 0.7080729166666667 0.25462962962962965 0.7111979166666667 0.26342592592592595 0.7111979166666667 0.34675925925925927 0.7067708333333333 0.35462962962962963 0.6997395833333333 0.35648148148148145 0.6921875 0.35509259259259257 0.6872395833333333 0.3490740740740741 0.6854166666666667 0.2675925925925926 0.6861979166666666 0.25925925925925924 0.6890625 0.25277777777777777 0.7036458333333333 0.2518518518518518
0 0.96015625 0.12407407407407407 0.97109375 0.1300925925925926 0.9747395833333333 0.14212962962962963 0.9752604166666666 0.22361111111111112 0.9713541666666666 0.23194444444444445 0.9661458333333334 0.23564814814814813 0.9526041666666667 0.23194444444444445 0.9486979166666667 0.2263888888888889 0.9463541666666667 0.21712962962962962 0.94609375 0.14074074074074075 0.9494791666666667 0.1300925925925926 0.9598958333333333 0.12407407407407407
0 0.8505208333333333 0.13425925925925927 0.85625 0.13703703703703704 0.8591145833333333 0.1439814814814815 0.8588541666666667 0.2162037037037037 0.8578125 0.22361111111111112 0.8541666666666666 0.23055555555555557 0.8453125 0.2337962962962963 0.8348958333333333 0.2310185185185185 0.8322916666666667 0.22453703703703703 0.8325520833333333 0.14444444444444443 0.8356770833333333 0.13518518518518519 0.8502604166666666 0.13425925925925927
0 0.8161458333333333 0.55 0.8221354166666667 0.5555555555555556 0.8244791666666667 0.5680555555555555 0.8260416666666667 0.6277777777777778 0.8247395833333333 0.6555555555555556 0.8213541666666667 0.6601851851851852 0.8151041666666666 0.6620370370370371 0.80390625 0.6606481481481481 0.7989583333333333 0.6541666666666667 0.7994791666666666 0.6157407407407407 0.796875 0.5731481481481482 0.8 0.5518518518518518 0.8158854166666667 0.55
0 0.8645833333333334 0.6925925925925925 0.86953125 0.700925925925926 0.8713541666666667 0.711574074074074 0.8731770833333333 0.7768518518518519 0.8716145833333333 0.8069444444444445 0.8635416666666667 0.8125 0.84921875 0.8097222222222222 0.8442708333333333 0.7972222222222223 0.8442708333333333 0.7393518518518518 0.8416666666666667 0.7092592592592593 0.84453125 0.6990740740740741 0.8489583333333334 0.6935185185185185 0.8643229166666667 0.6925925925925925
0 0.91015625 0.40370370370370373 0.9526041666666667 0.42777777777777776 0.959375 0.4351851851851852 0.9606770833333333 0.4398148148148148 0.9598958333333333 0.45694444444444443 0.9565104166666667 0.4703703703703704 0.953125 0.475462962962963 0.9458333333333333 0.475 0.9307291666666667 0.4671296296296296 0.89765625 0.4462962962962963 0.8947916666666667 0.4388888888888889 0.89765625 0.4152777777777778 0.9010416666666666 0.40694444444444444 0.9098958333333333 0.40370370370370373
0 0.5513020833333333 0.5356481481481481 0.5572916666666666 0.537962962962963 0.559375 0.5421296296296296 0.5578125 0.6013888888888889 0.5588541666666667 0.6185185185185185 0.5567708333333333 0.6467592592592593 0.5549479166666667 0.6509259259259259 0.5502604166666667 0.6532407407407408 0.5361979166666667 0.6509259259259259 0.5328125 0.6467592592592593 0.5315104166666667 0.6365740740740741 0.534375 0.5995370370370371 0.5348958333333333 0.5398148148148149 0.5395833333333333 0.5351851851851852 0.5510416666666667 0.5356481481481481
0 0.6234375 0.5421296296296296 0.6299479166666667 0.5467592592592593 0.6317708333333333 0.5555555555555556 0.6348958333333333 0.6439814814814815 0.6307291666666667 0.6574074074074074 0.6231770833333333 0.6611111111111111 0.6119791666666666 0.6597222222222222 0.6072916666666667 0.6509259259259259 0.6044270833333333 0.5768518518518518 0.6057291666666667 0.5481481481481482 0.6119791666666666 0.5425925925925926 0.6231770833333333 0.5421296296296296
0 0.66328125 0.12268518518518519 0.671875 0.12638888888888888 0.6744791666666666 0.13425925925925927 0.675 0.2101851851851852 0.6736979166666667 0.22592592592592592 0.6619791666666667 0.2375 0.6502604166666667 0.23425925925925925 0.6473958333333333 0.2300925925925926 0.6458333333333334 0.22037037037037038 0.65 0.13518518518518519 0.6541666666666667 0.12453703703703704 0.6630208333333333 0.12268518518518519
0 0.85390625 0.5532407407407407 0.8669270833333333 0.5583333333333333 0.8690104166666667 0.5699074074074074 0.8666666666666667 0.6574074074074074 0.8643229166666667 0.6680555555555555 0.8567708333333334 0.6763888888888889 0.8411458333333334 0.6717592592592593 0.8375 0.6578703703703703 0.8419270833333333 0.5699074074074074 0.846875 0.5555555555555556 0.8536458333333333 0.5532407407407407
0 0.596875 0.12361111111111112 0.5994791666666667 0.12824074074074074 0.6002604166666666 0.13703703703703704 0.5994791666666667 0.21805555555555556 0.59296875 0.23055555555555557 0.5864583333333333 0.23333333333333334 0.5776041666666667 0.23055555555555557 0.5721354166666667 0.21851851851851853 0.5744791666666667 0.1300925925925926 0.57734375 0.12314814814814815 0.58125 0.12129629629629629 0.5966145833333333 0.12361111111111112
0 0.8942708333333333 0.5601851851851852 0.9010416666666666 0.562962962962963 0.90546875 0.5699074074074074 0.9078125 0.6393518518518518 0.9046875 0.6643518518518519 0.9010416666666666 0.6689814814814815 0.89453125 0.6703703703703704 0.884375 0.6689814814814815 0.8807291666666667 0.6652777777777777 0.8783854166666667 0.6134259259259259 0.8796875 0.5648148148148148 0.8869791666666667 0.5601851851851852 0.8940104166666667 0.5601851851851852
0 0.5815104166666667 0.6893518518518519 0.5940104166666667 0.6953703703703704 0.5966145833333333 0.7083333333333334 0.5934895833333333 0.7638888888888888 0.5942708333333333 0.7837962962962963 0.5927083333333333 0.8037037037037037 0.5901041666666667 0.812962962962963 0.5846354166666666 0.8185185185185185 0.5744791666666667 0.8180555555555555 0.57109375 0.8162037037037037 0.56640625 0.8069444444444445 0.5677083333333334 0.7824074074074074 0.56640625 0.7652777777777777 0.5690104166666666 0.7458333333333333 0.5697916666666667 0.7027777777777777 0.5731770833333333 0.6916666666666667 0.58125 0.6898148148148148
0 0.70703125 0.5569444444444445 0.7125 0.5611111111111111 0.7143229166666667 0.5787037037037037 0.7145833333333333 0.6203703703703703 0.7135416666666666 0.6240740740740741 0.7104166666666667 0.625 0.6927083333333334 0.625 0.6901041666666666 0.6162037037037037 0.6908854166666667 0.5606481481481481 0.6966145833333334 0.5569444444444445 0.7067708333333333 0.5569444444444445
0 0.7065104166666667 0.6856481481481481 0.7104166666666667 0.6916666666666667 0.7122395833333334 0.7013888888888888 0.7119791666666667 0.749537037037037 0.7104166666666667 0.7953703703703704 0.7057291666666666 0.8013888888888889 0.6877604166666667 0.8004629629629629 0.68359375 0.7972222222222223 0.6815104166666667 0.7898148148148149 0.6854166666666667 0.6898148148148148 0.6919270833333333 0.6828703703703703 0.70625 0.6856481481481481
0 0.7385416666666667 0.6935185185185185 0.7424479166666667 0.6953703703703704 0.7463541666666667 0.7074074074074074 0.7494791666666667 0.7800925925925926 0.7484375 0.7865740740740741 0.7447916666666666 0.7898148148148149 0.7322916666666667 0.7912037037037037 0.7263020833333333 0.7902777777777777 0.7236979166666667 0.7842592592592592 0.71953125 0.7050925925925926 0.7203125 0.7 0.7239583333333334 0.6958333333333333 0.73828125 0.6935185185185185
0 0.54453125 0.6768518518518518 0.5536458333333333 0.6856481481481481 0.55546875 0.7657407407407407 0.5528645833333333 0.7865740740740741 0.5484375 0.7935185185185185 0.5440104166666667 0.7953703703703704 0.5330729166666667 0.7935185185185185 0.52890625 0.788425925925926 0.5263020833333333 0.7402777777777778 0.5276041666666667 0.6851851851851852 0.5330729166666667 0.6782407407407407 0.5442708333333334 0.6768518518518518
0 0.43671875 0.05324074074074074 0.44244791666666666 0.05925925925925926 0.4505208333333333 0.07453703703703704 0.45 0.08888888888888889 0.43645833333333334 0.10648148148148148 0.42135416666666664 0.13425925925925927 0.4153645833333333 0.13935185185185187 0.40859375 0.13703703703703704 0.4041666666666667 0.1300925925925926 0.40182291666666664 0.12314814814814815 0.40234375 0.1087962962962963 0.42083333333333334 0.07268518518518519 0.42890625 0.059722222222222225 0.43645833333333334 0.05324074074074074
0 0.9955729166666667 0.02638888888888889 0.9997395833333333 0.026851851851851852 0.9997395833333333 0.12083333333333333 0.9973958333333334 0.12314814814814815 0.9979166666666667 0.13055555555555556 0.9997395833333333 0.1310185185185185 0.9997395833333333 0.14074074074074075 0.9947916666666666 0.13657407407407407 0.9901041666666667 0.12638888888888888 0.9838541666666667 0.07407407407407407 0.9786458333333333 0.05416666666666667 0.98203125 0.03611111111111111 0.9953125 0.02638888888888889
0 0.6283854166666667 0.23842592592592593 0.6348958333333333 0.24166666666666667 0.6380208333333334 0.2513888888888889 0.6369791666666667 0.3013888888888889 0.6388020833333333 0.32546296296296295 0.6372395833333333 0.34444444444444444 0.6268229166666667 0.3509259259259259 0.6158854166666666 0.34953703703703703 0.6119791666666666 0.3421296296296296 0.6111979166666667 0.26157407407407407 0.6127604166666667 0.24444444444444444 0.6192708333333333 0.2388888888888889 0.628125 0.23842592592592593
0 0.9018229166666667 0.25833333333333336 0.9078125 0.26666666666666666 0.9138020833333333 0.3 0.9119791666666667 0.3037037037037037 0.9119791666666667 0.36018518518518516 0.9078125 0.36712962962962964 0.9 0.3699074074074074 0.8869791666666667 0.36712962962962964 0.8809895833333333 0.3560185185185185 0.8830729166666667 0.3365740740740741 0.8825520833333333 0.30462962962962964 0.88125 0.29305555555555557 0.878125 0.28564814814814815 0.8802083333333334 0.2726851851851852 0.8848958333333333 0.26064814814814813 0.890625 0.2569444444444444 0.9015625 0.25833333333333336
0 0.77578125 0.11898148148148148 0.78046875 0.12083333333333333 0.78359375 0.1259259259259259 0.7859375 0.20092592592592592 0.7830729166666667 0.21666666666666667 0.7731770833333333 0.22407407407407406 0.7635416666666667 0.22037037037037038 0.7625 0.21342592592592594 0.7580729166666667 0.2101851851851852 0.7567708333333333 0.13564814814814816 0.75859375 0.1259259259259259 0.7614583333333333 0.12129629629629629 0.7755208333333333 0.11898148148148148
0 0.8013020833333333 0.40370370370370373 0.8309895833333333 0.40925925925925927 0.8408854166666667 0.4148148148148148 0.84296875 0.4287037037037037 0.8419270833333333 0.4486111111111111 0.8393229166666667 0.4537037037037037 0.8325520833333333 0.45740740740740743 0.7841145833333333 0.45231481481481484 0.7755208333333333 0.44675925925925924 0.7723958333333333 0.43703703703703706 0.7721354166666666 0.42453703703703705 0.7763020833333333 0.4078703703703704 0.78125 0.4041666666666667 0.8010416666666667 0.40370370370370373
0 0.9322916666666666 0.55 0.94140625 0.5550925925925926 0.9463541666666667 0.5736111111111111 0.9473958333333333 0.662962962962963 0.9442708333333333 0.6717592592592593 0.9377604166666667 0.675 0.928125 0.674074074074074 0.9229166666666667 0.6703703703703704 0.9205729166666666 0.6648148148148149 0.9182291666666667 0.6439814814814815 0.9174479166666667 0.6152777777777778 0.9190104166666667 0.6050925925925926 0.9166666666666666 0.5898148148148148 0.91640625 0.5606481481481481 0.9216145833333333 0.5523148148148148 0.93203125 0.55
0 0.6635416666666667 0.9740740740740741 0.67109375 0.9879629629629629 0.6723958333333333 0.999537037037037 0.6432291666666666 0.999537037037037 0.6440104166666667 0.9884259259259259 0.6473958333333333 0.9763888888888889 0.6565104166666667 0.9726851851851852 0.66328125 0.9740740740740741
0 0.8520833333333333 0.24814814814814815 0.8567708333333334 0.25092592592592594 0.8619791666666666 0.2625 0.8661458333333333 0.33611111111111114 0.8627604166666667 0.3527777777777778 0.8489583333333334 0.35509259259259257 0.8416666666666667 0.3527777777777778 0.8385416666666666 0.34120370370370373 0.8341145833333333 0.26805555555555555 0.8348958333333333 0.25833333333333336 0.8380208333333333 0.25277777777777777 0.8453125 0.24814814814814815 0.8518229166666667 0.24814814814814815
0 0.7776041666666667 0.23564814814814813 0.7830729166666667 0.23796296296296296 0.7877604166666666 0.24444444444444444 0.7903645833333334 0.26157407407407407 0.78984375 0.3351851851851852 0.7877604166666666 0.34305555555555556 0.78046875 0.3472222222222222 0.7677083333333333 0.34444444444444444 0.7651041666666667 0.34120370370370373 0.7635416666666667 0.33055555555555555 0.76328125 0.24814814814814815 0.7684895833333333 0.23842592592592593 0.77734375 0.23564814814814813
0 0.7395833333333334 0.537962962962963 0.74765625 0.5412037037037037 0.75 0.5458333333333333 0.7497395833333333 0.5916666666666667 0.7513020833333334 0.6055555555555555 0.7489583333333333 0.6370370370370371 0.7393229166666667 0.6439814814814815 0.73046875 0.6425925925925926 0.72578125 0.637962962962963 0.72578125 0.6106481481481482 0.7239583333333334 0.6023148148148149 0.7260416666666667 0.5435185185185185 0.7307291666666667 0.5388888888888889 0.7393229166666667 0.537962962962963
0 0.6231770833333333 0.10462962962962963 0.63046875 0.10694444444444444 0.634375 0.11157407407407408 0.6372395833333333 0.13240740740740742 0.6369791666666667 0.19953703703703704 0.6348958333333333 0.2111111111111111 0.628125 0.2175925925925926 0.6184895833333334 0.21805555555555556 0.6127604166666667 0.21481481481481482 0.6104166666666667 0.20787037037037037 0.6119791666666666 0.1486111111111111 0.6106770833333334 0.11898148148148148 0.61484375 0.1087962962962963 0.6229166666666667 0.1050925925925926
0 0.9635416666666666 0.24953703703703703 0.9708333333333333 0.25324074074074077 0.97421875 0.25972222222222224 0.9763020833333333 0.29305555555555557 0.97421875 0.3527777777777778 0.9716145833333333 0.3587962962962963 0.9627604166666667 0.362962962962963 0.9513020833333333 0.3587962962962963 0.9442708333333333 0.3458333333333333 0.9455729166666667 0.29583333333333334 0.9440104166666666 0.2726851851851852 0.9497395833333333 0.2537037037037037 0.953125 0.25046296296296294 0.96328125 0.24953703703703703
0 0.6625 0.2657407407407407 0.6708333333333333 0.27175925925925926 0.6729166666666667 0.29305555555555557 0.67109375 0.3439814814814815 0.6690104166666667 0.35138888888888886 0.66484375 0.3537037037037037 0.65078125 0.35324074074074074 0.6479166666666667 0.35138888888888886 0.6463541666666667 0.3458333333333333 0.64765625 0.274537037037037 0.6505208333333333 0.2675925925925926 0.6622395833333333 0.2657407407407407
0 0.6643229166666667 0.6953703703703704 0.671875 0.6986111111111111 0.6734375 0.7023148148148148 0.6736979166666667 0.7555555555555555 0.671875 0.7925925925925926 0.66640625 0.8078703703703703 0.6614583333333334 0.8101851851851852 0.65078125 0.8083333333333333 0.6463541666666667 0.8023148148148148 0.6453125 0.7472222222222222 0.6463541666666667 0.711574074074074 0.6494791666666667 0.6958333333333333 0.6640625 0.6953703703703704
0 0.6822916666666666 0.3907407407407407 0.68984375 0.3972222222222222 0.703125 0.4388888888888889 0.7106770833333333 0.46805555555555556 0.7104166666666667 0.487962962962963 0.7015625 0.4981481481481482 0.6916666666666667 0.49907407407407406 0.6854166666666667 0.487962962962963 0.6752604166666667 0.45740740740740743 0.6661458333333333 0.4217592592592593 0.665625 0.4083333333333333 0.6713541666666667 0.3972222222222222 0.68203125 0.3912037037037037
0 0.7723958333333333 0.6814814814814815 0.7854166666666667 0.6842592592592592 0.7901041666666667 0.6958333333333333 0.7921875 0.7787037037037037 0.7901041666666667 0.7958333333333333 0.7841145833333333 0.8037037037037037 0.7752604166666667 0.8046296296296296 0.7677083333333333 0.8004629629629629 0.7640625 0.7902777777777777 0.7625 0.6981481481481482 0.76484375 0.6851851851851852 0.7721354166666666 0.6819444444444445
0 0.703125 0.12407407407407407 0.7080729166666667 0.1259259259259259 0.7106770833333333 0.1361111111111111 0.7106770833333333 0.20694444444444443 0.7080729166666667 0.2175925925925926 0.6981770833333333 0.22175925925925927 0.68984375 0.22037037037037038 0.6854166666666667 0.21203703703703702 0.6856770833333333 0.1337962962962963 0.6890625 0.12638888888888888 0.7028645833333333 0.12407407407407407
0 0.81484375 0.23796296296296296 0.82109375 0.24212962962962964 0.8236979166666667 0.25555555555555554 0.8255208333333334 0.3143518518518518 0.8231770833333333 0.32407407407407407 0.8111979166666666 0.32731481481481484 0.8036458333333333 0.32546296296296295 0.8010416666666667 0.32037037037037036 0.8018229166666667 0.2898148148148148 0.7989583333333333 0.25277777777777777 0.8 0.2449074074074074 0.8026041666666667 0.24074074074074073 0.8145833333333333 0.23796296296296296
0 0.58984375 0.24259259259259258 0.59921875 0.24814814814814815 0.6 0.2638888888888889 0.60234375 0.27175925925925926 0.6091145833333333 0.2722222222222222 0.6015625 0.3013888888888889 0.6010416666666667 0.35555555555555557 0.59609375 0.3648148148148148 0.58984375 0.3680555555555556 0.5809895833333333 0.3675925925925926 0.575 0.36157407407407405 0.5723958333333333 0.32916666666666666 0.5630208333333333 0.3060185185185185 0.5640625 0.2986111111111111 0.56796875 0.2962962962962963 0.5713541666666667 0.30092592592592593 0.5729166666666666 0.2972222222222222 0.5739583333333333 0.26435185185185184 0.5763020833333333 0.24768518518518517 0.5815104166666667 0.24305555555555555 0.5895833333333333 0.24259259259259258
0 0.8169270833333333 0.687962962962963 0.8216145833333334 0.6907407407407408 0.8255208333333334 0.6981481481481482 0.8263020833333333 0.7620370370370371 0.8247395833333333 0.7912037037037037 0.8158854166666667 0.7986111111111112 0.80625 0.7972222222222223 0.8013020833333333 0.7930555555555555 0.7981770833333334 0.7814814814814814 0.7981770833333334 0.7606481481481482 0.7997395833333333 0.7384259259259259 0.7989583333333333 0.6958333333333333 0.8036458333333333 0.6888888888888889 0.8166666666666667 0.687962962962963