0 0.42864583333333334 0.28888888888888886 0.05520833333333333 0.040740740740740744
0 0.10989583333333333 0.337037037037037 0.057291666666666664 0.040740740740740744
0 0.115625 0.287962962962963 0.052083333333333336 0.04259259259259259
0 0.9390625 0.3888888888888889 0.065625 0.040740740740740744
0 0.9375 0.575 0.05625 0.04259259259259259
0 0.5880208333333333 0.24074074074074073 0.06354166666666666 0.044444444444444446
0 0.93125 0.25092592592592594 0.05 0.03888888888888889
0 0.8833333333333333 0.5314814814814814 0.06041666666666667 0.037037037037037035
0 0.759375 0.337037037037037 0.05416666666666667 0.040740740740740744
0 0.9427083333333334 0.4361111111111111 0.0625 0.03888888888888889
0 0.6947916666666667 0.5398148148148149 0.06458333333333334 0.05
0 0.4270833333333333 0.7759259259259259 0.058333333333333334 0.040740740740740744
0 0.7015625 0.24074074074074073 0.05520833333333333 0.044444444444444446
0 0.21614583333333334 0.575 0.051041666666666666 0.03888888888888889
0 0.8859375 0.48518518518518516 0.06770833333333333 0.037037037037037035
0 0.875 0.3425925925925926 0.05625 0.040740740740740744
0 0.6442708333333333 0.10277777777777777 0.040625 0.1037037037037037
0 0.2671875 0.3351851851851852 0.051041666666666666 0.037037037037037035
0 0.7598958333333333 0.8712962962962963 0.06770833333333333 0.04259259259259259
0 0.2708333333333333 0.24351851851851852 0.05416666666666667 0.03888888888888889
0 0.5989583333333334 0.5805555555555556 0.05416666666666667 0.03888888888888889
0 0.8744791666666667 0.25555555555555554 0.05520833333333333 0.044444444444444446
0 0.8760416666666667 0.4324074074074074 0.06041666666666667 0.046296296296296294
0 0.7645833333333333 0.725 0.05625 0.03148148148148148
0 0.58125 0.5296296296296297 0.09375 0.040740740740740744
0 0.9380208333333333 0.6259259259259259 0.05520833333333333 0.040740740740740744
0 0.5385416666666667 0.725 0.06458333333333334 0.04259259259259259
0 0.9471354166666667 0.8763888888888889 0.0640625 0.05277777777777778
0 0.4354166666666667 0.575 0.052083333333333336 0.03888888888888889
0 0.375 0.3861111111111111 0.05 0.04259259259259259
0 0.70625 0.725925925925926 0.05 0.040740740740740744
0 0.37447916666666664 0.625 0.051041666666666666 0.04259259259259259
0 0.940625 0.29444444444444445 0.05416666666666667 0.040740740740740744
0 0.11770833333333333 0.4351851851851852 0.05625 0.037037037037037035
0 0.2708333333333333 0.2916666666666667 0.052083333333333336 0.03888888888888889
0 0.27395833333333336 0.575925925925926 0.05 0.040740740740740744
0 0.3703125 0.8222222222222222 0.053125 0.040740740740740744
0 0.7625 0.18888888888888888 0.07708333333333334 0.05185185185185185
0 0.26666666666666666 0.38564814814814813 0.05416666666666667 0.049074074074074076
0 0.5369791666666667 0.3851851851851852 0.05520833333333333 0.040740740740740744
0 0.1015625 0.8703703703703703 0.059375 0.040740740740740744
0 0.2140625 0.6240740740740741 0.051041666666666666 0.040740740740740744
0 0.7625 0.5805555555555556 0.05625 0.04259259259259259
0 0.11197916666666667 0.38425925925925924 0.05520833333333333 0.03888888888888889
0 0.10572916666666667 0.7712962962962963 0.04895833333333333 0.03518518518518519
0 0.5932291666666667 0.7805555555555556 0.06145833333333333 0.04259259259259259
0 0.115625 0.48055555555555557 0.05 0.03888888888888889
0 0.9442708333333333 0.7731481481481481 0.057291666666666664 0.03888888888888889
0 0.5380208333333333 0.4861111111111111 0.06145833333333333 0.04259259259259259
0 0.43125 0.7166666666666667 0.0625 0.040740740740740744
0 0.8822916666666667 0.5777777777777777 0.04791666666666667 0.037037037037037035
0 0.9296875 0.2037037037037037 0.051041666666666666 0.040740740740740744
0 0.7614583333333333 0.3907407407407407 0.0625 0.044444444444444446
0 0.7635416666666667 0.6351851851851852 0.058333333333333334 0.040740740740740744
0 0.5322916666666667 0.825925925925926 0.06041666666666667 0.044444444444444446
0 0.7666666666666667 0.6814814814814815 0.06041666666666667 0.037037037037037035
0 0.10989583333333333 0.674074074074074 0.053125 0.040740740740740744
0 0.2640625 0.4351851851851852 0.04895833333333333 0.037037037037037035
0 0.43072916666666666 0.4324074074074074 0.05520833333333333 0.03888888888888889
0 0.05572916666666667 0.43425925925925923 0.051041666666666666 0.03888888888888889
0 0.4005208333333333 0.8833333333333333 0.08854166666666667 0.05185185185185185
0 0.0546875 0.48333333333333334 0.05520833333333333 0.037037037037037035
0 0.7 0.30092592592592593 0.05 0.04259259259259259
0 0.3765625 0.33611111111111114 0.046875 0.03888888888888889
0 0.4317708333333333 0.38425925925925924 0.057291666666666664 0.03888888888888889
0 0.5322916666666667 0.8870370370370371 0.06041666666666667 0.044444444444444446
0 0.7578125 0.24537037037037038 0.051041666666666666 0.03888888888888889
0 0.6 0.4287037037037037 0.05625 0.04259259259259259
0 0.10416666666666667 0.5407407407407407 0.06875 0.044444444444444446
0 0.5953125 0.8268518518518518 0.059375 0.03888888888888889
0 0.5385416666666667 0.4351851851851852 0.05416666666666667 0.040740740740740744
0 0.2296875 0.1087962962962963 0.065625 0.05462962962962963
0 0.7510416666666667 0.49074074074074076 0.04791666666666667 0.037037037037037035
0 0.875 0.2074074074074074 0.05 0.040740740740740744
0 0.2125 0.7694444444444445 0.05 0.03888888888888889
0 0.8864583333333333 0.8231481481481482 0.052083333333333336 0.03888888888888889
0 0.2682291666666667 0.8212962962962963 0.057291666666666664 0.03518518518518519
0 0.04895833333333333 0.7175925925925926 0.052083333333333336 0.03148148148148148
0 0.11875 0.2462962962962963 0.05 0.037037037037037035
0 0.10416666666666667 0.8175925925925925 0.05416666666666667 0.03518518518518519
0 0.4359375 0.6296296296296297 0.053125 0.04814814814814815
0 0.7614583333333333 0.8203703703703704 0.052083333333333336 0.037037037037037035
0 0.11197916666666667 0.7203703703703703 0.036458333333333336 0.037037037037037035
0 0.6984375 0.4759259259259259 0.06354166666666666 0.05185185185185185
0 0.946875 0.8203703703703704 0.058333333333333334 0.040740740740740744
0 0.8859375 0.7722222222222223 0.051041666666666666 0.037037037037037035
0 0.6015625 0.6305555555555555 0.05520833333333333 0.04259259259259259
0 0.6052083333333333 0.33611111111111114 0.07708333333333334 0.053703703703703705
0 0.7015625 0.6324074074074074 0.05520833333333333 0.03888888888888889
0 0.5442708333333334 0.6296296296296297 0.051041666666666666 0.040740740740740744
0 0.2671875 0.8731481481481481 0.053125 0.03888888888888889
0 0.8796875 0.6296296296296297 0.057291666666666664 0.040740740740740744
0 0.7619791666666667 0.7722222222222223 0.057291666666666664 0.044444444444444446
0 0.2708333333333333 0.675 0.05416666666666667 0.04259259259259259
0 0.2677083333333333 0.4824074074074074 0.05416666666666667 0.03888888888888889
0 0.9427083333333334 0.7268518518518519 0.06666666666666667 0.05
0 0.20625 0.8768518518518519 0.05 0.04259259259259259
0 0.065625 0.24814814814814815 0.04791666666666667 0.037037037037037035
0 0.875 0.10416666666666667 0.06041666666666667 0.05648148148148148
0 0.4328125 0.48518518518518516 0.05520833333333333 0.040740740740740744
0 0.384375 0.24722222222222223 0.05 0.03888888888888889
0 0.05625 0.29444444444444445 0.05625 0.040740740740740744
0 0.09479166666666666 0.019444444444444445 0.06041666666666667 0.03888888888888889
0 0.050520833333333334 0.6453703703703704 0.05520833333333333 0.03888888888888889
0 0.04739583333333333 0.7712962962962963 0.053125 0.04259259259259259
0 0.38177083333333334 0.19814814814814816 0.04895833333333333 0.040740740740740744
0 0.6942708333333333 0.18703703703703703 0.04895833333333333 0.05555555555555555
0 0.43854166666666666 0.10787037037037037 0.05625 0.05648148148148148
0 0.2171875 0.8212962962962963 0.03229166666666667 0.03888888888888889
0 0.7020833333333333 0.7759259259259259 0.05 0.044444444444444446
0 0.04479166666666667 0.5796296296296296 0.058333333333333334 0.040740740740740744
0 0.65 0.775 0.03125 0.08333333333333333
0 0.6979166666666666 0.3861111111111111 0.05416666666666667 0.03888888888888889
0 0.375 0.018518518518518517 0.05416666666666667 0.037037037037037035
0 0.21875 0.337037037037037 0.05 0.040740740740740744