0 0.89140625 0.1259259259259259 0.8958333333333334 0.12962962962962962 0.8973958333333333 0.1375 0.9005208333333333 0.19953703703703704 0.8979166666666667 0.23472222222222222 0.8950520833333333 0.23981481481481481 0.8885416666666667 0.24166666666666667 0.8765625 0.2412037037037037 0.8723958333333334 0.2337962962962963 0.87109375 0.22407407407407406 0.8721354166666667 0.1925925925925926 0.86953125 0.15138888888888888 0.8744791666666667 0.1287037037037037 0.88203125 0.125 0.8911458333333333 0.1259259259259259
0 0.6583333333333333 0.6976851851851852 0.671875 0.6986111111111111 0.6752604166666667 0.7055555555555556 0.67421875 0.7865740740740741 0.6705729166666666 0.8064814814814815 0.6645833333333333 0.8115740740740741 0.6502604166666667 0.8083333333333333 0.6463541666666667 0.7972222222222223 0.6484375 0.7129629629629629 0.6510416666666666 0.6986111111111111 0.6580729166666667 0.6976851851851852
0 0.8143229166666667 0.10416666666666667 0.8221354166666667 0.11805555555555555 0.8255208333333334 0.14675925925925926 0.8255208333333334 0.16944444444444445 0.8216145833333334 0.19907407407407407 0.81875 0.2037037037037037 0.8135416666666667 0.20555555555555555 0.8005208333333333 0.20324074074074075 0.7966145833333333 0.19537037037037036 0.7984375 0.16944444444444445 0.7958333333333333 0.12685185185185185 0.8013020833333333 0.10787037037037037 0.8067708333333333 0.1037037037037037 0.8140625 0.10416666666666667
0 0.62578125 0.6777777777777778 0.6330729166666667 0.6800925925925926 0.6346354166666667 0.6842592592592592 0.6369791666666667 0.7268518518518519 0.63671875 0.7833333333333333 0.6333333333333333 0.8092592592592592 0.6302083333333334 0.8143518518518519 0.6239583333333333 0.8152777777777778 0.6125 0.8134259259259259 0.6067708333333334 0.8064814814814815 0.6052083333333333 0.799074074074074 0.6088541666666667 0.7074074074074074 0.6151041666666667 0.6800925925925926 0.6255208333333333 0.6777777777777778
0 0.7419270833333333 0.25555555555555554 0.7484375 0.26064814814814813 0.7518229166666667 0.27314814814814814 0.7546875 0.3425925925925926 0.7533854166666667 0.35648148148148145 0.7432291666666667 0.3597222222222222 0.7346354166666667 0.3587962962962963 0.7296875 0.3523148148148148 0.7278645833333334 0.29259259259259257 0.72578125 0.2800925925925926 0.7263020833333333 0.2708333333333333 0.7309895833333333 0.2601851851851852 0.7416666666666667 0.25555555555555554
0 0.7018229166666666 0.2518518518518518 0.7083333333333334 0.25416666666666665 0.71171875 0.2587962962962963 0.7127604166666667 0.325 0.7114583333333333 0.3523148148148148 0.7075520833333333 0.35648148148148145 0.7002604166666667 0.3578703703703704 0.6916666666666667 0.3560185185185185 0.6888020833333334 0.3509259259259259 0.68671875 0.2824074074074074 0.6885416666666667 0.2564814814814815 0.6924479166666667 0.25277777777777777 0.7015625 0.2518518518518518
0 0.9651041666666667 0.125 0.9721354166666667 0.12916666666666668 0.9752604166666666 0.13564814814814816 0.9770833333333333 0.1574074074074074 0.9770833333333333 0.22268518518518518 0.9747395833333333 0.23055555555555557 0.9666666666666667 0.2361111111111111 0.9552083333333333 0.23333333333333334 0.9484375 0.22175925925925927 0.9479166666666666 0.16574074074074074 0.94609375 0.1574074074074074 0.94765625 0.14074074074074075 0.9528645833333333 0.12824074074074074 0.96484375 0.125
0 0.8494791666666667 0.13425925925925927 0.85703125 0.13657407407407407 0.8596354166666667 0.14074074074074075 0.8609375 0.17453703703703705 0.8598958333333333 0.22268518518518518 0.8567708333333334 0.23055555555555557 0.8502604166666666 0.23425925925925925 0.8375 0.23194444444444445 0.8346354166666666 0.22824074074074074 0.83359375 0.2212962962962963 0.8348958333333333 0.13935185185185187 0.8380208333333333 0.13518518518518519 0.84921875 0.13425925925925927
0 0.81484375 0.5504629629629629 0.821875 0.5532407407407407 0.82578125 0.5671296296296297 0.8270833333333333 0.6518518518518519 0.82421875 0.6611111111111111 0.8145833333333333 0.6643518518518519 0.80390625 0.6615740740740741 0.8 0.6537037037037037 0.80078125 0.6055555555555555 0.7989583333333333 0.575462962962963 0.8010416666666667 0.5537037037037037 0.8145833333333333 0.5504629629629629
0 0.8614583333333333 0.6930555555555555 0.8674479166666667 0.6953703703703704 0.8713541666666667 0.7023148148148148 0.87421875 0.7375 0.8739583333333333 0.8069444444444445 0.8700520833333333 0.812037037037037 0.8640625 0.8134259259259259 0.85078125 0.8111111111111111 0.8473958333333333 0.8069444444444445 0.8440104166666667 0.7962962962962963 0.8463541666666666 0.750462962962963 0.8434895833333333 0.7101851851851851 0.8453125 0.7 0.8481770833333333 0.6958333333333333 0.8611979166666667 0.6930555555555555
0 0.89765625 0.2574074074074074 0.9044270833333333 0.25972222222222224 0.9083333333333333 0.26481481481481484 0.915625 0.3 0.9135416666666667 0.31342592592592594 0.9145833333333333 0.35648148148148145 0.9114583333333334 0.36666666666666664 0.90390625 0.37037037037037035 0.8890625 0.3680555555555556 0.8822916666666667 0.35648148148148145 0.8846354166666667 0.32916666666666666 0.8830729166666667 0.2953703703703704 0.8796875 0.2898148148148148 0.8799479166666667 0.2824074074074074 0.8864583333333333 0.26157407407407407 0.8973958333333333 0.2574074074074074
0 0.6442708333333333 0.8476851851851852 0.6890625 0.8486111111111111 0.696875 0.8537037037037037 0.6997395833333333 0.8671296296296296 0.6994791666666667 0.8805555555555555 0.69609375 0.8953703703703704 0.6481770833333333 0.8976851851851851 0.6338541666666667 0.8944444444444445 0.6299479166666667 0.8851851851851852 0.6307291666666667 0.8555555555555555 0.6356770833333333 0.8490740740740741 0.6440104166666667 0.8476851851851852
0 0.5552083333333333 0.537962962962963 0.5609375 0.5425925925925926 0.5604166666666667 0.6314814814814815 0.5572916666666666 0.6509259259259259 0.5502604166666667 0.6550925925925926 0.5395833333333333 0.6532407407407408 0.5361979166666667 0.6509259259259259 0.5338541666666666 0.6444444444444445 0.5356770833333333 0.5458333333333333 0.5364583333333334 0.5393518518518519 0.53984375 0.5370370370370371 0.5549479166666667 0.537962962962963
0 0.6653645833333334 0.12361111111111112 0.6729166666666667 0.12638888888888888 0.6760416666666667 0.13842592592592592 0.6760416666666667 0.22592592592592592 0.6721354166666667 0.2324074074074074 0.6627604166666666 0.23842592592592593 0.65078125 0.2337962962962963 0.6473958333333333 0.2263888888888889 0.646875 0.21805555555555556 0.6497395833333334 0.18888888888888888 0.6510416666666666 0.13703703703703704 0.6544270833333333 0.12638888888888888 0.6651041666666667 0.12361111111111112
0 0.7848958333333333 0.5546296296296296 0.7888020833333333 0.5601851851851852 0.7908854166666667 0.5745370370370371 0.7921875 0.6412037037037037 0.7901041666666667 0.6546296296296297 0.7776041666666667 0.6597222222222222 0.7708333333333334 0.6583333333333333 0.765625 0.6462962962962963 0.7651041666666667 0.5912037037037037 0.7627604166666667 0.5708333333333333 0.7640625 0.5606481481481481 0.7690104166666667 0.5541666666666667 0.7802083333333333 0.5523148148148148 0.7846354166666667 0.5546296296296296
0 0.5966145833333333 0.12314814814814815 0.6002604166666666 0.12685185185185185 0.6015625 0.13564814814814816 0.6 0.21805555555555556 0.5953125 0.23055555555555557 0.58828125 0.2351851851851852 0.5809895833333333 0.23333333333333334 0.57421875 0.2212962962962963 0.57578125 0.13287037037037036 0.5770833333333333 0.12638888888888888 0.5802083333333333 0.12314814814814815 0.5963541666666666 0.12314814814814815
0 0.5955729166666667 0.2439814814814815 0.6002604166666666 0.24675925925925926 0.6018229166666667 0.2550925925925926 0.6028645833333334 0.3421296296296296 0.6015625 0.3587962962962963 0.59921875 0.3638888888888889 0.5916666666666667 0.36944444444444446 0.5799479166666667 0.3675925925925926 0.5765625 0.362962962962963 0.5744791666666667 0.3537037037037037 0.5763020833333333 0.25972222222222224 0.5786458333333333 0.2462962962962963 0.5953125 0.2439814814814815
0 0.9372395833333333 0.5523148148148148 0.9434895833333333 0.5578703703703703 0.9466145833333334 0.5680555555555555 0.9497395833333333 0.6476851851851851 0.9494791666666667 0.6625 0.9466145833333334 0.6726851851851852 0.9388020833333334 0.6763888888888889 0.928125 0.675 0.9216145833333333 0.6648148148148149 0.9177083333333333 0.6134259259259259 0.9169270833333333 0.5736111111111111 0.91796875 0.5611111111111111 0.921875 0.5546296296296296 0.9369791666666667 0.5523148148148148
0 0.70078125 0.6842592592592592 0.7098958333333333 0.6888888888888889 0.71328125 0.7032407407407407 0.7138020833333333 0.7699074074074074 0.7109375 0.8 0.7065104166666667 0.8032407407407407 0.6890625 0.8013888888888889 0.6833333333333333 0.7939814814814815 0.6856770833333333 0.6967592592592593 0.69140625 0.6847222222222222 0.7005208333333334 0.6842592592592592
0 0.7395833333333334 0.6949074074074074 0.74453125 0.6976851851851852 0.7473958333333334 0.7060185185185185 0.7510416666666667 0.7768518518518519 0.7486979166666666 0.7898148148148149 0.7403645833333333 0.7925925925925926 0.73046875 0.7925925925925926 0.7260416666666667 0.787962962962963 0.7208333333333333 0.7106481481481481 0.7216145833333333 0.7023148148148148 0.7239583333333334 0.6981481481481482 0.7393229166666667 0.6949074074074074
0 0.5442708333333334 0.6777777777777778 0.5510416666666667 0.6805555555555556 0.5546875 0.6888888888888889 0.55625 0.7574074074074074 0.5546875 0.7865740740740741 0.5502604166666667 0.7944444444444444 0.5442708333333334 0.7967592592592593 0.5328125 0.7930555555555555 0.5276041666666667 0.7768518518518519 0.5286458333333334 0.6884259259259259 0.5330729166666667 0.6800925925925926 0.5440104166666667 0.6777777777777778
0 0.6078125 0.4148148148148148 0.6239583333333333 0.4310185185185185 0.6546875 0.4773148148148148 0.6544270833333333 0.48935185185185187 0.64453125 0.5120370370370371 0.6401041666666667 0.5115740740740741 0.6299479166666667 0.5027777777777778 0.6177083333333333 0.48148148148148145 0.5953125 0.45601851851851855 0.5919270833333333 0.4425925925925926 0.59453125 0.4310185185185185 0.6020833333333333 0.4166666666666667 0.6075520833333333 0.4148148148148148
0 0.6247395833333333 0.5435185185185185 0.6296875 0.5462962962962963 0.6333333333333333 0.5574074074074075 0.63671875 0.6412037037037037 0.6328125 0.6578703703703703 0.6234375 0.662962962962963 0.61328125 0.6611111111111111 0.6091145833333333 0.6541666666666667 0.60546875 0.5652777777777778 0.6059895833333333 0.5532407407407407 0.60859375 0.5462962962962963 0.6244791666666667 0.5435185185185185
0 0.6658854166666667 0.2671296296296296 0.6697916666666667 0.2689814814814815 0.6729166666666667 0.275 0.6744791666666666 0.29953703703703705 0.6723958333333333 0.3490740740740741 0.6703125 0.35324074074074074 0.6640625 0.35509259259259257 0.6518229166666667 0.3537037037037037 0.6479166666666667 0.34814814814814815 0.64921875 0.32685185185185184 0.6479166666666667 0.29305555555555557 0.6510416666666666 0.27037037037037037 0.6549479166666666 0.2671296296296296 0.665625 0.2671296296296296
0 0.7200520833333334 0.37962962962962965 0.7549479166666667 0.3861111111111111 0.7578125 0.3972222222222222 0.7567708333333333 0.4212962962962963 0.7549479166666667 0.42777777777777776 0.7497395833333333 0.4300925925925926 0.7036458333333333 0.4263888888888889 0.6963541666666667 0.4222222222222222 0.6947916666666667 0.4101851851851852 0.69609375 0.387037037037037 0.7026041666666667 0.3800925925925926 0.7197916666666667 0.37962962962962965
0 0.63203125 0.24027777777777778 0.6372395833333333 0.2439814814814815 0.6393229166666666 0.2513888888888889 0.6408854166666667 0.26944444444444443 0.6388020833333333 0.30462962962962964 0.640625 0.3263888888888889 0.6380208333333334 0.34629629629629627 0.6291666666666667 0.35185185185185186 0.61640625 0.34953703703703703 0.61328125 0.3416666666666667 0.6125 0.25555555555555554 0.6135416666666667 0.24675925925925926 0.6177083333333333 0.2412037037037037 0.6317708333333333 0.24027777777777778
0 0.8984375 0.562037037037037 0.9057291666666667 0.5666666666666667 0.9078125 0.5736111111111111 0.90859375 0.6537037037037037 0.9052083333333333 0.6657407407407407 0.8950520833333333 0.6708333333333333 0.8833333333333333 0.6685185185185185 0.8809895833333333 0.6625 0.8799479166666667 0.5736111111111111 0.8825520833333333 0.5638888888888889 0.8981770833333333 0.562037037037037
0 0.6638020833333333 0.975925925925926 0.6716145833333333 0.9875 0.6734375 0.999537037037037 0.6447916666666667 0.999537037037037 0.6479166666666667 0.9805555555555555 0.6536458333333334 0.975925925925926 0.6635416666666667 0.975925925925926
0 0.8533854166666667 0.2490740740740741 0.8596354166666667 0.25324074074074077 0.8635416666666667 0.26157407407407407 0.8677083333333333 0.3347222222222222 0.8643229166666667 0.3523148148148148 0.8497395833333333 0.3560185185185185 0.8432291666666667 0.3537037037037037 0.840625 0.3476851851851852 0.8359375 0.2652777777777778 0.8401041666666667 0.25277777777777777 0.853125 0.2490740740740741
0 0.7401041666666667 0.5388888888888889 0.75 0.5430555555555555 0.75234375 0.5717592592592593 0.7510416666666667 0.6333333333333333 0.7484375 0.6412037037037037 0.7395833333333334 0.6453703703703704 0.7309895833333333 0.6435185185185185 0.72734375 0.6388888888888888 0.7263020833333333 0.600925925925926 0.72734375 0.5458333333333333 0.7317708333333334 0.5407407407407407 0.73984375 0.5388888888888889
0 0.6278645833333333 0.10601851851851851 0.6333333333333333 0.10972222222222222 0.6369791666666667 0.11990740740740741 0.6385416666666667 0.15231481481481482 0.63671875 0.17824074074074073 0.6380208333333334 0.20324074074074075 0.6338541666666667 0.2152777777777778 0.6276041666666666 0.21898148148148147 0.6161458333333333 0.21712962962962962 0.6125 0.21157407407407408 0.6109375 0.20277777777777778 0.6125 0.18287037037037038 0.6125 0.11944444444444445 0.6174479166666667 0.10833333333333334 0.6276041666666666 0.10601851851851851
0 0.9640625 0.25 0.9713541666666666 0.25324074074074077 0.9760416666666667 0.262037037037037 0.9778645833333334 0.30925925925925923 0.97578125 0.35462962962962963 0.9721354166666667 0.36018518518518516 0.9640625 0.36342592592592593 0.95234375 0.3592592592592593 0.9453125 0.3453703703703704 0.94765625 0.30787037037037035 0.94609375 0.2689814814814815 0.9528645833333333 0.25277777777777777 0.9638020833333333 0.25
0 0.85703125 0.5541666666666667 0.8692708333333333 0.5611111111111111 0.8703125 0.5851851851851851 0.8666666666666667 0.663425925925926 0.8622395833333333 0.675 0.8557291666666667 0.6777777777777778 0.8421875 0.6722222222222223 0.83984375 0.6652777777777777 0.8393229166666667 0.6518518518518519 0.84375 0.5666666666666667 0.8486979166666667 0.5550925925925926 0.8567708333333334 0.5541666666666667
0 0.0765625 0 0.1046875 0 0.10546875 0.004166666666666667 0.10052083333333334 0.03009259259259259 0.09583333333333334 0.03287037037037037 0.09791666666666667 0.04259259259259259 0.09375 0.06805555555555555 0.08958333333333333 0.07453703703703704 0.08489583333333334 0.07546296296296297 0.07395833333333333 0.0699074074074074 0.06875 0.05740740740740741 0.07109375 0.028703703703703703 0.0765625 0.000462962962962963
0 0.7078125 0.5583333333333333 0.7135416666666666 0.5615740740740741 0.7153645833333333 0.5680555555555555 0.7161458333333334 0.6185185185185185 0.7135416666666666 0.6263888888888889 0.6953125 0.6263888888888889 0.6919270833333333 0.6217592592592592 0.6924479166666667 0.562037037037037 0.6989583333333333 0.5583333333333333 0.7075520833333333 0.5583333333333333
0 0.7841145833333333 0.6837962962962963 0.7877604166666666 0.6861111111111111 0.7911458333333333 0.6962962962962963 0.7940104166666667 0.7833333333333333 0.7903645833333334 0.8 0.7828125 0.8060185185185185 0.7716145833333333 0.8037037037037037 0.7671875 0.7986111111111112 0.7651041666666667 0.7902777777777777 0.7643229166666666 0.6995370370370371 0.765625 0.6888888888888889 0.76875 0.6847222222222222 0.7838541666666666 0.6837962962962963
0 0.7049479166666667 0.12453703703703704 0.7111979166666667 0.12962962962962962 0.7130208333333333 0.16898148148148148 0.7111979166666667 0.21435185185185185 0.7072916666666667 0.22037037037037038 0.7028645833333333 0.2222222222222222 0.6908854166666667 0.22083333333333333 0.6869791666666667 0.2125 0.6875 0.13333333333333333 0.6890625 0.12777777777777777 0.6921875 0.1259259259259259 0.7046875 0.12453703703703704
0 0.7419270833333333 0.09212962962962963 0.7473958333333334 0.09490740740740741 0.7502604166666667 0.10231481481481482 0.75078125 0.16527777777777777 0.7481770833333333 0.20601851851851852 0.73828125 0.21481481481481482 0.7239583333333334 0.21064814814814814 0.7213541666666666 0.19537037037037036 0.7234375 0.17314814814814813 0.7239583333333334 0.12222222222222222 0.7263020833333333 0.10185185185185185 0.7307291666666667 0.09351851851851851 0.7416666666666667 0.09212962962962963
0 0.5864583333333333 0.6916666666666667 0.59375 0.6958333333333333 0.5971354166666667 0.7101851851851851 0.59453125 0.8032407407407407 0.5908854166666667 0.8148148148148148 0.5848958333333333 0.8199074074074074 0.57734375 0.8194444444444444 0.5708333333333333 0.8148148148148148 0.5677083333333334 0.8069444444444445 0.5671875 0.7958333333333333 0.5697916666666667 0.7722222222222223 0.5723958333333333 0.6990740740740741 0.5765625 0.6925925925925925 0.5861979166666667 0.6916666666666667
0 0.8169270833333333 0.2388888888888889 0.821875 0.24212962962962964 0.8247395833333333 0.2537037037037037 0.8265625 0.3013888888888889 0.8252604166666667 0.3226851851851852 0.8166666666666667 0.3277777777777778 0.80703125 0.32685185185185184 0.80234375 0.3212962962962963 0.80234375 0.27546296296296297 0.8005208333333333 0.2550925925925926 0.80390625 0.2412037037037037 0.8166666666666667 0.2388888888888889
0 0.7841145833333333 0.2388888888888889 0.78984375 0.2462962962962963 0.7916666666666666 0.25277777777777777 0.7924479166666667 0.3143518518518518 0.78984375 0.3439814814814815 0.7802083333333333 0.3486111111111111 0.7692708333333333 0.3453703703703704 0.765625 0.3384259259259259 0.7640625 0.262037037037037 0.7651041666666667 0.24583333333333332 0.76875 0.23981481481481481 0.7747395833333334 0.2361111111111111 0.7838541666666666 0.2388888888888889
0 0.7799479166666666 0.11990740740740741 0.7846354166666667 0.12638888888888888 0.7864583333333334 0.1439814814814815 0.7872395833333333 0.2 0.7838541666666666 0.21805555555555556 0.7763020833333333 0.22314814814814815 0.7645833333333333 0.2212962962962963 0.76015625 0.20925925925925926 0.7583333333333333 0.13935185185185187 0.76171875 0.12268518518518519 0.7677083333333333 0.11944444444444445 0.7796875 0.11990740740740741
0 0.8161458333333333 0.6893518518518519 0.8265625 0.6958333333333333 0.828125 0.7157407407407408 0.8268229166666666 0.7888888888888889 0.8244791666666667 0.7953703703703704 0.8169270833333333 0.8004629629629629 0.80703125 0.7981481481481482 0.8026041666666667 0.7930555555555555 0.8005208333333333 0.7805555555555556 0.8005208333333333 0.7444444444444445 0.8020833333333334 0.7337962962962963 0.79921875 0.712037037037037 0.79921875 0.7013888888888888 0.8026041666666667 0.6921296296296297 0.8158854166666667 0.6893518518518519