0 0.8911458333333333 0.11527777777777778 0.8963541666666667 0.11851851851851852 0.8984375 0.12685185185185185 0.9010416666666666 0.17453703703703705 0.9002604166666667 0.21342592592592594 0.89765625 0.2263888888888889 0.8856770833333333 0.23194444444444445 0.8768229166666667 0.2300925925925926 0.8721354166666667 0.22037037037037038 0.8721354166666667 0.16666666666666666 0.8703125 0.14027777777777778 0.8747395833333333 0.11898148148148148 0.8794270833333333 0.11527777777777778 0.8908854166666667 0.11527777777777778
0 0.8151041666666666 0.09444444444444444 0.81953125 0.09814814814814815 0.8229166666666666 0.10648148148148148 0.82578125 0.13333333333333333 0.8231770833333333 0.18518518518518517 0.8208333333333333 0.19212962962962962 0.8158854166666667 0.19490740740740742 0.8044270833333333 0.19444444444444445 0.7986979166666667 0.18796296296296297 0.7986979166666667 0.14212962962962963 0.7966145833333333 0.11712962962962963 0.7984375 0.10601851851851851 0.80234375 0.09722222222222222 0.8065104166666667 0.09398148148148149 0.81484375 0.09444444444444444
0 0.6252604166666667 0.674537037037037 0.6328125 0.6787037037037037 0.6356770833333333 0.6856481481481481 0.63828125 0.75 0.6346354166666667 0.7939814814814815 0.6307291666666667 0.8013888888888889 0.62578125 0.8037037037037037 0.6125 0.8013888888888889 0.6072916666666667 0.7939814814814815 0.6078125 0.7638888888888888 0.60546875 0.7416666666666667 0.6080729166666666 0.7245370370370371 0.6088541666666667 0.6925925925925925 0.61171875 0.6814814814814815 0.61640625 0.6754629629629629 0.625 0.674537037037037
0 0.7473958333333334 0.24722222222222223 0.75234375 0.2569444444444444 0.7541666666666667 0.275 0.7552083333333334 0.3398148148148148 0.7518229166666667 0.3486111111111111 0.7432291666666667 0.350462962962963 0.734375 0.35 0.73046875 0.3439814814814815 0.7265625 0.26435185185185184 0.7299479166666667 0.2523148148148148 0.734375 0.24675925925925926 0.7427083333333333 0.2449074074074074 0.7471354166666667 0.24722222222222223
0 0.70078125 0.2412037037037037 0.71171875 0.24675925925925926 0.7145833333333333 0.2824074074074074 0.7127604166666667 0.3384259259259259 0.7106770833333333 0.3435185185185185 0.7041666666666667 0.34629629629629627 0.6934895833333333 0.3458333333333333 0.68984375 0.3416666666666667 0.6877604166666667 0.3055555555555556 0.6869791666666667 0.2689814814814815 0.6885416666666667 0.24861111111111112 0.6921875 0.24305555555555555 0.7005208333333334 0.2412037037037037
0 0.96875 0.11666666666666667 0.97421875 0.12175925925925926 0.97734375 0.13055555555555556 0.9783854166666667 0.20972222222222223 0.97578125 0.22037037037037038 0.965625 0.2263888888888889 0.9559895833333333 0.22361111111111112 0.9497395833333333 0.20972222222222223 0.9481770833333333 0.14212962962962963 0.9494791666666667 0.12685185185185185 0.9528645833333333 0.11898148148148148 0.9598958333333333 0.11481481481481481 0.9684895833333333 0.11666666666666667
0 0.85390625 0.12453703703703704 0.8583333333333333 0.12685185185185185 0.8606770833333334 0.13333333333333333 0.8611979166666667 0.20833333333333334 0.8578125 0.22083333333333333 0.8489583333333334 0.22407407407407406 0.8385416666666666 0.2222222222222222 0.8348958333333333 0.21666666666666667 0.8348958333333333 0.13796296296296295 0.8380208333333333 0.1259259259259259 0.8536458333333333 0.12453703703703704
0 0.8153645833333333 0.5402777777777777 0.82109375 0.5416666666666666 0.82421875 0.5472222222222223 0.82734375 0.575462962962963 0.8276041666666667 0.6407407407407407 0.8247395833333333 0.649537037037037 0.8174479166666667 0.6523148148148148 0.8036458333333333 0.65 0.8002604166666667 0.6412037037037037 0.8 0.5481481481481482 0.8033854166666666 0.5416666666666666 0.8151041666666666 0.5402777777777777
0 0.8596354166666667 0.6819444444444445 0.86640625 0.6842592592592592 0.8700520833333333 0.6888888888888889 0.8731770833333333 0.7018518518518518 0.87421875 0.7268518518518519 0.8739583333333333 0.7939814814814815 0.8700520833333333 0.8004629629629629 0.8635416666666667 0.8018518518518518 0.8494791666666667 0.7986111111111112 0.8440104166666667 0.7833333333333333 0.8463541666666666 0.7481481481481481 0.8440104166666667 0.6962962962962963 0.8481770833333333 0.6856481481481481 0.859375 0.6819444444444445
0 0.8526041666666667 0.23842592592592593 0.8598958333333333 0.24212962962962964 0.8645833333333334 0.25092592592592594 0.8682291666666667 0.32083333333333336 0.865625 0.3402777777777778 0.85078125 0.3458333333333333 0.8432291666666667 0.3425925925925926 0.8403645833333333 0.3337962962962963 0.83671875 0.2537037037037037 0.8380208333333333 0.2462962962962963 0.84140625 0.24166666666666667 0.85234375 0.23842592592592593
0 0.5838541666666667 0.9884259259259259 0.5908854166666667 0.9912037037037037 0.5927083333333333 0.999537037037037 0.56640625 0.999537037037037 0.5669270833333333 0.9949074074074075 0.5708333333333333 0.9907407407407407 0.58359375 0.9884259259259259
0 0.6622395833333333 0.9629629629629629 0.66640625 0.9657407407407408 0.67265625 0.9773148148148149 0.6739583333333333 0.999537037037037 0.64453125 0.999537037037037 0.6473958333333333 0.9694444444444444 0.65078125 0.9648148148148148 0.6619791666666667 0.9629629629629629
0 0.55 0.525 0.559375 0.5277777777777778 0.5614583333333333 0.5319444444444444 0.56015625 0.5847222222222223 0.5614583333333333 0.6171296296296296 0.55859375 0.638425925925926 0.54765625 0.6439814814814815 0.5361979166666667 0.6393518518518518 0.5341145833333333 0.6333333333333333 0.5338541666666666 0.6217592592592592 0.5361979166666667 0.5328703703703703 0.5403645833333334 0.5259259259259259 0.5497395833333333 0.525
0 0.628125 0.09537037037037037 0.63359375 0.09814814814814815 0.6375 0.10601851851851851 0.63984375 0.13796296296296295 0.6377604166666667 0.19768518518518519 0.6346354166666667 0.20462962962962963 0.6283854166666667 0.20787037037037037 0.61796875 0.20694444444444443 0.6127604166666667 0.19768518518518519 0.61171875 0.15648148148148147 0.6138020833333333 0.10601851851851851 0.6197916666666666 0.09722222222222222 0.6278645833333333 0.09537037037037037
0 0.6276041666666666 0.5333333333333333 0.63203125 0.5375 0.63359375 0.5444444444444444 0.6369791666666667 0.6333333333333333 0.6325520833333333 0.6472222222222223 0.62421875 0.6518518518518519 0.6127604166666667 0.649074074074074 0.6091145833333333 0.6407407407407407 0.6057291666666667 0.5532407407407407 0.6065104166666667 0.5421296296296296 0.6091145833333333 0.5351851851851852 0.62734375 0.5333333333333333
0 0.9369791666666667 0.5416666666666666 0.9424479166666667 0.5458333333333333 0.9466145833333334 0.5564814814814815 0.94921875 0.5898148148148148 0.9494791666666667 0.6518518518518519 0.94609375 0.6643518518518519 0.9341145833333333 0.6666666666666666 0.9252604166666667 0.663425925925926 0.9216145833333333 0.6523148148148148 0.9177083333333333 0.5541666666666667 0.9184895833333333 0.549537037037037 0.9244791666666666 0.5430555555555555 0.93671875 0.5416666666666666
0 0.66484375 0.11203703703703703 0.6731770833333334 0.11481481481481481 0.67578125 0.11944444444444445 0.6776041666666667 0.14305555555555555 0.6763020833333333 0.20416666666666666 0.6783854166666666 0.21388888888888888 0.6755208333333333 0.22083333333333333 0.6627604166666666 0.22777777777777777 0.6541666666666667 0.22546296296296298 0.6497395833333334 0.22037037037037038 0.64765625 0.2125 0.6473958333333333 0.19768518518518519 0.6494791666666667 0.1884259259259259 0.6526041666666667 0.12268518518518519 0.65625 0.11481481481481481 0.6645833333333333 0.11203703703703703
0 0.784375 0.5430555555555555 0.7880208333333333 0.5467592592592593 0.7908854166666667 0.5606481481481481 0.7927083333333333 0.6300925925925925 0.79140625 0.6402777777777777 0.7885416666666667 0.6458333333333334 0.7765625 0.649074074074074 0.7692708333333333 0.6449074074074074 0.765625 0.6333333333333333 0.7638020833333333 0.5546296296296296 0.765625 0.5476851851851852 0.7705729166666667 0.5430555555555555 0.7841145833333333 0.5430555555555555
0 0.5971354166666667 0.1125 0.6005208333333333 0.1162037037037037 0.60234375 0.1259259259259259 0.6015625 0.1962962962962963 0.59921875 0.2152777777777778 0.5919270833333333 0.22361111111111112 0.58125 0.22175925925925927 0.5744791666666667 0.20925925925925926 0.5768229166666666 0.11944444444444445 0.578125 0.11527777777777778 0.5841145833333333 0.11157407407407408 0.596875 0.1125
0 0.5893229166666667 0.23148148148148148 0.6 0.23425925925925925 0.6028645833333334 0.24444444444444444 0.6028645833333334 0.3458333333333333 0.5989583333333334 0.35462962962962963 0.59375 0.3578703703703704 0.58046875 0.3560185185185185 0.5755208333333334 0.3458333333333333 0.5747395833333333 0.33194444444444443 0.5778645833333333 0.23796296296296296 0.5890625 0.23148148148148148
0 0.9713541666666666 0.47291666666666665 0.057291666666666664 0.07175925925925926
0 0.71015625 0.5472222222222223 0.7153645833333333 0.5532407407407407 0.7169270833333333 0.5662037037037037 0.7169270833333333 0.6023148148148149 0.7161458333333334 0.6125 0.7098958333333333 0.6157407407407407 0.6950520833333333 0.6152777777777778 0.6921875 0.6125 0.69375 0.5949074074074074 0.6924479166666667 0.5523148148148148 0.6994791666666667 0.5472222222222223 0.7098958333333333 0.5472222222222223
0 0.7041666666666667 0.674074074074074 0.7104166666666667 0.6787037037037037 0.7135416666666666 0.6907407407407408 0.7127604166666667 0.775 0.7111979166666667 0.7888888888888889 0.7067708333333333 0.7921296296296296 0.6888020833333334 0.7902777777777777 0.68359375 0.7814814814814814 0.68671875 0.6819444444444445 0.6927083333333334 0.6731481481481482 0.70390625 0.674074074074074
0 0.7377604166666667 0.6833333333333333 0.7447916666666666 0.6865740740740741 0.7479166666666667 0.6962962962962963 0.7515625 0.7574074074074074 0.7502604166666667 0.7759259259259259 0.740625 0.7814814814814814 0.7294270833333333 0.7805555555555556 0.7268229166666667 0.7777777777777778 0.7213541666666666 0.6962962962962963 0.7252604166666666 0.6865740740740741 0.7375 0.6833333333333333
0 0.5479166666666667 0.6671296296296296 0.5533854166666666 0.6712962962962963 0.55546875 0.6782407407407407 0.5565104166666667 0.7675925925925926 0.55234375 0.7805555555555556 0.5447916666666667 0.7851851851851852 0.5356770833333333 0.7837962962962963 0.5302083333333333 0.775 0.5283854166666667 0.7481481481481481 0.5283854166666667 0.6847222222222222 0.5294270833333333 0.6754629629629629 0.5328125 0.6699074074074074 0.54765625 0.6671296296296296
0 0.66953125 0.25787037037037036 0.6736979166666667 0.2652777777777778 0.675 0.2851851851851852 0.6731770833333334 0.337037037037037 0.6723958333333333 0.3416666666666667 0.66953125 0.3439814814814815 0.6510416666666666 0.3425925925925926 0.6484375 0.33564814814814814 0.6505208333333333 0.2625 0.6578125 0.2564814814814815 0.6692708333333334 0.25787037037037036
0 0.8174479166666667 0.37916666666666665 0.8518229166666667 0.387037037037037 0.8630208333333333 0.39305555555555555 0.8653645833333333 0.40694444444444444 0.8640625 0.42314814814814816 0.8619791666666666 0.43148148148148147 0.8572916666666667 0.4356481481481482 0.83125 0.43194444444444446 0.803125 0.4236111111111111 0.80078125 0.41759259259259257 0.8005208333333333 0.40324074074074073 0.8033854166666666 0.38564814814814813 0.8072916666666666 0.3800925925925926 0.8171875 0.37916666666666665
0 0.7828125 0.11064814814814815 0.7856770833333333 0.1162037037037037 0.7885416666666667 0.1439814814814815 0.7880208333333333 0.18333333333333332 0.7861979166666667 0.20324074074074075 0.7833333333333333 0.20972222222222223 0.77734375 0.2125 0.7674479166666667 0.2101851851851852 0.7606770833333333 0.19953703703703704 0.75859375 0.1259259259259259 0.7609375 0.11527777777777778 0.7640625 0.1111111111111111 0.7825520833333334 0.11064814814814815
0 0.8942708333333333 0.5504629629629629 0.9026041666666667 0.5532407407407407 0.9072916666666667 0.5601851851851852 0.9088541666666666 0.5967592592592592 0.9080729166666667 0.6472222222222223 0.9026041666666667 0.6578703703703703 0.8973958333333333 0.6601851851851852 0.8864583333333333 0.6592592592592592 0.8825520833333333 0.6555555555555556 0.8796875 0.6097222222222223 0.8809895833333333 0.5569444444444445 0.8838541666666667 0.5527777777777778 0.8940104166666667 0.5504629629629629
0 0.4171875 0 0.43854166666666666 0 0.4359375 0.008333333333333333 0.42864583333333334 0.014814814814814815 0.41875 0.009722222222222222 0.4171875 0.000462962962962963
0 0.78359375 0.22777777777777777 0.7903645833333334 0.2361111111111111 0.7921875 0.2449074074074074 0.7932291666666667 0.3 0.79140625 0.32916666666666666 0.7885416666666667 0.33564814814814814 0.7828125 0.3384259259259259 0.7716145833333333 0.3365740740740741 0.7669270833333334 0.3277777777777778 0.7645833333333333 0.2513888888888889 0.765625 0.23796296296296296 0.7684895833333333 0.2310185185185185 0.7747395833333334 0.22685185185185186 0.7833333333333333 0.22777777777777777
0 0.7453125 0.5291666666666667 0.75 0.5328703703703703 0.7520833333333333 0.5402777777777777 0.7520833333333333 0.6180555555555556 0.7497395833333333 0.6291666666666667 0.74296875 0.6342592592592593 0.7322916666666667 0.6333333333333333 0.7268229166666667 0.6263888888888889 0.7265625 0.5902777777777778 0.7283854166666667 0.5328703703703703 0.7369791666666666 0.5282407407407408 0.7450520833333333 0.5291666666666667
0 0.9643229166666667 0.23935185185185184 0.9721354166666667 0.24259259259259258 0.9763020833333333 0.24814814814814815 0.9794270833333333 0.2861111111111111 0.9776041666666667 0.3402777777777778 0.9736979166666667 0.3490740740740741 0.9666666666666667 0.3527777777777778 0.9520833333333333 0.3490740740740741 0.9453125 0.33287037037037037 0.9481770833333333 0.29444444444444445 0.946875 0.25833333333333336 0.9528645833333333 0.24259259259259258 0.9640625 0.23935185185185184
0 0.85859375 0.5439814814814815 0.86953125 0.5513888888888889 0.8705729166666667 0.5689814814814815 0.8666666666666667 0.6546296296296297 0.8625 0.6648148148148149 0.8559895833333333 0.6666666666666666 0.8421875 0.6620370370370371 0.8390625 0.649074074074074 0.84375 0.5601851851851852 0.8489583333333334 0.5449074074074074 0.8583333333333333 0.5439814814814815
0 0.8578125 0.986574074074074 0.8661458333333333 0.9907407407407407 0.8690104166666667 0.999537037037037 0.84140625 0.999537037037037 0.8455729166666667 0.9888888888888889 0.8575520833333333 0.986574074074074
0 0.6591145833333333 0.6837962962962963 0.6734375 0.6893518518518519 0.6752604166666667 0.6935185185185185 0.6760416666666667 0.7069444444444445 0.6744791666666666 0.7782407407407408 0.6713541666666667 0.7925925925925926 0.66328125 0.8 0.6497395833333334 0.7967592592592593 0.646875 0.7916666666666666 0.64609375 0.7787037037037037 0.6479166666666667 0.6990740740740741 0.6513020833333333 0.687037037037037 0.6588541666666666 0.6837962962962963
0 0.759375 0 0.82109375 0 0.8143229166666667 0.00787037037037037 0.79765625 0.006481481481481481 0.76953125 0.011111111111111112 0.7609375 0.008333333333333333 0.759375 0.000462962962962963
0 0.7203125 0.4287037037037037 0.7244791666666667 0.43194444444444446 0.7299479166666667 0.4486111111111111 0.7299479166666667 0.4634259259259259 0.72734375 0.4703703703703704 0.6794270833333333 0.49953703703703706 0.6682291666666667 0.49953703703703706 0.6645833333333333 0.4925925925925926 0.6611979166666667 0.48009259259259257 0.6614583333333334 0.46805555555555556 0.6640625 0.4601851851851852 0.6763020833333333 0.44907407407407407 0.7200520833333334 0.42916666666666664
0 0.78359375 0.6722222222222223 0.78984375 0.6782407407407407 0.7916666666666666 0.6888888888888889 0.79375 0.7680555555555556 0.79375 0.7763888888888889 0.790625 0.7893518518518519 0.7841145833333333 0.7949074074074074 0.7723958333333333 0.7939814814814815 0.7666666666666667 0.7856481481481481 0.7645833333333333 0.7652777777777777 0.7643229166666666 0.7287037037037037 0.765625 0.6782407407407407 0.7697916666666667 0.6731481481481482 0.7833333333333333 0.6722222222222223
0 0.7015625 0.11342592592592593 0.7098958333333333 0.1162037037037037 0.7119791666666667 0.12175925925925926 0.7138020833333333 0.1699074074074074 0.7122395833333334 0.20324074074074075 0.703125 0.21203703703703702 0.6908854166666667 0.2101851851851852 0.68828125 0.2064814814814815 0.6872395833333333 0.19907407407407407 0.6885416666666667 0.12222222222222222 0.6921875 0.11527777777777778 0.7013020833333333 0.11342592592592593
0 0.58515625 0.6800925925925926 0.5924479166666666 0.6824074074074075 0.5966145833333333 0.6875 0.59921875 0.7064814814814815 0.5973958333333333 0.7162037037037037 0.59765625 0.7449074074074075 0.5947916666666667 0.7921296296296296 0.5919270833333333 0.8018518518518518 0.58515625 0.8083333333333333 0.5765625 0.8074074074074075 0.5708333333333333 0.8023148148148148 0.5677083333333334 0.7847222222222222 0.5697916666666667 0.7712962962962963 0.57265625 0.6888888888888889 0.5755208333333334 0.6819444444444445 0.5848958333333333 0.6800925925925926
0 0.8208333333333333 0.22962962962962963 0.8244791666666667 0.23703703703703705 0.8263020833333333 0.24861111111111112 0.8268229166666666 0.30787037037037035 0.8247395833333333 0.3143518518518518 0.8171875 0.31712962962962965 0.80703125 0.31666666666666665 0.8028645833333333 0.3106481481481482 0.8015625 0.23935185185185184 0.8028645833333333 0.2337962962962963 0.80703125 0.22916666666666666 0.8205729166666667 0.22962962962962963
0 0.89765625 0.24722222222222223 0.9041666666666667 0.24861111111111112 0.9091145833333333 0.2550925925925926 0.9158854166666667 0.28888888888888886 0.9143229166666667 0.3 0.915625 0.32407407407407407 0.9145833333333333 0.3486111111111111 0.9114583333333334 0.35694444444444445 0.9028645833333333 0.36018518518518516 0.8903645833333333 0.35833333333333334 0.8828125 0.34629629629629627 0.8833333333333333 0.33425925925925926 0.8856770833333333 0.3282407407407407 0.8854166666666666 0.31574074074074077 0.88359375 0.28564814814814815 0.8802083333333334 0.27870370370370373 0.8802083333333334 0.27314814814814814 0.8872395833333333 0.2513888888888889 0.8973958333333333 0.24722222222222223
0 0.6309895833333333 0.22916666666666666 0.6375 0.23425925925925925 0.640625 0.24722222222222223 0.6393229166666666 0.28703703703703703 0.6411458333333333 0.325 0.6388020833333333 0.3365740740740741 0.63046875 0.34074074074074073 0.6197916666666666 0.3398148148148148 0.6143229166666667 0.33194444444444443 0.61328125 0.24027777777777778 0.6153645833333333 0.23333333333333334 0.6184895833333334 0.23055555555555557 0.6307291666666667 0.22916666666666666
0 0.8166666666666667 0.6777777777777778 0.8231770833333333 0.6805555555555556 0.8268229166666666 0.6856481481481481 0.828125 0.7541666666666667 0.8260416666666667 0.7814814814814814 0.82109375 0.7875 0.8143229166666667 0.7893518518518519 0.8033854166666666 0.7837962962962963 0.8 0.7726851851851851 0.8005208333333333 0.7444444444444445 0.8020833333333334 0.7379629629629629 0.8 0.6944444444444444 0.8033854166666666 0.6810185185185185 0.81640625 0.6777777777777778