0 0.89296875 0.12638888888888888 0.8953125 0.13194444444444445 0.8971354166666666 0.15416666666666667 0.8986979166666667 0.19490740740740742 0.89765625 0.2212962962962963 0.8940104166666667 0.23796296296296296 0.8859375 0.2412037037037037 0.8752604166666667 0.23981481481481481 0.8703125 0.22777777777777777 0.8690104166666667 0.14953703703703702 0.8705729166666667 0.13425925925925927 0.8744791666666667 0.12638888888888888 0.88203125 0.12361111111111112 0.8927083333333333 0.12638888888888888
0 0.8111979166666666 0.10277777777777777 0.8158854166666667 0.10555555555555556 0.81953125 0.11296296296296296 0.8229166666666666 0.1449074074074074 0.8208333333333333 0.19537037037037036 0.81796875 0.2013888888888889 0.8111979166666666 0.20462962962962963 0.8013020833333333 0.20324074074074075 0.79609375 0.19583333333333333 0.7971354166666667 0.1675925925925926 0.7942708333333334 0.13194444444444445 0.7950520833333333 0.11990740740740741 0.8005208333333333 0.10601851851851851 0.8109375 0.10277777777777777
0 0.6231770833333333 0.6833333333333333 0.6302083333333334 0.6856481481481481 0.6341145833333334 0.6953703703703704 0.6359375 0.7550925925925925 0.6341145833333334 0.7958333333333333 0.63125 0.8078703703703703 0.62578125 0.8125 0.6122395833333333 0.8115740740740741 0.60703125 0.8069444444444445 0.6049479166666667 0.7981481481481482 0.6059895833333333 0.7754629629629629 0.6044270833333333 0.7541666666666667 0.60859375 0.6930555555555555 0.6127604166666667 0.6856481481481481 0.6229166666666667 0.6837962962962963
0 0.7447916666666666 0.25601851851851853 0.7489583333333333 0.262037037037037 0.7518229166666667 0.2791666666666667 0.7533854166666667 0.3476851851851852 0.75078125 0.35555555555555557 0.7411458333333333 0.3587962962962963 0.73203125 0.35694444444444445 0.728125 0.3486111111111111 0.7268229166666667 0.29259259259259257 0.7247395833333333 0.2722222222222222 0.7307291666666667 0.2564814814814815 0.7369791666666666 0.25416666666666665 0.74453125 0.25601851851851853
0 0.40963541666666664 0.12407407407407407 0.42213541666666665 0.13333333333333333 0.42421875 0.13796296296296295 0.42473958333333334 0.1476851851851852 0.4078125 0.21296296296296297 0.40130208333333334 0.22083333333333333 0.3885416666666667 0.21342592592592594 0.38619791666666664 0.20555555555555555 0.3859375 0.19537037037037036 0.40130208333333334 0.13055555555555556 0.4044270833333333 0.12407407407407407 0.409375 0.12407407407407407
0 0.6997395833333333 0.25046296296296294 0.7067708333333333 0.25277777777777777 0.7106770833333333 0.25833333333333336 0.7125 0.30694444444444446 0.7109375 0.3490740740740741 0.7005208333333334 0.35555555555555557 0.6921875 0.3541666666666667 0.6875 0.3476851851851852 0.6856770833333333 0.287962962962963 0.6872395833333333 0.25555555555555554 0.6908854166666667 0.2513888888888889 0.6994791666666667 0.25046296296296294
0 0.9786458333333333 0 0.9861979166666667 0 0.9979166666666667 0.028703703703703703 0.9997395833333333 0.029166666666666667 0.9997395833333333 0.04259259259259259 0.9979166666666667 0.043055555555555555 0.9997395833333333 0.04351851851851852 0.9997395833333333 0.06944444444444445 0.9971354166666667 0.07222222222222222 0.99765625 0.08009259259259259 0.9997395833333333 0.08148148148148149 0.9997395833333333 0.11481481481481481 0.9919270833333333 0.1125 0.984375 0.09907407407407408 0.98359375 0.08888888888888889 0.96328125 0.022685185185185187 0.9703125 0.007407407407407408 0.9786458333333333 0.000462962962962963
0 0.8494791666666667 0.13333333333333333 0.8565104166666667 0.13703703703703704 0.859375 0.14351851851851852 0.86015625 0.19953703703703704 0.8588541666666667 0.22037037037037038 0.8567708333333334 0.2263888888888889 0.85234375 0.23194444444444445 0.8458333333333333 0.23333333333333334 0.8356770833333333 0.2310185185185185 0.8325520833333333 0.22407407407407406 0.8325520833333333 0.14629629629629629 0.83515625 0.13518518518518519 0.84921875 0.13333333333333333
0 0.8190104166666666 0.5509259259259259 0.82265625 0.5569444444444445 0.8247395833333333 0.5722222222222222 0.8255208333333334 0.6504629629629629 0.8221354166666667 0.6587962962962963 0.81484375 0.6615740740740741 0.80390625 0.6601851851851852 0.7989583333333333 0.6537037037037037 0.7994791666666666 0.6175925925925926 0.796875 0.5745370370370371 0.8002604166666667 0.5509259259259259 0.81875 0.5509259259259259
0 0.8643229166666667 0.6925925925925925 0.8697916666666666 0.7013888888888888 0.8713541666666667 0.7111111111111111 0.8729166666666667 0.7953703703703704 0.8713541666666667 0.8069444444444445 0.8635416666666667 0.812037037037037 0.8486979166666667 0.8087962962962963 0.8442708333333333 0.7972222222222223 0.8442708333333333 0.7398148148148148 0.8416666666666667 0.7087962962962963 0.8427083333333333 0.7027777777777777 0.8489583333333334 0.6935185185185185 0.8640625 0.6925925925925925
0 0.9104166666666667 0.4046296296296296 0.9471354166666667 0.42453703703703705 0.9546875 0.43194444444444446 0.9557291666666666 0.44537037037037036 0.9536458333333333 0.4587962962962963 0.9497395833333333 0.4689814814814815 0.94609375 0.4722222222222222 0.9166666666666666 0.46064814814814814 0.8903645833333333 0.44212962962962965 0.8903645833333333 0.425 0.8940104166666667 0.40925925925925927 0.9002604166666667 0.40324074074074073 0.91015625 0.4046296296296296
0 0.5502604166666667 0.5347222222222222 0.55703125 0.5370370370370371 0.5596354166666667 0.5425925925925926 0.5580729166666667 0.6037037037037037 0.5591145833333333 0.6300925925925925 0.5565104166666667 0.6476851851851851 0.5513020833333333 0.6523148148148148 0.5364583333333334 0.65 0.5325520833333334 0.6444444444444445 0.5317708333333333 0.638425925925926 0.5348958333333333 0.5398148148148149 0.5390625 0.5347222222222222 0.55 0.5347222222222222
0 0.6223958333333334 0.5416666666666666 0.6296875 0.5458333333333333 0.6317708333333333 0.5537037037037037 0.6348958333333333 0.6319444444444444 0.6338541666666667 0.6509259259259259 0.63046875 0.6574074074074074 0.62421875 0.6601851851851852 0.6130208333333333 0.6597222222222222 0.6078125 0.6513888888888889 0.6044270833333333 0.5810185185185185 0.6044270833333333 0.5546296296296296 0.6059895833333333 0.5472222222222223 0.6109375 0.5425925925925926 0.6221354166666667 0.5416666666666666
0 0.6669270833333333 0.12268518518518519 0.671875 0.125 0.675 0.1361111111111111 0.67578125 0.21157407407407408 0.6739583333333333 0.22592592592592592 0.6625 0.23657407407407408 0.6520833333333333 0.23472222222222222 0.646875 0.2273148148148148 0.646875 0.1824074074074074 0.6510416666666666 0.1300925925925926 0.65703125 0.12222222222222222 0.6666666666666666 0.12268518518518519
0 0.7796875 0.5504629629629629 0.7846354166666667 0.5537037037037037 0.7880208333333333 0.5606481481481481 0.78984375 0.575925925925926 0.7908854166666667 0.6300925925925925 0.7893229166666667 0.6509259259259259 0.78046875 0.6583333333333333 0.7713541666666667 0.6578703703703703 0.7651041666666667 0.649537037037037 0.7614583333333333 0.5879629629629629 0.76328125 0.5574074074074075 0.7690104166666667 0.5518518518518518 0.7794270833333333 0.5504629629629629
0 0.8559895833333333 0.5532407407407407 0.8666666666666667 0.5578703703703703 0.8692708333333333 0.575925925925926 0.8661458333333333 0.6569444444444444 0.86328125 0.6689814814814815 0.8567708333333334 0.6759259259259259 0.8408854166666667 0.6712962962962963 0.8377604166666667 0.6587962962962963 0.8416666666666667 0.5712962962962963 0.8463541666666666 0.5560185185185185 0.8557291666666667 0.5532407407407407
0 0.5888020833333333 0.12037037037037036 0.59765625 0.12314814814814815 0.6005208333333333 0.13564814814814816 0.5994791666666667 0.21851851851851853 0.5955729166666667 0.22777777777777777 0.5888020833333333 0.23287037037037037 0.5776041666666667 0.22962962962962963 0.5739583333333333 0.22453703703703703 0.5721354166666667 0.21342592592592594 0.5744791666666667 0.1300925925925926 0.57734375 0.12268518518518519 0.5885416666666666 0.12037037037037036
0 0.8919270833333334 0.5597222222222222 0.9044270833333333 0.5662037037037037 0.9065104166666667 0.5810185185185185 0.9075520833333334 0.6509259259259259 0.9036458333333334 0.6657407407407407 0.8955729166666667 0.6699074074074074 0.8833333333333333 0.6685185185185185 0.8796875 0.6587962962962963 0.87890625 0.5671296296296297 0.88359375 0.5611111111111111 0.8916666666666667 0.5597222222222222
0 0.7098958333333333 0.5574074074074075 0.7135416666666666 0.5671296296296297 0.71484375 0.6185185185185185 0.7130208333333333 0.6236111111111111 0.70390625 0.625 0.6924479166666667 0.624537037037037 0.690625 0.6217592592592592 0.6916666666666667 0.5916666666666667 0.6901041666666666 0.5638888888888889 0.69140625 0.5592592592592592 0.6950520833333333 0.5569444444444445 0.7096354166666666 0.5574074074074075
0 0.70234375 0.6828703703703703 0.7088541666666667 0.687962962962963 0.7119791666666667 0.6990740740740741 0.7109375 0.7898148148148149 0.7104166666666667 0.7962962962962963 0.70546875 0.8009259259259259 0.6885416666666667 0.8 0.6841145833333333 0.7972222222222223 0.6815104166666667 0.7912037037037037 0.6854166666666667 0.6888888888888889 0.6890625 0.6833333333333333 0.7020833333333333 0.6828703703703703
0 0.7359375 0.6925925925925925 0.7424479166666667 0.6949074074074074 0.7458333333333333 0.7032407407407407 0.7494791666666667 0.7787037037037037 0.746875 0.787962962962963 0.7348958333333333 0.7907407407407407 0.7265625 0.7898148148148149 0.7236979166666667 0.7837962962962963 0.71953125 0.7046296296296296 0.7203125 0.6995370370370371 0.7236979166666667 0.6953703703703704 0.7356770833333334 0.6925925925925925
0 0.5453125 0.6768518518518518 0.55 0.6791666666666667 0.5536458333333333 0.6861111111111111 0.5552083333333333 0.7689814814814815 0.5541666666666667 0.7814814814814814 0.5515625 0.788425925925926 0.5434895833333333 0.7949074074074074 0.5322916666666667 0.7921296296296296 0.528125 0.7833333333333333 0.5265625 0.6958333333333333 0.5291666666666667 0.6810185185185185 0.5356770833333333 0.6768518518518518 0.5450520833333333 0.6768518518518518
0 0.6286458333333333 0.23796296296296296 0.6361979166666667 0.24444444444444444 0.6385416666666667 0.26481481481481484 0.6369791666666667 0.2902777777777778 0.63828125 0.33611111111111114 0.6364583333333333 0.3453703703703704 0.6299479166666667 0.35 0.6145833333333334 0.3476851851851852 0.6122395833333333 0.3425925925925926 0.6114583333333333 0.33194444444444443 0.6119791666666666 0.24722222222222223 0.6190104166666667 0.23842592592592593 0.6283854166666667 0.23796296296296296
0 0.9028645833333333 0.25833333333333336 0.90859375 0.26851851851851855 0.9138020833333333 0.29907407407407405 0.9119791666666667 0.3037037037037037 0.9122395833333333 0.3592592592592593 0.90859375 0.3662037037037037 0.9013020833333333 0.36944444444444446 0.8877604166666667 0.3675925925925926 0.8817708333333333 0.3587962962962963 0.8807291666666667 0.34814814814814815 0.8830729166666667 0.3398148148148148 0.8830729166666667 0.3199074074074074 0.8815104166666666 0.29305555555555557 0.8783854166666667 0.28425925925925927 0.8822916666666667 0.2652777777777778 0.8859375 0.25925925925925924 0.8924479166666667 0.2564814814814815 0.9026041666666667 0.25833333333333336
0 0.7799479166666666 0.11944444444444445 0.7838541666666666 0.12731481481481483 0.78671875 0.17777777777777778 0.7861979166666667 0.19953703703703704 0.7830729166666667 0.2162037037037037 0.7723958333333333 0.22407407407407406 0.7643229166666666 0.21851851851851853 0.7627604166666667 0.21203703703703702 0.7583333333333333 0.20972222222222223 0.7567708333333333 0.13657407407407407 0.75859375 0.12546296296296297 0.7622395833333333 0.11990740740740741 0.7796875 0.11944444444444445
0 0.9346354166666667 0.5504629629629629 0.9408854166666667 0.5541666666666667 0.9447916666666667 0.5638888888888889 0.94765625 0.6055555555555555 0.9473958333333333 0.6625 0.94375 0.6722222222222223 0.9356770833333333 0.675 0.9244791666666666 0.6722222222222223 0.9208333333333333 0.6657407407407407 0.9171875 0.6194444444444445 0.91875 0.6050925925925926 0.9158854166666667 0.5712962962962963 0.91640625 0.5606481481481481 0.9200520833333333 0.5532407407407407 0.934375 0.5504629629629629
0 0.9619791666666667 0.12407407407407407 0.9700520833333334 0.12824074074074074 0.9736979166666667 0.1337962962962963 0.97578125 0.15787037037037038 0.9752604166666666 0.22407407407407406 0.971875 0.23148148148148148 0.9640625 0.23564814814814813 0.95625 0.23425925925925925 0.9486979166666667 0.22546296296296298 0.946875 0.21712962962962962 0.9481770833333333 0.19814814814814816 0.94609375 0.18981481481481483 0.9471354166666667 0.16342592592592592 0.9455729166666667 0.15 0.9471354166666667 0.1375 0.9528645833333333 0.1259259259259259 0.96171875 0.12407407407407407
0 0.6630208333333333 0.950462962962963 0.6705729166666666 0.9666666666666667 0.67109375 0.999537037037037 0.6432291666666666 0.999537037037037 0.6427083333333333 0.9708333333333333 0.6450520833333333 0.9560185185185185 0.64765625 0.9513888888888888 0.6544270833333333 0.9481481481481482 0.6627604166666666 0.950462962962963
0 0.8567708333333334 0.25046296296296294 0.8627604166666667 0.2652777777777778 0.8661458333333333 0.3365740740740741 0.8630208333333333 0.35185185185185186 0.8515625 0.3541666666666667 0.8453125 0.3541666666666667 0.8401041666666667 0.3490740740740741 0.834375 0.26342592592592595 0.83671875 0.25462962962962965 0.8416666666666667 0.24953703703703703 0.85234375 0.24768518518518517 0.8565104166666667 0.25046296296296294
0 0.78203125 0.23703703703703705 0.7877604166666666 0.2439814814814815 0.7901041666666667 0.2523148148148148 0.790625 0.3277777777777778 0.7885416666666667 0.3416666666666667 0.7796875 0.3472222222222222 0.76875 0.3453703703703704 0.7645833333333333 0.3388888888888889 0.7622395833333333 0.2675925925925926 0.7630208333333334 0.25046296296296294 0.7658854166666667 0.2412037037037037 0.7723958333333333 0.23564814814814813 0.7817708333333333 0.23703703703703705
0 0.7395833333333334 0.5375 0.7463541666666667 0.5398148148148149 0.75 0.5444444444444444 0.7513020833333334 0.600925925925926 0.7486979166666666 0.6370370370370371 0.7401041666666667 0.6435185185185185 0.7302083333333333 0.6421296296296296 0.72578125 0.6370370370370371 0.7260416666666667 0.6111111111111112 0.7244791666666667 0.600925925925926 0.7260416666666667 0.5430555555555555 0.7299479166666667 0.5388888888888889 0.7393229166666667 0.5375
0 0.625 0.10416666666666667 0.6302083333333334 0.10601851851851851 0.6348958333333333 0.11203703703703703 0.6380208333333334 0.15833333333333333 0.6361979166666667 0.20601851851851852 0.6325520833333333 0.21388888888888888 0.6234375 0.21805555555555556 0.6153645833333333 0.21666666666666667 0.6104166666666667 0.20694444444444443 0.6109375 0.11944444444444445 0.6151041666666667 0.10833333333333334 0.6247395833333333 0.10416666666666667
0 0.96796875 0.25046296296296294 0.9721354166666667 0.25462962962962965 0.9752604166666666 0.26481481481481484 0.9765625 0.28564814814814815 0.9755208333333333 0.3425925925925926 0.97421875 0.3537037037037037 0.9713541666666666 0.3597222222222222 0.9638020833333333 0.362962962962963 0.9520833333333333 0.3587962962962963 0.9442708333333333 0.3453703703703704 0.9458333333333333 0.29583333333333334 0.9440104166666666 0.2726851851851852 0.9473958333333333 0.25833333333333336 0.9515625 0.2513888888888889 0.9677083333333333 0.25046296296296294
0 0.6645833333333333 0.2652777777777778 0.6690104166666667 0.26805555555555555 0.6716145833333333 0.2740740740740741 0.6729166666666667 0.29768518518518516 0.6713541666666667 0.34444444444444444 0.6692708333333334 0.3509259259259259 0.6640625 0.35324074074074074 0.6510416666666666 0.3527777777777778 0.646875 0.34814814814814815 0.6466145833333333 0.2898148148148148 0.6494791666666667 0.26851851851851855 0.6559895833333333 0.26481481481481484 0.6643229166666667 0.2652777777777778
0 0.6557291666666667 0.6930555555555555 0.66875 0.6953703703703704 0.6731770833333334 0.7 0.6739583333333333 0.7050925925925926 0.6723958333333333 0.7893518518518519 0.66640625 0.8069444444444445 0.6625 0.8087962962962963 0.65078125 0.8078703703703703 0.6471354166666666 0.8037037037037037 0.6450520833333333 0.7935185185185185 0.6463541666666667 0.7106481481481481 0.6486979166666667 0.6962962962962963 0.65546875 0.6930555555555555
0 0.69453125 0.41759259259259257 0.6994791666666667 0.4222222222222222 0.7182291666666667 0.4527777777777778 0.7307291666666667 0.475 0.7341145833333333 0.48518518518518516 0.7341145833333333 0.49537037037037035 0.7307291666666667 0.5046296296296297 0.7203125 0.5162037037037037 0.7135416666666666 0.5125 0.7065104166666667 0.5018518518518519 0.6783854166666666 0.45 0.6778645833333333 0.4393518518518518 0.68203125 0.42685185185185187 0.6890625 0.4185185185185185 0.6942708333333333 0.41759259259259257
0 0.7841145833333333 0.6833333333333333 0.7875 0.6865740740740741 0.7901041666666667 0.6990740740740741 0.7921875 0.7833333333333333 0.7908854166666667 0.7925925925925926 0.7872395833333333 0.8 0.7809895833333333 0.8041666666666667 0.7682291666666666 0.8009259259259259 0.7645833333333333 0.7930555555555555 0.7622395833333333 0.7013888888888888 0.765625 0.6842592592592592 0.7838541666666666 0.6833333333333333
0 0.7033854166666667 0.12361111111111112 0.7083333333333334 0.1259259259259259 0.7106770833333333 0.13657407407407407 0.7106770833333333 0.20694444444444443 0.70859375 0.21666666666666667 0.69921875 0.2212962962962963 0.6893229166666667 0.21944444444444444 0.6856770833333333 0.21203703703703702 0.6859375 0.13287037037037036 0.6893229166666667 0.12546296296296297 0.703125 0.12361111111111112
0 0.8166666666666667 0.23796296296296296 0.8216145833333334 0.24212962962962964 0.8236979166666667 0.25462962962962965 0.8255208333333334 0.3143518518518518 0.8231770833333333 0.3236111111111111 0.8140625 0.3263888888888889 0.80625 0.32592592592592595 0.8015625 0.32083333333333336 0.8018229166666667 0.287962962962963 0.7989583333333333 0.25462962962962965 0.8 0.2449074074074074 0.8028645833333333 0.24027777777777778 0.81640625 0.23796296296296296
0 0.7880208333333333 0.40324074074074073 0.8317708333333333 0.40925925925925927 0.8408854166666667 0.41435185185185186 0.8427083333333333 0.42777777777777776 0.8419270833333333 0.44675925925925924 0.8380208333333333 0.45416666666666666 0.8296875 0.45694444444444443 0.7859375 0.45231481481481484 0.7763020833333333 0.44675925925925924 0.7723958333333333 0.4351851851851852 0.7734375 0.4148148148148148 0.7794270833333333 0.4046296296296296 0.7877604166666666 0.40324074074074073
0 0.5888020833333333 0.24166666666666667 0.5981770833333333 0.24444444444444444 0.6002604166666666 0.2513888888888889 0.6005208333333333 0.26990740740740743 0.6083333333333333 0.2759259259259259 0.6015625 0.29953703703703705 0.6013020833333333 0.35509259259259257 0.5963541666666666 0.36435185185185187 0.5916666666666667 0.3675925925925926 0.58046875 0.36712962962962964 0.57578125 0.36203703703703705 0.5736979166666667 0.35509259259259257 0.5723958333333333 0.32685185185185184 0.5640625 0.31296296296296294 0.5627604166666667 0.30694444444444446 0.5640625 0.29768518518518516 0.57109375 0.30185185185185187 0.5736979166666667 0.2967592592592593 0.57578125 0.24768518518518517 0.5783854166666667 0.2439814814814815 0.5885416666666666 0.24166666666666667
0 0.81640625 0.6875 0.8221354166666667 0.6907407407407408 0.8255208333333334 0.6972222222222222 0.82578125 0.7712962962962963 0.8247395833333333 0.7912037037037037 0.8153645833333333 0.7981481481481482 0.8015625 0.7935185185185185 0.7981770833333334 0.7819444444444444 0.7981770833333334 0.7620370370370371 0.8015625 0.7337962962962963 0.79765625 0.6986111111111111 0.803125 0.6884259259259259 0.8161458333333333 0.6875
0 0.5856770833333333 0.6898148148148148 0.5942708333333333 0.6958333333333333 0.596875 0.7143518518518519 0.5932291666666667 0.8013888888888889 0.5901041666666667 0.8125 0.5848958333333333 0.8180555555555555 0.5736979166666667 0.8171296296296297 0.5671875 0.8106481481481481 0.565625 0.7962962962962963 0.5674479166666667 0.7736111111111111 0.5651041666666666 0.7574074074074074 0.5677083333333334 0.7472222222222222 0.5684895833333333 0.7134259259259259 0.57109375 0.6939814814814815 0.5755208333333334 0.6898148148148148 0.5854166666666667 0.6898148148148148