0 0.88671875 0.13240740740740742 0.8919270833333334 0.13564814814814816 0.8934895833333333 0.14027777777777778 0.8958333333333334 0.1685185185185185 0.8963541666666667 0.20972222222222223 0.8953125 0.24027777777777778 0.8916666666666667 0.24722222222222223 0.88515625 0.24953703703703703 0.8731770833333333 0.24814814814814815 0.86875 0.2388888888888889 0.8658854166666666 0.15648148148148147 0.87109375 0.13564814814814816 0.8864583333333333 0.13240740740740742
0 0.5427083333333333 0.6847222222222222 0.54921875 0.6888888888888889 0.5515625 0.6953703703703704 0.5533854166666666 0.7833333333333333 0.5515625 0.7939814814814815 0.5484375 0.8 0.540625 0.8037037037037037 0.5296875 0.8 0.5255208333333333 0.7888888888888889 0.5255208333333333 0.7412037037037037 0.528125 0.7305555555555555 0.52421875 0.7087962962962963 0.525 0.6958333333333333 0.52734375 0.6888888888888889 0.5424479166666667 0.6847222222222222
0 0.7755208333333333 0.12731481481481483 0.7802083333333333 0.12962962962962962 0.7828125 0.13703703703703704 0.784375 0.19490740740740742 0.7833333333333333 0.22037037037037038 0.7791666666666667 0.2273148148148148 0.7731770833333333 0.2310185185185185 0.7640625 0.22824074074074074 0.7630208333333334 0.2199074074074074 0.7578125 0.21666666666666667 0.7559895833333333 0.14305555555555555 0.75703125 0.1337962962962963 0.7596354166666667 0.1287037037037037 0.7752604166666667 0.12731481481481483
0 0.6216145833333333 0.6921296296296297 0.628125 0.6953703703703704 0.6317708333333333 0.7032407407407407 0.6341145833333334 0.7435185185185185 0.63125 0.8143518518518519 0.6270833333333333 0.8203703703703704 0.6205729166666667 0.8217592592592593 0.60859375 0.8199074074074074 0.60390625 0.8106481481481481 0.6044270833333333 0.7851851851851852 0.6026041666666667 0.7620370370370371 0.60703125 0.7027777777777777 0.61171875 0.6935185185185185 0.6213541666666667 0.6921296296296297
0 0.7005208333333334 0.13148148148148148 0.7065104166666667 0.13472222222222222 0.7080729166666667 0.1398148148148148 0.709375 0.21064814814814814 0.7067708333333333 0.22407407407407406 0.6966145833333334 0.22962962962962963 0.6885416666666667 0.22824074074074074 0.6838541666666667 0.22037037037037038 0.684375 0.1439814814814815 0.6854166666666667 0.1361111111111111 0.6880208333333333 0.13287037037037036 0.7002604166666667 0.13148148148148148
0 0.9635416666666666 0.1337962962962963 0.9703125 0.14027777777777778 0.97265625 0.14814814814814814 0.9739583333333334 0.22453703703703703 0.9703125 0.23796296296296296 0.9609375 0.2439814814814815 0.9510416666666667 0.23981481481481481 0.94609375 0.22870370370370371 0.94375 0.15555555555555556 0.9455729166666667 0.14305555555555555 0.9489583333333333 0.13564814814814816 0.9549479166666667 0.13240740740740742 0.96328125 0.1337962962962963
0 0.8106770833333333 0.11157407407407408 0.815625 0.1162037037037037 0.81875 0.12361111111111112 0.8208333333333333 0.15231481481481482 0.8208333333333333 0.18564814814814815 0.8190104166666666 0.20277777777777778 0.8153645833333333 0.2101851851851852 0.8106770833333333 0.2125 0.7994791666666666 0.2111111111111111 0.7934895833333333 0.20277777777777778 0.7927083333333333 0.14444444444444443 0.79375 0.12731481481481483 0.7963541666666667 0.1175925925925926 0.803125 0.1111111111111111 0.8104166666666667 0.11157407407407408
0 0.7763020833333333 0.5587962962962963 0.7833333333333333 0.5625 0.7856770833333333 0.5685185185185185 0.7890625 0.6291666666666667 0.7869791666666667 0.6597222222222222 0.778125 0.6662037037037037 0.76875 0.6662037037037037 0.7645833333333333 0.6611111111111111 0.7619791666666667 0.649537037037037 0.7606770833333333 0.6231481481481481 0.7614583333333333 0.5662037037037037 0.765625 0.5606481481481481 0.7760416666666666 0.5587962962962963
0 0.8591145833333333 0.700462962962963 0.8651041666666667 0.7050925925925926 0.8684895833333334 0.7138888888888889 0.8708333333333333 0.7611111111111111 0.8708333333333333 0.8106481481481481 0.8682291666666667 0.8171296296296297 0.8614583333333333 0.8199074074074074 0.84765625 0.8175925925925925 0.8447916666666667 0.8143518518518519 0.8416666666666667 0.8027777777777778 0.8427083333333333 0.7791666666666667 0.8393229166666667 0.7189814814814814 0.840625 0.7097222222222223 0.8447916666666667 0.7032407407407407 0.85234375 0.6995370370370371 0.8588541666666667 0.700462962962963
0 0.8984375 0.2657407407407407 0.90546875 0.2726851851851852 0.9078125 0.2810185185185185 0.9083333333333333 0.2972222222222222 0.9119791666666667 0.30694444444444446 0.909375 0.31342592592592594 0.9109375 0.3449074074074074 0.9098958333333333 0.3699074074074074 0.9057291666666667 0.37592592592592594 0.89765625 0.37824074074074077 0.8869791666666667 0.3768518518518518 0.8791666666666667 0.36666666666666664 0.8786458333333333 0.3587962962962963 0.88125 0.3421296296296296 0.8802083333333334 0.30648148148148147 0.8765625 0.2916666666666667 0.8799479166666667 0.27546296296296297 0.8833333333333333 0.2689814814814815 0.88984375 0.2652777777777778 0.8981770833333333 0.2657407407407407
0 0.62421875 0.5509259259259259 0.6278645833333333 0.5537037037037037 0.6299479166666667 0.562037037037037 0.6333333333333333 0.6476851851851851 0.6322916666666667 0.6578703703703703 0.6291666666666667 0.6648148148148149 0.6200520833333333 0.6694444444444444 0.61015625 0.6680555555555555 0.6052083333333333 0.6583333333333333 0.60234375 0.5717592592592593 0.603125 0.5587962962962963 0.60546875 0.5527777777777778 0.6239583333333333 0.5509259259259259
0 0.8518229166666667 0.5606481481481481 0.8645833333333334 0.5662037037037037 0.8666666666666667 0.5768518518518518 0.8640625 0.6671296296296296 0.8598958333333333 0.6819444444444445 0.8536458333333333 0.6842592592592592 0.84140625 0.6819444444444445 0.83671875 0.6754629629629629 0.8356770833333333 0.6699074074074074 0.8359375 0.6361111111111111 0.8403645833333333 0.575462962962963 0.8434895833333333 0.5638888888888889 0.8515625 0.5606481481481481
0 0.7385416666666667 0.262037037037037 0.7450520833333333 0.26666666666666666 0.7484375 0.27685185185185185 0.7515625 0.34305555555555556 0.7515625 0.3560185185185185 0.7494791666666667 0.36527777777777776 0.73984375 0.3680555555555556 0.7309895833333333 0.3662037037037037 0.7265625 0.3592592592592593 0.7239583333333334 0.28379629629629627 0.72421875 0.27546296296296297 0.7276041666666667 0.26666666666666666 0.73828125 0.262037037037037
0 0.6614583333333334 0.1300925925925926 0.6697916666666667 0.13287037037037036 0.6729166666666667 0.1449074074074074 0.6716145833333333 0.22824074074074074 0.6658854166666667 0.2412037037037037 0.6578125 0.24537037037037038 0.6471354166666666 0.23796296296296296 0.64375 0.22037037037037038 0.64609375 0.20277777777777778 0.64609375 0.17175925925925925 0.6489583333333333 0.1398148148148148 0.6528645833333333 0.13148148148148148 0.6611979166666667 0.1300925925925926
0 0.7369791666666666 0.5458333333333333 0.7455729166666667 0.549074074074074 0.7481770833333333 0.5541666666666667 0.7494791666666667 0.5949074074074074 0.7473958333333334 0.6402777777777777 0.7450520833333333 0.6481481481481481 0.73671875 0.6518518518518519 0.7286458333333333 0.6509259259259259 0.7239583333333334 0.6462962962962963 0.7221354166666667 0.6092592592592593 0.7234375 0.5537037037037037 0.7270833333333333 0.5476851851851852 0.73671875 0.5458333333333333
0 0.5854166666666667 0.12824074074074074 0.5966145833333333 0.13425925925925927 0.5989583333333334 0.14212962962962963 0.5989583333333334 0.1537037037037037 0.59609375 0.2273148148148148 0.5921875 0.2375 0.5846354166666666 0.2412037037037037 0.5744791666666667 0.23657407407407408 0.5713541666666667 0.2300925925925926 0.5697916666666667 0.2199074074074074 0.5729166666666666 0.1375 0.5768229166666666 0.1300925925925926 0.58515625 0.12824074074074074
0 0.16510416666666666 0.8421296296296297 0.17109375 0.8453703703703703 0.17447916666666666 0.8523148148148149 0.17369791666666667 0.8944444444444445 0.16848958333333333 0.9449074074074074 0.16510416666666666 0.9495370370370371 0.15989583333333332 0.950925925925926 0.14765625 0.9486111111111111 0.14401041666666667 0.9407407407407408 0.14505208333333333 0.8800925925925925 0.15078125 0.85 0.1546875 0.8435185185185186 0.16484375 0.8421296296296297
0 0.93203125 0.5587962962962963 0.9393229166666667 0.5638888888888889 0.9427083333333334 0.5731481481481482 0.9463541666666667 0.6199074074074075 0.9455729166666667 0.6703703703703704 0.9424479166666667 0.6791666666666667 0.9361979166666666 0.6828703703703703 0.925 0.6824074074074075 0.9182291666666667 0.6722222222222223 0.9138020833333333 0.612037037037037 0.9143229166666667 0.5680555555555555 0.92109375 0.5597222222222222 0.9317708333333333 0.5587962962962963
0 0.5830729166666667 0.6976851851851852 0.5919270833333333 0.7032407407407407 0.59375 0.7097222222222223 0.59296875 0.7560185185185185 0.59140625 0.7615740740740741 0.5927083333333333 0.7837962962962963 0.5893229166666667 0.8185185185185185 0.5799479166666667 0.8263888888888888 0.5692708333333333 0.8245370370370371 0.5661458333333333 0.8189814814814815 0.5635416666666667 0.8060185185185185 0.5682291666666667 0.7356481481481482 0.5684895833333333 0.7060185185185185 0.57265625 0.6986111111111111 0.5828125 0.6976851851851852
0 0.703125 0.5648148148148148 0.7104166666666667 0.5680555555555555 0.71328125 0.5902777777777778 0.7125 0.6273148148148148 0.71015625 0.6328703703703704 0.6927083333333334 0.6328703703703704 0.6893229166666667 0.6319444444444444 0.6880208333333333 0.6277777777777778 0.6901041666666666 0.6069444444444444 0.6890625 0.5680555555555555 0.7028645833333333 0.5648148148148148
0 0.6994791666666667 0.6907407407407408 0.7083333333333334 0.6986111111111111 0.7109375 0.7129629629629629 0.7106770833333333 0.775 0.7088541666666667 0.8037037037037037 0.7067708333333333 0.8083333333333333 0.7028645833333333 0.8097222222222222 0.68515625 0.8083333333333333 0.6796875 0.8004629629629629 0.6825520833333333 0.7027777777777777 0.6888020833333334 0.6907407407407408 0.69921875 0.6907407407407408
0 0.7372395833333333 0.700925925925926 0.7421875 0.7050925925925926 0.7442708333333333 0.7138888888888889 0.7481770833333333 0.7898148148148149 0.7450520833333333 0.7967592592592593 0.7346354166666667 0.799537037037037 0.7263020833333333 0.799074074074074 0.72265625 0.7939814814814815 0.7197916666666667 0.7652777777777777 0.71796875 0.7097222222222223 0.7234375 0.7027777777777777 0.7369791666666666 0.700925925925926
0 0.6604166666666667 0.27361111111111114 0.6682291666666667 0.27824074074074073 0.6705729166666666 0.28888888888888886 0.6690104166666667 0.3560185185185185 0.6682291666666667 0.3592592592592593 0.6619791666666667 0.36157407407407405 0.6473958333333333 0.36018518518518516 0.64453125 0.3523148148148148 0.64609375 0.2824074074074074 0.65 0.275 0.66015625 0.27361111111111114
0 0.546875 0.5425925925925926 0.55546875 0.5453703703703704 0.5575520833333333 0.549537037037037 0.5572916666666666 0.6449074074074074 0.5536458333333333 0.6574074074074074 0.54765625 0.6611111111111111 0.53359375 0.6578703703703703 0.53046875 0.6518518518518519 0.5296875 0.6449074074074074 0.5328125 0.5467592592592593 0.5372395833333333 0.5430555555555555 0.5466145833333333 0.5425925925925926
0 0.70078125 0.2587962962962963 0.70859375 0.2657407407407407 0.7109375 0.3060185185185185 0.709375 0.3592592592592593 0.7065104166666667 0.3638888888888889 0.7018229166666666 0.3648148148148148 0.6924479166666667 0.3648148148148148 0.6854166666666667 0.3592592592592593 0.6830729166666667 0.29907407407407405 0.6830729166666667 0.2759259259259259 0.68515625 0.2638888888888889 0.6927083333333334 0.25833333333333336 0.7005208333333334 0.2587962962962963
0 0.6270833333333333 0.2462962962962963 0.634375 0.25092592592592594 0.6369791666666667 0.26296296296296295 0.6375 0.32592592592592595 0.6354166666666666 0.35 0.6302083333333334 0.35694444444444445 0.6247395833333333 0.35833333333333334 0.6138020833333333 0.35648148148148145 0.61015625 0.3486111111111111 0.6088541666666667 0.26481481481481484 0.6096354166666667 0.2550925925925926 0.6143229166666667 0.24814814814814815 0.6268229166666667 0.2462962962962963
0 0.8924479166666667 0.5685185185185185 0.8994791666666667 0.5708333333333333 0.903125 0.575925925925926 0.90546875 0.6287037037037037 0.9046875 0.6620370370370371 0.90078125 0.6722222222222223 0.8953125 0.6768518518518518 0.8833333333333333 0.6759259259259259 0.8786458333333333 0.6717592592592593 0.878125 0.6430555555555556 0.8752604166666667 0.6268518518518519 0.8768229166666667 0.5745370370370371 0.88359375 0.5689814814814815 0.8921875 0.5685185185185185
0 0.5484375 0.37962962962962965 0.5583333333333333 0.3939814814814815 0.5609375 0.4009259259259259 0.5606770833333333 0.4083333333333333 0.52421875 0.48055555555555557 0.515625 0.4888888888888889 0.5083333333333333 0.48564814814814816 0.5015625 0.47453703703703703 0.49973958333333335 0.4666666666666667 0.5015625 0.45046296296296295 0.5364583333333334 0.387037037037037 0.54296875 0.37962962962962965 0.5481770833333334 0.37962962962962965
0 0.6619791666666667 0.9824074074074074 0.6666666666666666 0.9879629629629629 0.66953125 0.999537037037037 0.6421875 0.999537037037037 0.64375 0.9879629629629629 0.6473958333333333 0.9828703703703704 0.66171875 0.9824074074074074
0 0.84921875 0.25601851851851853 0.85625 0.2601851851851852 0.8598958333333333 0.27037037037037037 0.8640625 0.33240740740740743 0.8635416666666667 0.3490740740740741 0.8614583333333333 0.3574074074074074 0.8497395833333333 0.362962962962963 0.8411458333333334 0.3611111111111111 0.8372395833333334 0.3560185185185185 0.8317708333333333 0.27870370370370373 0.8328125 0.2689814814814815 0.8372395833333334 0.2587962962962963 0.8489583333333334 0.25601851851851853
0 0.8486979166666667 0.14166666666666666 0.85390625 0.1439814814814815 0.8567708333333334 0.15185185185185185 0.8567708333333334 0.21898148148148147 0.8549479166666667 0.23564814814814813 0.8466145833333333 0.2412037037037037 0.8346354166666666 0.23981481481481481 0.8309895833333333 0.2337962962962963 0.8309895833333333 0.1537037037037037 0.8341145833333333 0.14351851851851852 0.8484375 0.14166666666666666
0 0.7067708333333333 0.387037037037037 0.73828125 0.38981481481481484 0.74453125 0.39305555555555555 0.746875 0.4097222222222222 0.7455729166666667 0.42685185185185187 0.7442708333333333 0.4324074074074074 0.7385416666666667 0.4356481481481482 0.6919270833333333 0.43333333333333335 0.6856770833333333 0.42916666666666664 0.68359375 0.41805555555555557 0.6856770833333333 0.3925925925925926 0.6927083333333334 0.3861111111111111 0.7065104166666667 0.387037037037037
0 0.6234375 0.11203703703703703 0.6299479166666667 0.1162037037037037 0.63359375 0.12453703703703704 0.6359375 0.17407407407407408 0.6338541666666667 0.2162037037037037 0.6307291666666667 0.22175925925925927 0.62265625 0.22592592592592592 0.6104166666666667 0.2222222222222222 0.6083333333333333 0.21388888888888888 0.6078125 0.19583333333333333 0.6088541666666667 0.12546296296296297 0.6135416666666667 0.1162037037037037 0.6231770833333333 0.11203703703703703
0 0.9645833333333333 0.25833333333333336 0.9703125 0.2638888888888889 0.97265625 0.2722222222222222 0.9752604166666666 0.2953703703703704 0.9755208333333333 0.3384259259259259 0.9716145833333333 0.362962962962963 0.9635416666666666 0.37037037037037035 0.9481770833333333 0.3662037037037037 0.9424479166666667 0.3560185185185185 0.9416666666666667 0.3486111111111111 0.9455729166666667 0.29305555555555557 0.9424479166666667 0.2861111111111111 0.9424479166666667 0.275 0.9489583333333333 0.25972222222222224 0.9643229166666667 0.25833333333333336
0 0.6385416666666667 0.43148148148148147 0.6440104166666667 0.4356481481481482 0.6533854166666667 0.4634259259259259 0.66015625 0.49953703703703706 0.6674479166666667 0.5259259259259259 0.6653645833333334 0.5398148148148149 0.6518229166666667 0.5504629629629629 0.6473958333333333 0.549074074074074 0.64375 0.5430555555555555 0.63515625 0.5087962962962963 0.6294270833333333 0.49398148148148147 0.6213541666666667 0.45694444444444443 0.6231770833333333 0.4425925925925926 0.63828125 0.43148148148148147
0 0.6565104166666667 0.7023148148148148 0.6692708333333334 0.7060185185185185 0.6716145833333333 0.712037037037037 0.6723958333333333 0.7305555555555555 0.6690104166666667 0.8069444444444445 0.6653645833333334 0.8143518518518519 0.659375 0.8175925925925925 0.6463541666666667 0.8138888888888889 0.6434895833333333 0.8069444444444445 0.6427083333333333 0.7962962962962963 0.6450520833333333 0.775 0.6458333333333334 0.7097222222222223 0.6479166666666667 0.7037037037037037 0.65625 0.7023148148148148
0 0.7791666666666667 0.6907407407407408 0.7875 0.6976851851851852 0.7901041666666667 0.7550925925925925 0.7901041666666667 0.7967592592592593 0.78671875 0.8069444444444445 0.7799479166666666 0.812962962962963 0.7692708333333333 0.8115740740740741 0.7625 0.8027777777777778 0.7606770833333333 0.7143518518518519 0.7619791666666667 0.6962962962962963 0.7638020833333333 0.6925925925925925 0.77890625 0.6907407407407408
0 0.7364583333333333 0.09953703703703703 0.74296875 0.10185185185185185 0.7471354166666667 0.1087962962962963 0.7481770833333333 0.15833333333333333 0.7455729166666667 0.2125 0.74140625 0.2199074074074074 0.7354166666666667 0.22175925925925927 0.7244791666666667 0.22083333333333333 0.7205729166666667 0.2175925925925926 0.7184895833333333 0.19722222222222222 0.7205729166666667 0.1763888888888889 0.7197916666666667 0.14722222222222223 0.7221354166666667 0.11018518518518519 0.7270833333333333 0.10138888888888889 0.7361979166666667 0.09953703703703703
0 0.8122395833333333 0.5574074074074075 0.8182291666666667 0.5606481481481481 0.8216145833333334 0.5680555555555555 0.8239583333333333 0.6013888888888889 0.8231770833333333 0.6611111111111111 0.8213541666666667 0.6666666666666666 0.8158854166666667 0.6694444444444444 0.8036458333333333 0.6689814814814815 0.7986979166666667 0.6657407407407407 0.7973958333333333 0.6615740740740741 0.7981770833333334 0.6185185185185185 0.7958333333333333 0.6 0.79609375 0.5671296296296297 0.79921875 0.5592592592592592 0.8119791666666667 0.5574074074074075
0 0.815625 0.24675925925925926 0.8197916666666667 0.25 0.821875 0.2564814814814815 0.8236979166666667 0.31574074074074077 0.8213541666666667 0.33194444444444443 0.8111979166666666 0.3351851851851852 0.803125 0.3337962962962963 0.7994791666666666 0.3282407407407407 0.79765625 0.25925925925925924 0.7989583333333333 0.2513888888888889 0.8026041666666667 0.24722222222222223 0.8153645833333333 0.24675925925925926
0 0.77734375 0.2439814814814815 0.7838541666666666 0.24814814814814815 0.7880208333333333 0.26157407407407407 0.7895833333333333 0.3282407407407407 0.7869791666666667 0.350462962962963 0.7828125 0.35462962962962963 0.7739583333333333 0.3560185185185185 0.7653645833333333 0.35324074074074074 0.7627604166666667 0.3458333333333333 0.7609375 0.3212962962962963 0.7609375 0.25972222222222224 0.7614583333333333 0.25462962962962965 0.7653645833333333 0.24814814814814815 0.7770833333333333 0.2439814814814815
0 0.81484375 0.6958333333333333 0.8197916666666667 0.6986111111111111 0.8223958333333333 0.7046296296296296 0.825 0.774074074074074 0.8221354166666667 0.8004629629629629 0.8140625 0.8074074074074075 0.8026041666666667 0.8046296296296296 0.7984375 0.7967592592592593 0.7966145833333333 0.7828703703703703 0.7984375 0.7587962962962963 0.796875 0.7064814814814815 0.8 0.6976851851851852 0.8145833333333333 0.6958333333333333