0 0.8872395833333333 0.12129629629629629 0.8940104166666667 0.12407407407407407 0.8963541666666667 0.1300925925925926 0.8989583333333333 0.21666666666666667 0.8979166666666667 0.2273148148148148 0.8947916666666667 0.23564814814814813 0.88359375 0.23935185185185184 0.875 0.23703703703703705 0.87109375 0.22685185185185186 0.8716145833333333 0.19490740740740742 0.8690104166666667 0.16944444444444445 0.8692708333333333 0.14953703703703702 0.8708333333333333 0.13333333333333333 0.8739583333333333 0.125 0.8869791666666667 0.12129629629629629
0 0.8127604166666667 0.10092592592592593 0.8177083333333334 0.10462962962962963 0.821875 0.11574074074074074 0.82421875 0.16435185185185186 0.821875 0.19444444444444445 0.8143229166666667 0.20185185185185187 0.8036458333333333 0.2013888888888889 0.79609375 0.1925925925925926 0.79765625 0.18194444444444444 0.7963541666666667 0.1162037037037037 0.8005208333333333 0.10416666666666667 0.8125 0.10092592592592593
0 0.6247395833333333 0.6824074074074075 0.6302083333333334 0.6851851851851852 0.63359375 0.6925925925925925 0.63671875 0.7273148148148149 0.6338541666666667 0.8037037037037037 0.6299479166666667 0.8106481481481481 0.62421875 0.8125 0.6158854166666666 0.8125 0.6083333333333333 0.8078703703703703 0.6052083333333333 0.799074074074074 0.6049479166666667 0.787962962962963 0.6083333333333333 0.7412037037037037 0.6088541666666667 0.6930555555555555 0.6127604166666667 0.6851851851851852 0.6244791666666667 0.6824074074074075
0 0.21692708333333333 0.350462962962963 0.2265625 0.35555555555555557 0.22786458333333334 0.3611111111111111 0.22317708333333333 0.41435185185185186 0.22135416666666666 0.41898148148148145 0.21692708333333333 0.42083333333333334 0.203125 0.4166666666666667 0.19895833333333332 0.4115740740740741 0.203125 0.362962962962963 0.20807291666666666 0.35138888888888886 0.21666666666666667 0.350462962962963
0 0.9645833333333333 0.12222222222222222 0.97109375 0.1259259259259259 0.97421875 0.13148148148148148 0.9763020833333333 0.15462962962962962 0.9760416666666667 0.22083333333333333 0.9703125 0.23148148148148148 0.9666666666666667 0.2337962962962963 0.9565104166666667 0.23194444444444445 0.9486979166666667 0.22037037037037038 0.94765625 0.1648148148148148 0.94609375 0.15555555555555556 0.9466145833333334 0.14027777777777778 0.9489583333333333 0.13055555555555556 0.9557291666666666 0.12268518518518519 0.9643229166666667 0.12222222222222222
0 0.81796875 0.5486111111111112 0.8229166666666666 0.5537037037037037 0.8247395833333333 0.562037037037037 0.8265625 0.6268518518518519 0.825 0.6550925925925926 0.8169270833333333 0.6597222222222222 0.80390625 0.6587962962962963 0.79921875 0.6509259259259259 0.8 0.6055555555555555 0.7981770833333334 0.5671296296296297 0.80078125 0.55 0.8177083333333334 0.5486111111111112
0 0.865625 0.6916666666666667 0.8697916666666666 0.6967592592592593 0.87265625 0.7134259259259259 0.87421875 0.7833333333333333 0.8731770833333333 0.8041666666666667 0.86953125 0.8092592592592592 0.8635416666666667 0.8111111111111111 0.8494791666666667 0.8078703703703703 0.8450520833333334 0.7967592592592593 0.8447916666666667 0.7333333333333333 0.8427083333333333 0.7097222222222223 0.8453125 0.6976851851851852 0.8489583333333334 0.6921296296296297 0.8653645833333333 0.6916666666666667
0 0.8533854166666667 0.24583333333333332 0.8598958333333333 0.2523148148148148 0.86328125 0.26157407407407407 0.8669270833333333 0.33240740740740743 0.8638020833333333 0.34953703703703703 0.8528645833333334 0.3523148148148148 0.8450520833333334 0.35185185185185186 0.8401041666666667 0.3449074074074074 0.83515625 0.25972222222222224 0.8419270833333333 0.24722222222222223 0.853125 0.24583333333333332
0 0.6658854166666667 0.9703703703703703 0.6731770833333334 0.9837962962962963 0.6752604166666667 0.9944444444444445 0.6744791666666666 0.999537037037037 0.6453125 0.999537037037037 0.6473958333333333 0.9773148148148149 0.64921875 0.9736111111111111 0.65546875 0.9694444444444444 0.665625 0.9703703703703703
0 0.6278645833333333 0.5421296296296296 0.6322916666666667 0.5532407407407407 0.6354166666666666 0.6421296296296296 0.6338541666666667 0.6509259259259259 0.6302083333333334 0.6569444444444444 0.6200520833333333 0.6592592592592592 0.6106770833333334 0.6560185185185186 0.6075520833333333 0.6458333333333334 0.6046875 0.5532407407407407 0.6057291666666667 0.5467592592592593 0.6091145833333333 0.5421296296296296 0.6276041666666666 0.5421296296296296
0 0.7427083333333333 0.2523148148148148 0.7486979166666666 0.2587962962962963 0.7515625 0.2722222222222222 0.7541666666666667 0.3449074074074074 0.7515625 0.3541666666666667 0.7416666666666667 0.3574074074074074 0.7325520833333333 0.3560185185185185 0.7286458333333333 0.34814814814814815 0.7255208333333333 0.2708333333333333 0.7270833333333333 0.26157407407407407 0.7307291666666667 0.2550925925925926 0.7424479166666667 0.2523148148148148
0 0.66328125 0.11944444444444445 0.67265625 0.12314814814814815 0.6755208333333333 0.1361111111111111 0.6747395833333333 0.21342592592592594 0.671875 0.22546296296296298 0.6614583333333334 0.23472222222222222 0.6505208333333333 0.2300925925925926 0.646875 0.22268518518518518 0.64609375 0.21296296296296297 0.65078125 0.1300925925925926 0.6541666666666667 0.12175925925925926 0.6630208333333333 0.11944444444444445
0 0.5911458333333334 0.11851851851851852 0.5984375 0.12222222222222222 0.6002604166666666 0.12685185185185185 0.6002604166666666 0.20046296296296295 0.5986979166666667 0.2199074074074074 0.5934895833333333 0.22824074074074074 0.5869791666666667 0.23148148148148148 0.5776041666666667 0.22777777777777777 0.57421875 0.22268518518518518 0.5723958333333333 0.21388888888888888 0.5744791666666667 0.12824074074074074 0.57734375 0.12083333333333333 0.5908854166666667 0.11851851851851852
0 0.9359375 0.549074074074074 0.9411458333333333 0.5527777777777778 0.9463541666666667 0.5638888888888889 0.9489583333333333 0.6106481481481482 0.9481770833333333 0.6648148148148149 0.94453125 0.6717592592592593 0.9369791666666667 0.674074074074074 0.9260416666666667 0.6717592592592593 0.9216145833333333 0.6643518518518519 0.9177083333333333 0.6125 0.9192708333333334 0.6046296296296296 0.9166666666666666 0.5689814814814815 0.9171875 0.5601851851851852 0.92109375 0.5518518518518518 0.9356770833333333 0.549074074074074
0 0.5919270833333333 0.6916666666666667 0.5950520833333334 0.6962962962962963 0.5971354166666667 0.7069444444444445 0.5955729166666667 0.7300925925925926 0.5963541666666666 0.7694444444444445 0.5924479166666666 0.8069444444444445 0.5885416666666666 0.8152777777777778 0.5841145833333333 0.8180555555555555 0.5723958333333333 0.8152777777777778 0.5666666666666667 0.8060185185185185 0.56640625 0.7638888888888888 0.5692708333333333 0.7324074074074074 0.5690104166666666 0.7125 0.5703125 0.6962962962962963 0.57265625 0.6912037037037037 0.58359375 0.6884259259259259 0.5916666666666667 0.6916666666666667
0 0.70546875 0.6828703703703703 0.7109375 0.6893518518518519 0.7127604166666667 0.6990740740740741 0.7125 0.7518518518518519 0.7106770833333333 0.7939814814814815 0.709375 0.7976851851851852 0.7041666666666667 0.8004629629629629 0.68671875 0.7981481481481482 0.68203125 0.7888888888888889 0.6854166666666667 0.6912037037037037 0.6908854166666667 0.6819444444444445 0.7052083333333333 0.6828703703703703
0 0.73984375 0.6925925925925925 0.7440104166666667 0.6953703703703704 0.746875 0.7046296296296296 0.75078125 0.7768518518518519 0.7481770833333333 0.7865740740740741 0.73828125 0.7898148148148149 0.7270833333333333 0.7888888888888889 0.7247395833333333 0.7833333333333333 0.7200520833333334 0.7060185185185185 0.7236979166666667 0.6944444444444444 0.7395833333333334 0.6925925925925925
0 0.5450520833333333 0.6759259259259259 0.5505208333333333 0.6787037037037037 0.5536458333333333 0.6842592592592592 0.5549479166666667 0.7305555555555555 0.5544270833333333 0.7791666666666667 0.5518229166666667 0.788425925925926 0.5463541666666667 0.7944444444444444 0.5354166666666667 0.7935185185185185 0.52890625 0.7865740740740741 0.52578125 0.7273148148148149 0.5283854166666667 0.6814814814814815 0.5359375 0.6759259259259259 0.5447916666666667 0.6759259259259259
0 0.7005208333333334 0.12083333333333333 0.7067708333333333 0.12268518518518519 0.7104166666666667 0.12916666666666668 0.7111979166666667 0.20277777777777778 0.7106770833333333 0.20972222222222223 0.7078125 0.21574074074074073 0.6979166666666666 0.21944444444444444 0.6893229166666667 0.21712962962962962 0.6856770833333333 0.20972222222222223 0.6861979166666666 0.13240740740740742 0.68984375 0.12314814814814815 0.7002604166666667 0.12083333333333333
0 0.6682291666666667 0.2652777777777778 0.671875 0.2712962962962963 0.6734375 0.2861111111111111 0.671875 0.3421296296296296 0.66953125 0.34953703703703703 0.6643229166666667 0.35138888888888886 0.6510416666666666 0.3509259259259259 0.6473958333333333 0.3458333333333333 0.6471354166666666 0.28379629629629627 0.6479166666666667 0.2722222222222222 0.65078125 0.2657407407407407 0.6572916666666667 0.26342592592592595 0.66796875 0.2652777777777778
0 0.5901041666666667 0.23981481481481481 0.5973958333333333 0.2412037037037037 0.6 0.24675925925925926 0.60234375 0.3296296296296296 0.6020833333333333 0.3486111111111111 0.6002604166666666 0.35648148148148145 0.596875 0.36342592592592593 0.590625 0.36666666666666664 0.5778645833333333 0.36342592592592593 0.5739583333333333 0.3537037037037037 0.5731770833333333 0.33611111111111114 0.5763020833333333 0.24583333333333332 0.5796875 0.2412037037037037 0.58984375 0.23981481481481481
0 0.5518229166666667 0.5337962962962963 0.5572916666666666 0.5361111111111111 0.559375 0.5421296296296296 0.55859375 0.6138888888888889 0.5598958333333334 0.6231481481481481 0.55625 0.6472222222222223 0.5466145833333333 0.6518518518518519 0.5356770833333333 0.6486111111111111 0.53203125 0.6393518518518518 0.53203125 0.6194444444444445 0.5346354166666667 0.5976851851851852 0.53515625 0.5398148148148149 0.5359375 0.5356481481481481 0.53984375 0.5333333333333333 0.5515625 0.5337962962962963
0 0.7028645833333333 0.2490740740740741 0.71015625 0.25416666666666665 0.7122395833333334 0.2625 0.7122395833333334 0.33194444444444443 0.7109375 0.3490740740740741 0.70078125 0.35324074074074074 0.6927083333333334 0.3523148148148148 0.6875 0.3453703703703704 0.6861979166666666 0.2689814814814815 0.68671875 0.25833333333333336 0.6890625 0.2513888888888889 0.7026041666666667 0.2490740740740741
0 0.80078125 0.4023148148148148 0.8325520833333333 0.4074074074074074 0.84140625 0.41203703703703703 0.84375 0.42962962962962964 0.84296875 0.4444444444444444 0.8403645833333333 0.45092592592592595 0.8348958333333333 0.4537037037037037 0.7830729166666667 0.449537037037037 0.77578125 0.4439814814814815 0.7729166666666667 0.42268518518518516 0.7760416666666666 0.4074074074074074 0.784375 0.40185185185185185 0.8005208333333333 0.4023148148148148
0 0.6325520833333333 0.2375 0.6359375 0.2412037037037037 0.6388020833333333 0.2523148148148148 0.6377604166666667 0.30185185185185187 0.6395833333333333 0.32546296296296295 0.6380208333333334 0.3425925925925926 0.6296875 0.3486111111111111 0.6171875 0.3472222222222222 0.6127604166666667 0.3416666666666667 0.6114583333333333 0.25324074074074077 0.6125 0.24351851851851852 0.6169270833333333 0.2375 0.6322916666666667 0.2375
0 0.8916666666666667 0.5583333333333333 0.9046875 0.5638888888888889 0.9072916666666667 0.5819444444444445 0.9078125 0.6537037037037037 0.9041666666666667 0.6657407407407407 0.89765625 0.6680555555555555 0.8841145833333334 0.6662037037037037 0.88046875 0.6606481481481481 0.8799479166666667 0.5662037037037037 0.8828125 0.5606481481481481 0.89140625 0.5583333333333333
0 0.70703125 0.5555555555555556 0.71328125 0.5597222222222222 0.71484375 0.5726851851851852 0.7151041666666667 0.6171296296296296 0.7140625 0.6217592592592592 0.7109375 0.6231481481481481 0.6942708333333333 0.6231481481481481 0.6908854166666667 0.6189814814814815 0.69140625 0.5601851851851852 0.69453125 0.5569444444444445 0.7067708333333333 0.5555555555555556
0 0.8497395833333333 0.1310185185185185 0.8565104166666667 0.13333333333333333 0.8596354166666667 0.1412037037037037 0.8604166666666667 0.20277777777777778 0.8580729166666666 0.22361111111111112 0.84921875 0.2310185185185185 0.8348958333333333 0.22777777777777777 0.8328125 0.20694444444444443 0.8341145833333333 0.13657407407407407 0.8380208333333333 0.13194444444444445 0.8494791666666667 0.1310185185185185
0 0.73984375 0.5361111111111111 0.7505208333333333 0.5425925925925926 0.75234375 0.5740740740740741 0.7502604166666667 0.6296296296296297 0.7479166666666667 0.637962962962963 0.7411458333333333 0.6421296296296296 0.7307291666666667 0.6412037037037037 0.7265625 0.6370370370370371 0.725 0.6032407407407407 0.7260416666666667 0.5430555555555555 0.7307291666666667 0.5370370370370371 0.7395833333333334 0.5361111111111111
0 0.6286458333333333 0.10324074074074074 0.634375 0.10925925925925926 0.6364583333333333 0.11898148148148148 0.6372395833333333 0.2 0.6346354166666667 0.2101851851851852 0.62734375 0.21574074074074073 0.6153645833333333 0.21435185185185185 0.6109375 0.20555555555555555 0.6122395833333333 0.14166666666666666 0.6109375 0.11944444444444445 0.6122395833333333 0.11157407407407408 0.6161458333333333 0.10555555555555556 0.621875 0.10231481481481482 0.6283854166666667 0.10324074074074074
0 0.9640625 0.24675925925925926 0.9713541666666666 0.25 0.9747395833333333 0.25601851851851853 0.9776041666666667 0.28888888888888886 0.9760416666666667 0.3486111111111111 0.9721354166666667 0.35648148148148145 0.9645833333333333 0.36018518518518516 0.9528645833333333 0.35694444444444445 0.9463541666666667 0.3486111111111111 0.9450520833333333 0.3435185185185185 0.94609375 0.26342592592592595 0.9518229166666666 0.25046296296296294 0.9638020833333333 0.24675925925925926
0 0.8578125 0.5518518518518518 0.86796875 0.5574074074074075 0.8697916666666666 0.575 0.8666666666666667 0.6648148148148149 0.8627604166666667 0.6712962962962963 0.85625 0.675 0.8416666666666667 0.6699074074074074 0.8385416666666666 0.6620370370370371 0.83828125 0.6541666666666667 0.84140625 0.5810185185185185 0.8440104166666667 0.562962962962963 0.8489583333333334 0.5518518518518518 0.8575520833333333 0.5518518518518518
0 0.7828125 0.6810185185185185 0.78828125 0.6851851851851852 0.7908854166666667 0.6949074074074074 0.7932291666666667 0.7842592592592592 0.7895833333333333 0.7986111111111112 0.7809895833333333 0.8037037037037037 0.76953125 0.8004629629629629 0.76484375 0.7902777777777777 0.7627604166666667 0.7027777777777777 0.765625 0.6842592592592592 0.7721354166666666 0.6805555555555556 0.7825520833333334 0.6810185185185185
0 0.6796875 0.43333333333333335 0.6890625 0.4375 0.6927083333333334 0.4449074074074074 0.6893229166666667 0.5296296296296297 0.6856770833333333 0.5421296296296296 0.6799479166666667 0.5458333333333333 0.6677083333333333 0.5425925925925926 0.6645833333333333 0.5393518518518519 0.6622395833333333 0.5291666666666667 0.6669270833333333 0.449537037037037 0.67109375 0.4356481481481482 0.6794270833333333 0.43333333333333335
0 0.6682291666666667 0.6939814814814815 0.6736979166666667 0.6986111111111111 0.6747395833333333 0.7060185185185185 0.6731770833333334 0.7856481481481481 0.6684895833333333 0.8037037037037037 0.66171875 0.8087962962962963 0.6510416666666666 0.8074074074074075 0.6458333333333334 0.7967592592592593 0.6466145833333333 0.7180555555555556 0.6473958333333333 0.7050925925925926 0.6513020833333333 0.6953703703703704 0.66796875 0.6939814814814815
0 0.7763020833333333 0.5486111111111112 0.78359375 0.5509259259259259 0.78828125 0.5569444444444445 0.7916666666666666 0.6148148148148148 0.7901041666666667 0.6509259259259259 0.7776041666666667 0.6574074074074074 0.7692708333333333 0.6550925925925926 0.765625 0.6467592592592593 0.7643229166666666 0.600925925925926 0.7619791666666667 0.5819444444444445 0.7619791666666667 0.5634259259259259 0.7635416666666667 0.5569444444444445 0.7684895833333333 0.5509259259259259 0.7760416666666666 0.5486111111111112
0 0.8153645833333333 0.2361111111111111 0.8223958333333333 0.2412037037037037 0.8247395833333333 0.2537037037037037 0.8263020833333333 0.287962962962963 0.825 0.3194444444444444 0.82109375 0.3236111111111111 0.8140625 0.325 0.80703125 0.32407407407407407 0.8013020833333333 0.3175925925925926 0.8018229166666667 0.2828703703703704 0.8 0.24814814814814815 0.8046875 0.2375 0.8151041666666666 0.2361111111111111
0 0.7778645833333333 0.2324074074074074 0.78359375 0.2351851851851852 0.78828125 0.24166666666666667 0.7908854166666667 0.25046296296296294 0.79140625 0.26481481481481484 0.7908854166666667 0.33194444444444443 0.7872395833333333 0.3425925925925926 0.7802083333333333 0.3453703703703704 0.7674479166666667 0.3421296296296296 0.7640625 0.3277777777777778 0.7640625 0.24722222222222223 0.7684895833333333 0.23703703703703705 0.7776041666666667 0.2324074074074074
0 0.778125 0.1162037037037037 0.7828125 0.11898148148148148 0.784375 0.1259259259259259 0.7864583333333334 0.2023148148148148 0.7830729166666667 0.21574074074074073 0.7763020833333333 0.22083333333333333 0.7651041666666667 0.21666666666666667 0.759375 0.2064814814814815 0.7572916666666667 0.13518518518518519 0.7611979166666667 0.11944444444444445 0.7669270833333334 0.1162037037037037 0.7778645833333333 0.1162037037037037
0 0.9 0.25462962962962965 0.9049479166666666 0.2574074074074074 0.9088541666666666 0.26481481481481484 0.9140625 0.2953703703703704 0.9125 0.30324074074074076 0.9140625 0.3314814814814815 0.91328125 0.35648148148148145 0.9111979166666667 0.3625 0.90078125 0.3675925925925926 0.8869791666666667 0.3648148148148148 0.8817708333333333 0.35462962962962963 0.8838541666666667 0.32546296296296295 0.8833333333333333 0.30462962962962964 0.8822916666666667 0.2935185185185185 0.87890625 0.2833333333333333 0.8856770833333333 0.25833333333333336 0.890625 0.25462962962962965 0.8997395833333334 0.25462962962962965
0 0.8145833333333333 0.6861111111111111 0.8208333333333333 0.6875 0.8255208333333334 0.6925925925925925 0.8278645833333333 0.7300925925925926 0.8263020833333333 0.7893518518518519 0.8239583333333333 0.7939814814814815 0.815625 0.7981481481481482 0.803125 0.7930555555555555 0.8 0.7833333333333333 0.7994791666666666 0.7736111111111111 0.8005208333333333 0.7384259259259259 0.7989583333333333 0.6958333333333333 0.803125 0.687962962962963 0.8143229166666667 0.6861111111111111