0 0.58984375 0.9916666666666667 0.59296875 0.999537037037037 0.5666666666666667 0.999537037037037 0.5684895833333333 0.9944444444444445 0.5736979166666667 0.9907407407407407 0.5895833333333333 0.9916666666666667
0 0.8927083333333333 0.11574074074074074 0.8971354166666666 0.11851851851851852 0.8989583333333333 0.125 0.9020833333333333 0.18333333333333332 0.8994791666666667 0.22314814814814815 0.8979166666666667 0.2273148148148148 0.8901041666666667 0.23194444444444445 0.878125 0.2310185185185185 0.8729166666666667 0.22083333333333333 0.871875 0.1986111111111111 0.8736979166666666 0.18935185185185185 0.8734375 0.16111111111111112 0.8705729166666667 0.14027777777777778 0.8760416666666667 0.11851851851851852 0.8825520833333333 0.11527777777777778 0.8924479166666667 0.11574074074074074
0 0.8153645833333333 0.09444444444444444 0.8208333333333333 0.09953703703703703 0.8236979166666667 0.10833333333333334 0.8263020833333333 0.15185185185185185 0.8236979166666667 0.1875 0.82109375 0.19305555555555556 0.8140625 0.1962962962962963 0.80390625 0.19444444444444445 0.79921875 0.18888888888888888 0.7994791666666666 0.13935185185185187 0.79765625 0.11527777777777778 0.8002604166666667 0.10277777777777777 0.8036458333333333 0.09675925925925925 0.8151041666666666 0.09444444444444444
0 0.6255208333333333 0.6759259259259259 0.63359375 0.6800925925925926 0.63671875 0.6893518518518519 0.6380208333333334 0.7574074074074074 0.6356770833333333 0.7939814814814815 0.63203125 0.8018518518518518 0.6252604166666667 0.8050925925925926 0.6122395833333333 0.8027777777777778 0.6072916666666667 0.7935185185185185 0.6091145833333333 0.7671296296296296 0.6072916666666667 0.7337962962962963 0.6111979166666667 0.6856481481481481 0.6158854166666666 0.6768518518518518 0.6252604166666667 0.6759259259259259
0 0.7411458333333333 0.2449074074074074 0.7486979166666666 0.24814814814814815 0.7533854166666667 0.2601851851851852 0.7552083333333334 0.29583333333333334 0.7549479166666667 0.3453703703703704 0.7510416666666667 0.35 0.73671875 0.35138888888888886 0.73359375 0.34953703703703703 0.73046875 0.34120370370370373 0.7283854166666667 0.262037037037037 0.7309895833333333 0.2513888888888889 0.7408854166666666 0.24537037037037038
0 0.4083333333333333 0.08842592592592592 0.42161458333333335 0.09490740740740741 0.4236979166666667 0.1 0.4236979166666667 0.1125 0.41484375 0.19814814814814816 0.41119791666666666 0.20555555555555555 0.40546875 0.20879629629629629 0.39739583333333334 0.2064814814814815 0.39166666666666666 0.19953703703703704 0.39010416666666664 0.18611111111111112 0.39765625 0.11481481481481481 0.40286458333333336 0.09212962962962963 0.4080729166666667 0.08842592592592592
0 0.96484375 0.11527777777777778 0.9713541666666666 0.11805555555555555 0.9770833333333333 0.12546296296296297 0.9786458333333333 0.15416666666666667 0.9786458333333333 0.21481481481481482 0.9744791666666667 0.22314814814814815 0.9666666666666667 0.22685185185185186 0.9567708333333333 0.22453703703703703 0.95234375 0.2175925925925926 0.9502604166666667 0.20185185185185187 0.9513020833333333 0.17824074074074073 0.9486979166666667 0.16805555555555557 0.9497395833333333 0.12962962962962962 0.9559895833333333 0.11712962962962963 0.9645833333333333 0.11527777777777778
0 0.81640625 0.5412037037037037 0.8216145833333334 0.5425925925925926 0.8244791666666667 0.5472222222222223 0.82890625 0.5837962962962963 0.828125 0.6412037037037037 0.8252604166666667 0.6509259259259259 0.8203125 0.6532407407407408 0.8036458333333333 0.6509259259259259 0.8002604166666667 0.6375 0.8018229166666667 0.6212962962962963 0.8 0.6027777777777777 0.8002604166666667 0.5509259259259259 0.80390625 0.5425925925925926 0.8161458333333333 0.5412037037037037
0 0.8606770833333334 0.6833333333333333 0.8697916666666666 0.687037037037037 0.8729166666666667 0.6962962962962963 0.8755208333333333 0.7550925925925925 0.8744791666666667 0.7958333333333333 0.8705729166666667 0.8013888888888889 0.8630208333333333 0.8037037037037037 0.8502604166666666 0.8 0.8453125 0.7833333333333333 0.8473958333333333 0.7398148148148148 0.8442708333333333 0.6962962962962963 0.8513020833333333 0.6842592592592592 0.8604166666666667 0.6833333333333333
0 0.5908854166666667 0.2324074074074074 0.6018229166666667 0.2375 0.6041666666666666 0.2824074074074074 0.603125 0.34629629629629627 0.59921875 0.35509259259259257 0.5927083333333333 0.3587962962962963 0.5822916666666667 0.3574074074074074 0.5786458333333333 0.35324074074074074 0.5760416666666667 0.3458333333333333 0.57578125 0.33240740740740743 0.578125 0.23842592592592593 0.5848958333333333 0.23287037037037037 0.590625 0.2324074074074074
0 0.5479166666666667 0.5254629629629629 0.559375 0.5287037037037037 0.5619791666666667 0.5328703703703703 0.5606770833333333 0.6305555555555555 0.5575520833333333 0.6416666666666667 0.5515625 0.6449074074074074 0.5380208333333333 0.6416666666666667 0.5341145833333333 0.6300925925925925 0.5364583333333334 0.5342592592592592 0.53984375 0.5273148148148148 0.54765625 0.5254629629629629
0 0.6260416666666667 0.5337962962962963 0.6307291666666667 0.5356481481481481 0.63359375 0.5425925925925926 0.6372395833333333 0.6152777777777778 0.6361979166666667 0.6412037037037037 0.6333333333333333 0.6481481481481481 0.6265625 0.6527777777777778 0.615625 0.6518518518518519 0.61015625 0.6435185185185185 0.6059895833333333 0.5611111111111111 0.60703125 0.5430555555555555 0.609375 0.5370370370370371 0.62578125 0.5337962962962963
0 0.6763020833333333 0.449537037037037 0.6815104166666667 0.4527777777777778 0.684375 0.4634259259259259 0.6848958333333334 0.4824074074074074 0.6822916666666666 0.49074074074074076 0.671875 0.49583333333333335 0.6502604166666667 0.4962962962962963 0.6322916666666667 0.5013888888888889 0.6213541666666667 0.4981481481481482 0.6174479166666667 0.49074074074074076 0.6158854166666666 0.46805555555555556 0.6197916666666666 0.45740740740740743 0.6265625 0.45185185185185184 0.6760416666666667 0.449537037037037
0 0.665625 0.1125 0.6755208333333333 0.1175925925925926 0.6778645833333333 0.1300925925925926 0.6765625 0.19953703703703704 0.678125 0.21388888888888888 0.6739583333333333 0.22175925925925927 0.66171875 0.22824074074074074 0.6505208333333333 0.2212962962962963 0.6479166666666667 0.20972222222222223 0.6479166666666667 0.19907407407407407 0.65 0.18611111111111112 0.65 0.15787037037037038 0.6528645833333333 0.12268518518518519 0.65703125 0.11481481481481481 0.6653645833333334 0.1125
0 0.7822916666666667 0.5425925925925926 0.78828125 0.5467592592592593 0.790625 0.5541666666666667 0.7932291666666667 0.6078703703703704 0.7921875 0.6402777777777777 0.7890625 0.6472222222222223 0.7825520833333334 0.649537037037037 0.7723958333333333 0.6486111111111111 0.7669270833333334 0.6370370370370371 0.7653645833333333 0.5638888888888889 0.7653645833333333 0.5518518518518518 0.7677083333333333 0.5467592592592593 0.78203125 0.5425925925925926
0 0.11666666666666667 0 0.14322916666666666 0 0.14036458333333332 0.01712962962962963 0.134375 0.024537037037037038 0.12604166666666666 0.024074074074074074 0.12161458333333333 0.01990740740740741 0.11458333333333333 0.005092592592592593 0.11666666666666667 0.000462962962962963
0 0.93828125 0.5425925925925926 0.94296875 0.5462962962962963 0.9473958333333333 0.5564814814814815 0.9502604166666667 0.5884259259259259 0.9502604166666667 0.6569444444444444 0.9466145833333334 0.6662037037037037 0.9401041666666666 0.6675925925925926 0.9283854166666666 0.6671296296296296 0.9231770833333334 0.6578703703703703 0.9182291666666667 0.5643518518518519 0.9192708333333334 0.5518518518518518 0.921875 0.5467592592592593 0.9283854166666666 0.5425925925925926 0.9380208333333333 0.5425925925925926
0 0.7036458333333333 0.674537037037037 0.7119791666666667 0.6819444444444445 0.7140625 0.7013888888888888 0.7130208333333333 0.7870370370370371 0.7111979166666667 0.7916666666666666 0.7067708333333333 0.7939814814814815 0.6890625 0.7907407407407407 0.68515625 0.7865740740740741 0.6838541666666667 0.7805555555555556 0.68671875 0.6865740740740741 0.6885416666666667 0.6791666666666667 0.6921875 0.675 0.7033854166666667 0.674537037037037
0 0.7380208333333333 0.6842592592592592 0.7450520833333333 0.687037037037037 0.7479166666666667 0.6949074074074074 0.75234375 0.7541666666666667 0.7518229166666667 0.7759259259259259 0.7486979166666666 0.7805555555555556 0.7424479166666667 0.7828703703703703 0.73125 0.7824074074074074 0.7270833333333333 0.7791666666666667 0.7231770833333333 0.7425925925925926 0.7223958333333333 0.6925925925925925 0.7278645833333334 0.6861111111111111 0.7377604166666667 0.6842592592592592
0 0.5447916666666667 0.6675925925925926 0.5528645833333333 0.6717592592592593 0.55546875 0.6782407407407407 0.5572916666666666 0.7620370370370371 0.5541666666666667 0.7800925925925926 0.5458333333333333 0.7865740740740741 0.5361979166666667 0.7851851851851852 0.5315104166666667 0.7791666666666667 0.5294270833333333 0.7708333333333334 0.5286458333333334 0.7416666666666667 0.52890625 0.6847222222222222 0.53046875 0.675 0.5364583333333334 0.6689814814814815 0.54453125 0.6675925925925926
0 0.85546875 0.125 0.8606770833333334 0.12962962962962962 0.8625 0.1439814814814815 0.8627604166666667 0.20555555555555555 0.8598958333333333 0.21944444444444444 0.8520833333333333 0.22453703703703703 0.8380208333333333 0.22175925925925927 0.8348958333333333 0.21388888888888888 0.8361979166666667 0.13333333333333333 0.8385416666666666 0.12638888888888888 0.8552083333333333 0.125
0 0.6658854166666667 0.2569444444444444 0.6731770833333334 0.2625 0.6755208333333333 0.275 0.6736979166666667 0.33935185185185185 0.6721354166666667 0.3439814814814815 0.6682291666666667 0.3453703703703704 0.6513020833333333 0.3435185185185185 0.6489583333333333 0.3384259259259259 0.6505208333333333 0.26435185185185184 0.6541666666666667 0.25833333333333336 0.665625 0.2569444444444444
0 0.8528645833333334 0.2388888888888889 0.8606770833333334 0.24259259259259258 0.86484375 0.25046296296296294 0.8692708333333333 0.32083333333333336 0.8658854166666666 0.3421296296296296 0.8489583333333334 0.34629629629629627 0.8434895833333333 0.3425925925925926 0.8403645833333333 0.3314814814814815 0.8372395833333334 0.25324074074074077 0.8408854166666667 0.24351851851851852 0.8526041666666667 0.2388888888888889
0 0.78359375 0.1111111111111111 0.7864583333333334 0.11666666666666667 0.7877604166666666 0.12638888888888888 0.7888020833333333 0.18101851851851852 0.78671875 0.2050925925925926 0.7802083333333333 0.21342592592592594 0.7692708333333333 0.21157407407407408 0.7619791666666667 0.2037037037037037 0.7614583333333333 0.15555555555555556 0.759375 0.12916666666666668 0.76015625 0.12037037037037036 0.7643229166666666 0.11157407407407408 0.7721354166666666 0.10925925925925926 0.7833333333333333 0.1111111111111111
0 0.7869791666666667 0.3763888888888889 0.8088541666666667 0.3800925925925926 0.8200520833333333 0.387037037037037 0.821875 0.4 0.82109375 0.4148148148148148 0.8182291666666667 0.425462962962963 0.8140625 0.42777777777777776 0.765625 0.4222222222222222 0.7596354166666667 0.41805555555555557 0.7578125 0.39675925925925926 0.75859375 0.38657407407407407 0.7619791666666667 0.37824074074074077 0.7671875 0.37546296296296294 0.78671875 0.3763888888888889
0 0.8989583333333333 0.5523148148148148 0.90546875 0.5564814814814815 0.9078125 0.5615740740740741 0.91015625 0.6152777777777778 0.9083333333333333 0.6509259259259259 0.9036458333333334 0.6597222222222222 0.8989583333333333 0.6620370370370371 0.8828125 0.6578703703703703 0.8809895833333333 0.6 0.8817708333333333 0.5569444444444445 0.8861979166666667 0.5527777777777778 0.8986979166666667 0.5523148148148148
0 0.6614583333333334 0.9643518518518519 0.665625 0.9662037037037037 0.6729166666666667 0.9773148148148149 0.6755208333333333 0.9925925925925926 0.6744791666666666 0.999537037037037 0.6463541666666667 0.999537037037037 0.6450520833333333 0.9939814814814815 0.6466145833333333 0.9726851851851852 0.6520833333333333 0.9657407407407408 0.6611979166666667 0.9643518518518519
0 0.9013020833333333 0.24814814814814815 0.90625 0.25046296296296294 0.9114583333333334 0.25972222222222224 0.91640625 0.2898148148148148 0.91484375 0.35185185185185186 0.91171875 0.3578703703703704 0.9010416666666666 0.3611111111111111 0.8916666666666667 0.3592592592592593 0.88359375 0.3490740740740741 0.8838541666666667 0.33611111111111114 0.8864583333333333 0.3287037037037037 0.8861979166666667 0.3125 0.8848958333333333 0.287962962962963 0.8807291666666667 0.2759259259259259 0.88359375 0.26342592592592595 0.8901041666666667 0.25 0.9010416666666666 0.24814814814814815
0 0.7809895833333333 0.2273148148148148 0.7901041666666667 0.23472222222222222 0.7932291666666667 0.25 0.7932291666666667 0.32175925925925924 0.790625 0.3351851851851852 0.7838541666666666 0.3388888888888889 0.7744791666666667 0.3384259259259259 0.7692708333333333 0.3337962962962963 0.7661458333333333 0.31157407407407406 0.7658854166666667 0.2412037037037037 0.7705729166666667 0.23055555555555557 0.7807291666666667 0.2273148148148148
0 0.74375 0.5296296296296297 0.7497395833333333 0.5333333333333333 0.75234375 0.5388888888888889 0.7528645833333333 0.6171296296296296 0.7515625 0.6263888888888889 0.7481770833333333 0.6333333333333333 0.7416666666666667 0.6356481481481482 0.73125 0.6333333333333333 0.72734375 0.6259259259259259 0.72734375 0.5810185185185185 0.72890625 0.5347222222222222 0.73671875 0.5291666666666667 0.7434895833333334 0.5296296296296297
0 0.6276041666666666 0.09537037037037037 0.63359375 0.09814814814814815 0.6375 0.1050925925925926 0.640625 0.14583333333333334 0.63828125 0.20046296296296295 0.6338541666666667 0.20694444444444443 0.6268229166666667 0.20925925925925926 0.6184895833333334 0.20787037037037037 0.6143229166666667 0.20277777777777778 0.6127604166666667 0.19444444444444445 0.6119791666666666 0.15092592592592594 0.6138020833333333 0.1087962962962963 0.61875 0.09861111111111111 0.62734375 0.09537037037037037
0 0.9677083333333333 0.24074074074074073 0.9747395833333333 0.2449074074074074 0.978125 0.2523148148148148 0.9802083333333333 0.29398148148148145 0.978125 0.34120370370370373 0.97421875 0.34953703703703703 0.9666666666666667 0.35324074074074074 0.9528645833333333 0.34953703703703703 0.94765625 0.3384259259259259 0.94921875 0.2777777777777778 0.9473958333333333 0.26296296296296295 0.9528645833333333 0.24444444444444444 0.9572916666666667 0.24074074074074073 0.9674479166666666 0.24074074074074073
0 0.8575520833333333 0.5449074074074074 0.8692708333333333 0.55 0.871875 0.5671296296296297 0.8674479166666667 0.6541666666666667 0.8630208333333333 0.6652777777777777 0.8598958333333333 0.6671296296296296 0.84453125 0.6648148148148149 0.840625 0.6578703703703703 0.83984375 0.6444444444444445 0.8442708333333333 0.5597222222222222 0.8489583333333334 0.5458333333333333 0.8572916666666667 0.5449074074074074
0 0.859375 0.9879629629629629 0.8661458333333333 0.9912037037037037 0.86953125 0.999537037037037 0.84296875 0.999537037037037 0.8471354166666667 0.9893518518518518 0.8591145833333333 0.9879629629629629
0 0.5864583333333333 0.6814814814814815 0.5963541666666666 0.687962962962963 0.5984375 0.6958333333333333 0.5981770833333333 0.7087962962962963 0.59609375 0.7356481481481482 0.5953125 0.7925925925925926 0.5893229166666667 0.8078703703703703 0.5830729166666667 0.8097222222222222 0.5713541666666667 0.8041666666666667 0.56875 0.7967592592592593 0.5677083333333334 0.7828703703703703 0.56953125 0.774074074074074 0.56875 0.7546296296296297 0.5713541666666667 0.7416666666666667 0.5705729166666667 0.7291666666666666 0.5731770833333333 0.6884259259259259 0.5776041666666667 0.6819444444444445 0.5861979166666667 0.6814814814814815
0 0.7075520833333333 0.24305555555555555 0.7119791666666667 0.24675925925925926 0.7138020833333333 0.25462962962962965 0.7140625 0.33796296296296297 0.7109375 0.3453703703703704 0.7046875 0.3476851851851852 0.6924479166666667 0.34629629629629627 0.68984375 0.3416666666666667 0.6880208333333333 0.2810185185185185 0.68984375 0.24814814814814815 0.6963541666666667 0.24212962962962964 0.7072916666666667 0.24305555555555555
0 0.5950520833333334 0.11157407407407408 0.5997395833333333 0.11481481481481481 0.60234375 0.12175925925925926 0.603125 0.15648148148148147 0.6010416666666667 0.20694444444444443 0.59921875 0.2162037037037037 0.5927083333333333 0.22361111111111112 0.5846354166666666 0.22361111111111112 0.578125 0.21851851851851853 0.5744791666666667 0.2074074074074074 0.5744791666666667 0.19537037037037036 0.5776041666666667 0.11805555555555555 0.5841145833333333 0.11203703703703703 0.5947916666666667 0.11157407407407408
0 0.6580729166666667 0.687037037037037 0.66484375 0.6865740740740741 0.6747395833333333 0.6912037037037037 0.6778645833333333 0.7129629629629629 0.67578125 0.7787037037037037 0.6716145833333333 0.7949074074074074 0.6625 0.8009259259259259 0.65078125 0.7981481481481482 0.6473958333333333 0.7902777777777777 0.6463541666666667 0.7763888888888889 0.64921875 0.7449074074074075 0.6479166666666667 0.7263888888888889 0.6502604166666667 0.6916666666666667 0.6510416666666666 0.687962962962963 0.6578125 0.687037037037037
0 0.7408854166666666 0 0.80546875 0 0.7966145833333333 0.011111111111111112 0.7557291666666667 0.02361111111111111 0.7447916666666666 0.021296296296296296 0.7411458333333333 0.011111111111111112 0.7408854166666666 0.000462962962962963
0 0.7106770833333333 0.5486111111111112 0.7151041666666667 0.5527777777777778 0.7174479166666666 0.5689814814814815 0.7171875 0.6106481481481482 0.7143229166666667 0.6162037037037037 0.6958333333333333 0.6162037037037037 0.6924479166666667 0.6092592592592593 0.69453125 0.5916666666666667 0.6932291666666667 0.5527777777777778 0.69921875 0.5486111111111112 0.7104166666666667 0.5486111111111112
0 0.7828125 0.6731481481481482 0.7908854166666667 0.6791666666666667 0.7940104166666667 0.7069444444444445 0.79375 0.7819444444444444 0.78984375 0.7935185185185185 0.784375 0.7962962962962963 0.7752604166666667 0.7958333333333333 0.7692708333333333 0.7907407407407407 0.76484375 0.7657407407407407 0.76640625 0.6796296296296296 0.7684895833333333 0.675 0.7825520833333334 0.6731481481481482
0 0.7 0.11388888888888889 0.7098958333333333 0.1162037037037037 0.7119791666666667 0.11990740740740741 0.7145833333333333 0.1675925925925926 0.7127604166666667 0.20277777777777778 0.71015625 0.20879629629629629 0.7020833333333333 0.21296296296296297 0.6908854166666667 0.2101851851851852 0.6880208333333333 0.20092592592592592 0.6890625 0.12083333333333333 0.6921875 0.1162037037037037 0.6997395833333333 0.11388888888888889
0 0.8208333333333333 0.2300925925925926 0.8244791666666667 0.23472222222222222 0.8265625 0.24444444444444444 0.828125 0.2972222222222222 0.8263020833333333 0.31342592592592594 0.81796875 0.31805555555555554 0.80703125 0.3175925925925926 0.803125 0.3106481481481482 0.80390625 0.2810185185185185 0.8015625 0.24537037037037038 0.8033854166666666 0.23425925925925925 0.8067708333333333 0.2300925925925926 0.8205729166666667 0.2300925925925926
0 0.6268229166666667 0.22916666666666666 0.6372395833333333 0.23333333333333334 0.6408854166666667 0.2449074074074074 0.6403645833333333 0.33564814814814814 0.634375 0.34074074074074073 0.6236979166666666 0.3416666666666667 0.61796875 0.3388888888888889 0.6145833333333334 0.33101851851851855 0.6138020833333333 0.2412037037037037 0.6158854166666666 0.23333333333333334 0.6265625 0.22962962962962963
0 0.98671875 0.4444444444444444 0.0265625 0.07037037037037037
0 0.81875 0.6796296296296296 0.8244791666666667 0.6824074074074075 0.82734375 0.687962962962963 0.8291666666666667 0.7263888888888889 0.828125 0.7805555555555556 0.8255208333333334 0.7861111111111111 0.8177083333333334 0.7912037037037037 0.8065104166666667 0.7875 0.8013020833333333 0.7782407407407408 0.8 0.7638888888888888 0.8020833333333334 0.7203703703703703 0.8 0.6921296296296297 0.8015625 0.6856481481481481 0.80625 0.6800925925925926 0.8184895833333333 0.6796296296296296