0 0.5794270833333334 0.9888888888888889 0.5859375 0.9912037037037037 0.5890625 0.999537037037037 0.5619791666666667 0.999537037037037 0.565625 0.9907407407407407 0.5791666666666667 0.9888888888888889
0 0.8877604166666667 0.11574074074074074 0.8924479166666667 0.11990740740740741 0.8942708333333333 0.12777777777777777 0.8958333333333334 0.2162037037037037 0.8932291666666666 0.22870370370370371 0.88359375 0.23287037037037037 0.8734375 0.23148148148148148 0.86875 0.2222222222222222 0.8674479166666667 0.1388888888888889 0.8708333333333333 0.11944444444444445 0.8760416666666667 0.11574074074074074 0.8875 0.11574074074074074
0 0.8111979166666666 0.09537037037037037 0.8145833333333333 0.09768518518518518 0.8192708333333333 0.10925925925925926 0.82265625 0.14953703703703702 0.81875 0.18981481481481483 0.8140625 0.19490740740740742 0.8083333333333333 0.1962962962962963 0.7997395833333333 0.19444444444444445 0.79453125 0.1884259259259259 0.7932291666666667 0.12222222222222222 0.7947916666666667 0.10648148148148148 0.7979166666666667 0.09861111111111111 0.803125 0.09490740740740741 0.8109375 0.09537037037037037
0 0.7630208333333334 0.4074074074074074 0.7671875 0.4115740740740741 0.7708333333333334 0.42453703703703705 0.7713541666666667 0.4412037037037037 0.7690104166666667 0.44814814814814813 0.71484375 0.47314814814814815 0.7065104166666667 0.4689814814814815 0.7020833333333333 0.4564814814814815 0.7020833333333333 0.4393518518518518 0.7065104166666667 0.4287037037037037 0.7268229166666667 0.41805555555555557 0.7557291666666667 0.4074074074074074 0.7627604166666667 0.4074074074074074
0 0.73828125 0.24583333333333332 0.7453125 0.25046296296296294 0.7481770833333333 0.25601851851851853 0.7505208333333333 0.28564814814814815 0.7510416666666667 0.34120370370370373 0.7481770833333333 0.34953703703703703 0.7416666666666667 0.35138888888888886 0.73359375 0.3509259259259259 0.7270833333333333 0.34444444444444444 0.7231770833333333 0.2689814814814815 0.7236979166666667 0.25925925925925924 0.7270833333333333 0.25046296296296294 0.7380208333333333 0.24583333333333332
0 0.6994791666666667 0.24212962962962964 0.7052083333333333 0.2449074074074074 0.7088541666666667 0.2513888888888889 0.7104166666666667 0.3087962962962963 0.709375 0.3375 0.7065104166666667 0.34444444444444444 0.7 0.34675925925925927 0.68984375 0.3458333333333333 0.6856770833333333 0.34074074074074073 0.68203125 0.2796296296296296 0.68515625 0.24768518518518517 0.6890625 0.24305555555555555 0.69921875 0.24212962962962964
0 0.96484375 0.1175925925925926 0.97109375 0.12453703703703704 0.9731770833333333 0.13472222222222222 0.9739583333333334 0.21157407407407408 0.97109375 0.22083333333333333 0.96171875 0.2273148148148148 0.9513020833333333 0.22314814814814815 0.94609375 0.21157407407407408 0.94296875 0.1439814814814815 0.9442708333333333 0.1310185185185185 0.9486979166666667 0.11990740740740741 0.95625 0.11527777777777778 0.9645833333333333 0.1175925925925926
0 0.846875 0.125 0.85390625 0.12731481481481483 0.85703125 0.13657407407407407 0.8565104166666667 0.2101851851851852 0.8533854166666667 0.22175925925925927 0.8419270833333333 0.225 0.834375 0.22314814814814815 0.8309895833333333 0.21712962962962962 0.83046875 0.19166666666666668 0.8322916666666667 0.16805555555555557 0.8309895833333333 0.13333333333333333 0.8348958333333333 0.12638888888888888 0.8466145833333333 0.125
0 0.703125 0.5472222222222223 0.7106770833333333 0.5527777777777778 0.7122395833333334 0.5675925925925925 0.7125 0.6092592592592593 0.7109375 0.6143518518518518 0.7067708333333333 0.6157407407407407 0.69140625 0.6157407407407407 0.6880208333333333 0.6106481481481482 0.68984375 0.5884259259259259 0.6888020833333334 0.5527777777777778 0.69296875 0.5481481481481482 0.7028645833333333 0.5472222222222223
0 0.8609375 0.6837962962962963 0.8661458333333333 0.6907407407407408 0.8684895833333334 0.700462962962963 0.8703125 0.7921296296296296 0.8666666666666667 0.8009259259259259 0.8567708333333334 0.8023148148148148 0.8450520833333334 0.7981481481481482 0.84140625 0.7856481481481481 0.84140625 0.7277777777777777 0.8393229166666667 0.6990740740740741 0.84140625 0.6888888888888889 0.84453125 0.6851851851851852 0.8518229166666667 0.6824074074074075 0.8606770833333334 0.6837962962962963
0 0.85390625 0.2412037037037037 0.8591145833333333 0.25 0.8609375 0.25925925925925924 0.8638020833333333 0.3212962962962963 0.8604166666666667 0.3425925925925926 0.8494791666666667 0.34629629629629627 0.840625 0.34444444444444444 0.8369791666666667 0.33796296296296297 0.83203125 0.2569444444444444 0.8346354166666666 0.24537037037037038 0.83828125 0.2412037037037037 0.8536458333333333 0.2412037037037037
0 0.66015625 0.9634259259259259 0.6684895833333333 0.9740740740740741 0.6703125 0.999537037037037 0.6411458333333333 0.999537037037037 0.64296875 0.9699074074074074 0.65078125 0.9629629629629629 0.6598958333333333 0.9634259259259259
0 0.5505208333333333 0.5263888888888889 0.5578125 0.5324074074074074 0.55859375 0.6046296296296296 0.5546875 0.6370370370370371 0.5502604166666667 0.6430555555555556 0.5455729166666666 0.6444444444444445 0.5330729166666667 0.6402777777777777 0.5296875 0.6300925925925925 0.5322916666666667 0.5398148148148149 0.5328125 0.5310185185185186 0.5348958333333333 0.5273148148148148 0.5502604166666667 0.5263888888888889
0 0.62109375 0.5328703703703703 0.6268229166666667 0.5351851851851852 0.6299479166666667 0.5458333333333333 0.6328125 0.6263888888888889 0.6309895833333333 0.6439814814814815 0.6263020833333334 0.6504629629629629 0.621875 0.6518518518518519 0.61171875 0.6509259259259259 0.6052083333333333 0.6402777777777777 0.6018229166666667 0.562037037037037 0.60234375 0.5453703703703704 0.6052083333333333 0.5361111111111111 0.6208333333333333 0.5328703703703703
0 0.6619791666666667 0.11342592592592593 0.6697916666666667 0.1162037037037037 0.6736979166666667 0.1337962962962963 0.6721354166666667 0.18194444444444444 0.6731770833333334 0.21388888888888888 0.6669270833333333 0.22361111111111112 0.6578125 0.22870370370370371 0.6473958333333333 0.2222222222222222 0.6440104166666667 0.2125 0.64375 0.20416666666666666 0.6494791666666667 0.11990740740740741 0.6544270833333333 0.11388888888888889 0.66171875 0.11342592592592593
0 0.5903645833333333 0.1125 0.5966145833333333 0.11805555555555555 0.59921875 0.1300925925925926 0.5997395833333333 0.18194444444444444 0.5950520833333334 0.21574074074074073 0.5924479166666666 0.2212962962962963 0.5875 0.22407407407407406 0.57734375 0.22314814814814815 0.57109375 0.21388888888888888 0.5708333333333333 0.16805555555555557 0.5736979166666667 0.11805555555555555 0.5799479166666667 0.1125 0.5901041666666667 0.1125
0 0.9760416666666667 0.462037037037037 0.9807291666666667 0.46944444444444444 0.9828125 0.48055555555555557 0.9830729166666666 0.4949074074074074 0.9807291666666667 0.5032407407407408 0.9635416666666666 0.5125 0.9299479166666667 0.5175925925925926 0.9221354166666667 0.512962962962963 0.9182291666666667 0.49722222222222223 0.91796875 0.4842592592592593 0.921875 0.4736111111111111 0.9424479166666667 0.46620370370370373 0.97578125 0.462037037037037
0 0.6236979166666666 0.675 0.63046875 0.6810185185185185 0.63359375 0.7143518518518519 0.63046875 0.7958333333333333 0.6276041666666666 0.8018518518518518 0.6216145833333333 0.8041666666666667 0.6091145833333333 0.8027777777777778 0.6028645833333334 0.7925925925925926 0.6026041666666667 0.7337962962962963 0.6046875 0.700462962962963 0.6083333333333333 0.6787037037037037 0.6130208333333333 0.675 0.6234375 0.675
0 0.7018229166666666 0.674537037037037 0.7075520833333333 0.6810185185185185 0.71015625 0.6935185185185185 0.7091145833333333 0.7203703703703703 0.7104166666666667 0.7379629629629629 0.7080729166666667 0.7842592592592592 0.7065104166666667 0.7902777777777777 0.7033854166666667 0.7916666666666666 0.68515625 0.7902777777777777 0.68125 0.7870370370370371 0.6794270833333333 0.7805555555555556 0.6822916666666666 0.6847222222222222 0.6877604166666667 0.674074074074074 0.7015625 0.674537037037037
0 0.7385416666666667 0.6847222222222222 0.7416666666666667 0.6884259259259259 0.7434895833333334 0.6958333333333333 0.7479166666666667 0.7694444444444445 0.7450520833333333 0.7787037037037037 0.7348958333333333 0.7814814814814814 0.72421875 0.7800925925925926 0.7223958333333333 0.7754629629629629 0.7169270833333333 0.6995370370370371 0.7203125 0.687037037037037 0.73828125 0.6847222222222222
0 0.5815104166666667 0.6800925925925926 0.5901041666666667 0.6842592592592592 0.5934895833333333 0.6925925925925925 0.58984375 0.7986111111111112 0.5869791666666667 0.8060185185185185 0.5815104166666667 0.8087962962962963 0.5708333333333333 0.8083333333333333 0.5635416666666667 0.7930555555555555 0.56875 0.6893518518518519 0.5723958333333333 0.6819444444444445 0.58125 0.6800925925925926
0 0.7028645833333333 0.11527777777777778 0.7065104166666667 0.11851851851851852 0.7080729166666667 0.12407407407407407 0.7088541666666667 0.19027777777777777 0.7067708333333333 0.20787037037037037 0.69921875 0.21342592592592594 0.6888020833333334 0.2125 0.684375 0.2064814814814815 0.684375 0.12361111111111112 0.6888020833333334 0.11574074074074074 0.7026041666666667 0.11527777777777778
0 0.6625 0.25787037037037036 0.66953125 0.26481481481481484 0.6708333333333333 0.2884259259259259 0.6684895833333333 0.3384259259259259 0.66640625 0.34305555555555556 0.66171875 0.3449074074074074 0.64609375 0.3421296296296296 0.6447916666666667 0.3314814814814815 0.6463541666666667 0.2652777777777778 0.65078125 0.2574074074074074 0.6622395833333333 0.25787037037037036
0 0.8981770833333333 0.2490740740740741 0.9057291666666667 0.2569444444444444 0.9078125 0.26481481481481484 0.9080729166666667 0.2791666666666667 0.9114583333333334 0.28888888888888886 0.9098958333333333 0.29814814814814816 0.9104166666666667 0.3486111111111111 0.9075520833333334 0.3574074074074074 0.8986979166666667 0.3611111111111111 0.88671875 0.36018518518518516 0.8794270833333333 0.3490740740740741 0.88125 0.3060185185185185 0.8770833333333333 0.2791666666666667 0.8796875 0.2601851851851852 0.8825520833333333 0.25324074074074077 0.8903645833333333 0.24814814814814815 0.8979166666666667 0.2490740740740741
0 0.7770833333333333 0.1111111111111111 0.7817708333333333 0.1162037037037037 0.7830729166666667 0.12546296296296297 0.7848958333333333 0.1587962962962963 0.7838541666666666 0.1875 0.7822916666666667 0.2064814814814815 0.7802083333333333 0.21064814814814814 0.7723958333333333 0.2152777777777778 0.7635416666666667 0.21064814814814814 0.7622395833333333 0.20185185185185187 0.7583333333333333 0.2037037037037037 0.75703125 0.2013888888888889 0.7578125 0.17777777777777778 0.75546875 0.12638888888888888 0.7591145833333334 0.1125 0.7768229166666667 0.1111111111111111
0 0.5921875 0.23333333333333334 0.5981770833333333 0.2375 0.5997395833333333 0.25277777777777777 0.5997395833333333 0.3398148148148148 0.5950520833333334 0.35555555555555557 0.5885416666666666 0.3592592592592593 0.57578125 0.35555555555555557 0.57109375 0.3435185185185185 0.5716145833333334 0.26064814814814813 0.5755208333333334 0.23703703703703705 0.5815104166666667 0.23333333333333334 0.5919270833333333 0.23333333333333334
0 0.8921875 0.5518518518518518 0.90078125 0.5564814814814815 0.9036458333333334 0.5689814814814815 0.9049479166666666 0.6152777777777778 0.9018229166666667 0.6453703703703704 0.89765625 0.6597222222222222 0.8828125 0.6587962962962963 0.87890625 0.6564814814814814 0.8770833333333333 0.6509259259259259 0.8778645833333333 0.624537037037037 0.8755208333333333 0.6125 0.8763020833333334 0.5569444444444445 0.8802083333333334 0.5527777777777778 0.8919270833333334 0.5518518518518518
0 0.9348958333333334 0.5430555555555555 0.9403645833333333 0.55 0.9427083333333334 0.5578703703703703 0.9453125 0.5995370370370371 0.94453125 0.6560185185185186 0.9424479166666667 0.662962962962963 0.9348958333333334 0.6662037037037037 0.92421875 0.6652777777777777 0.9182291666666667 0.6583333333333333 0.9151041666666667 0.6300925925925925 0.9130208333333333 0.562962962962963 0.9140625 0.5518518518518518 0.9171875 0.5458333333333333 0.925 0.5421296296296296 0.9346354166666667 0.5430555555555555
0 0.7393229166666667 0.5291666666666667 0.74609375 0.5324074074074074 0.7486979166666666 0.5435185185185185 0.7486979166666666 0.6018518518518519 0.7466145833333333 0.6263888888888889 0.7411458333333333 0.6337962962962963 0.73515625 0.6347222222222222 0.72734375 0.6337962962962963 0.7223958333333333 0.624537037037037 0.7231770833333333 0.5365740740740741 0.7276041666666667 0.5300925925925926 0.7390625 0.5291666666666667
0 0.8598958333333333 0.38981481481481484 0.8973958333333333 0.4 0.9080729166666667 0.4074074074074074 0.91015625 0.4185185185185185 0.9078125 0.43842592592592594 0.9046875 0.4462962962962963 0.9010416666666666 0.44814814814814813 0.8703125 0.44305555555555554 0.8494791666666667 0.4361111111111111 0.8458333333333333 0.4324074074074074 0.8442708333333333 0.41898148148148145 0.846875 0.39675925925925926 0.8520833333333333 0.3907407407407407 0.8596354166666667 0.38981481481481484
0 0.7765625 0.22685185185185186 0.7841145833333333 0.23287037037037037 0.7875 0.24166666666666667 0.7893229166666667 0.29583333333333334 0.7875 0.33055555555555555 0.7841145833333333 0.337037037037037 0.77734375 0.3388888888888889 0.7690104166666667 0.3384259259259259 0.7635416666666667 0.33194444444444443 0.7606770833333333 0.2865740740740741 0.7614583333333333 0.23842592592592593 0.7674479166666667 0.22916666666666666 0.7763020833333333 0.22685185185185186
0 0.5421875 0.9912037037037037 0.5479166666666667 0.9944444444444445 0.5494791666666666 0.999537037037037 0.5268229166666667 0.999537037037037 0.528125 0.9944444444444445 0.5328125 0.9912037037037037 0.5419270833333333 0.9912037037037037
0 0.6231770833333333 0.09583333333333334 0.6296875 0.09907407407407408 0.63359375 0.10694444444444444 0.6361979166666667 0.14351851851851852 0.6338541666666667 0.20046296296296295 0.6236979166666666 0.20972222222222223 0.6104166666666667 0.2064814814814815 0.6078125 0.18888888888888888 0.6088541666666667 0.11064814814814815 0.61484375 0.09907407407407408 0.6229166666666667 0.09583333333333334
0 0.9606770833333333 0.24027777777777778 0.97109375 0.24814814814814815 0.9760416666666667 0.27870370370370373 0.9744791666666667 0.29814814814814816 0.9760416666666667 0.3087962962962963 0.97578125 0.3388888888888889 0.96875 0.350462962962963 0.9638020833333333 0.35324074074074074 0.94921875 0.350462962962963 0.9419270833333333 0.3351851851851852 0.9447916666666667 0.3143518518518518 0.9447916666666667 0.2759259259259259 0.9421875 0.26805555555555555 0.9427083333333334 0.25833333333333336 0.9489583333333333 0.24305555555555555 0.9604166666666667 0.24027777777777778
0 0.85234375 0.5439814814814815 0.8643229166666667 0.55 0.8661458333333333 0.5555555555555556 0.86640625 0.5699074074074074 0.8630208333333333 0.649074074074074 0.8598958333333333 0.6611111111111111 0.8544270833333333 0.6666666666666666 0.8411458333333334 0.6648148148148149 0.8372395833333334 0.6601851851851852 0.83515625 0.6513888888888889 0.8403645833333333 0.5606481481481481 0.8440104166666667 0.5462962962962963 0.8520833333333333 0.5439814814814815
0 0.7729166666666667 0.5416666666666666 0.7830729166666667 0.5453703703703704 0.7859375 0.5532407407407407 0.78828125 0.611574074074074 0.7869791666666667 0.6412037037037037 0.7830729166666667 0.6476851851851851 0.7734375 0.65 0.7653645833333333 0.6458333333333334 0.7625 0.6370370370370371 0.759375 0.5615740740740741 0.7625 0.5462962962962963 0.77265625 0.5416666666666666
0 0.8526041666666667 0.986574074074074 0.8619791666666666 0.9912037037037037 0.8658854166666666 0.999537037037037 0.8380208333333333 0.999537037037037 0.8411458333333334 0.9893518518518518 0.85234375 0.986574074074074
0 0.7833333333333333 0 0.8419270833333333 0 0.8403645833333333 0.005092592592592593 0.8354166666666667 0.008333333333333333 0.8005208333333333 0.002777777777777778 0.7958333333333333 0.006481481481481481 0.7893229166666667 0.006481481481481481 0.7833333333333333 0.000462962962962963
0 0.665625 0.6865740740740741 0.66953125 0.6888888888888889 0.671875 0.6962962962962963 0.6729166666666667 0.7453703703703703 0.66875 0.7888888888888889 0.6645833333333333 0.7976851851851852 0.6604166666666667 0.8 0.6479166666666667 0.7981481481481482 0.6434895833333333 0.7902777777777777 0.6424479166666667 0.7601851851851852 0.64453125 0.7449074074074075 0.6440104166666667 0.7050925925925926 0.6489583333333333 0.6856481481481481 0.6653645833333334 0.6865740740740741
0 0.7760416666666666 0.6726851851851852 0.7833333333333333 0.675 0.78671875 0.6824074074074075 0.7893229166666667 0.7268518518518519 0.7888020833333333 0.7828703703703703 0.78671875 0.7893518518518519 0.7794270833333333 0.7958333333333333 0.7653645833333333 0.7916666666666666 0.76171875 0.7833333333333333 0.7611979166666667 0.7736111111111111 0.7604166666666666 0.6944444444444444 0.76171875 0.6782407407407407 0.7653645833333333 0.6731481481481482 0.77578125 0.6726851851851852
0 0.8127604166666667 0.5407407407407407 0.8177083333333334 0.5435185185185185 0.8216145833333334 0.5527777777777778 0.8247395833333333 0.6046296296296296 0.8221354166666667 0.6472222222222223 0.81484375 0.6527777777777778 0.8002604166666667 0.6509259259259259 0.7958333333333333 0.6402777777777777 0.7979166666666667 0.6189814814814815 0.7947916666666667 0.5638888888888889 0.7955729166666666 0.5509259259259259 0.8 0.5416666666666666 0.8125 0.5407407407407407
0 0.5408854166666667 0.6666666666666666 0.55078125 0.674537037037037 0.55234375 0.7162037037037037 0.55234375 0.7722222222222223 0.5494791666666666 0.7796296296296297 0.5432291666666667 0.7851851851851852 0.5291666666666667 0.7819444444444444 0.5255208333333333 0.7731481481481481 0.5247395833333334 0.7611111111111111 0.5255208333333333 0.6763888888888889 0.5278645833333333 0.6712962962962963 0.540625 0.6666666666666666
0 0.8177083333333334 0.23148148148148148 0.821875 0.24444444444444444 0.8231770833333333 0.3 0.821875 0.3138888888888889 0.8158854166666667 0.3175925925925926 0.80390625 0.3175925925925926 0.7997395833333333 0.31342592592592594 0.7981770833333334 0.24259259259259258 0.8020833333333334 0.23055555555555557 0.8174479166666667 0.23148148148148148
0 0.62578125 0.22962962962962963 0.63359375 0.23333333333333334 0.6369791666666667 0.24444444444444444 0.6377604166666667 0.31203703703703706 0.6354166666666666 0.3351851851851852 0.6260416666666667 0.3416666666666667 0.6161458333333333 0.34120370370370373 0.6109375 0.3347222222222222 0.6096354166666667 0.2550925925925926 0.6098958333333333 0.2412037037037037 0.6127604166666667 0.2337962962962963 0.6190104166666667 0.22962962962962963 0.6255208333333333 0.22962962962962963
0 0.8143229166666667 0.6787037037037037 0.81953125 0.6814814814814815 0.821875 0.6861111111111111 0.82421875 0.7282407407407407 0.82265625 0.7759259259259259 0.8190104166666666 0.7861111111111111 0.8127604166666667 0.7888888888888889 0.8033854166666666 0.7875 0.79765625 0.7800925925925926 0.7966145833333333 0.6888888888888889 0.8002604166666667 0.6805555555555556 0.8140625 0.6787037037037037