0 0.8869791666666667 0.12916666666666668 0.8927083333333333 0.13240740740740742 0.8958333333333334 0.14305555555555555 0.89765625 0.22453703703703703 0.8950520833333333 0.24259259259259258 0.88359375 0.24675925925925926 0.875 0.24444444444444444 0.8697916666666666 0.23333333333333334 0.8677083333333333 0.15462962962962962 0.8723958333333334 0.13240740740740742 0.88671875 0.12916666666666668
0 0.7736979166666667 0.12407407407407407 0.7815104166666667 0.12638888888888888 0.7833333333333333 0.12962962962962962 0.7854166666666667 0.18611111111111112 0.78359375 0.22037037037037038 0.7723958333333333 0.22870370370370371 0.7635416666666667 0.22361111111111112 0.7583333333333333 0.21157407407407408 0.7565104166666666 0.1412037037037037 0.7583333333333333 0.13055555555555556 0.7614583333333333 0.1259259259259259 0.7734375 0.12407407407407407
0 0.6299479166666667 0.6833333333333333 0.63359375 0.6949074074074074 0.6346354166666667 0.7060185185185185 0.6359375 0.7763888888888889 0.6309895833333333 0.8143518518518519 0.6197916666666666 0.8194444444444444 0.6096354166666667 0.8175925925925925 0.6046875 0.8074074074074075 0.6059895833333333 0.7791666666666667 0.6041666666666666 0.7671296296296296 0.6065104166666667 0.7467592592592592 0.6067708333333334 0.7208333333333333 0.6088541666666667 0.6981481481481482 0.6130208333333333 0.6847222222222222 0.6161458333333333 0.6819444444444445 0.6296875 0.6833333333333333
0 0.7098958333333333 0.38333333333333336 0.7528645833333333 0.3902777777777778 0.75546875 0.39675925925925926 0.7552083333333334 0.425462962962963 0.7528645833333333 0.43194444444444446 0.7486979166666666 0.4337962962962963 0.6958333333333333 0.42824074074074076 0.6932291666666667 0.41944444444444445 0.6940104166666666 0.39351851851851855 0.69921875 0.3851851851851852 0.7096354166666666 0.38333333333333336
0 0.7427083333333333 0.2601851851851852 0.7489583333333333 0.2675925925925926 0.7515625 0.28425925925925927 0.753125 0.35324074074074074 0.7510416666666667 0.36203703703703705 0.7411458333333333 0.36574074074074076 0.7341145833333333 0.3638888888888889 0.7270833333333333 0.3527777777777778 0.7276041666666667 0.32083333333333336 0.725 0.27546296296296297 0.7268229166666667 0.26805555555555555 0.7322916666666667 0.2611111111111111 0.7424479166666667 0.2601851851851852
0 0.05703125 0.1726851851851852 0.06432291666666666 0.18009259259259258 0.06666666666666667 0.19583333333333333 0.06354166666666666 0.20555555555555555 0.055989583333333336 0.25833333333333336 0.05182291666666667 0.2689814814814815 0.048177083333333336 0.2712962962962963 0.040364583333333336 0.26990740740740743 0.03177083333333333 0.26157407407407407 0.030208333333333334 0.25601851851851853 0.03125 0.22916666666666666 0.040625 0.1787037037037037 0.043229166666666666 0.17453703703703705 0.05677083333333333 0.1726851851851852
0 0.7013020833333333 0.12824074074074074 0.7080729166666667 0.13148148148148148 0.7098958333333333 0.13703703703703704 0.7104166666666667 0.2074074074074074 0.7083333333333334 0.2199074074074074 0.7 0.22685185185185186 0.6890625 0.22546296296296298 0.6856770833333333 0.22037037037037038 0.6869791666666667 0.18287037037037038 0.6856770833333333 0.13842592592592592 0.6893229166666667 0.1300925925925926 0.7010416666666667 0.12824074074074074
0 0.9619791666666667 0.12962962962962962 0.96875 0.13333333333333333 0.9734375 0.14027777777777778 0.9755208333333333 0.1648148148148148 0.9747395833333333 0.23055555555555557 0.9703125 0.2375 0.9635416666666666 0.24074074074074073 0.95546875 0.23935185185185184 0.94765625 0.23055555555555557 0.94453125 0.15833333333333333 0.94921875 0.13472222222222222 0.9536458333333333 0.13055555555555556 0.96171875 0.12962962962962962
0 0.8106770833333333 0.10833333333333334 0.8192708333333333 0.11666666666666667 0.82265625 0.14351851851851852 0.8213541666666667 0.19675925925925927 0.8190104166666666 0.20555555555555555 0.8140625 0.20972222222222223 0.8005208333333333 0.20833333333333334 0.7953125 0.19907407407407407 0.7963541666666667 0.16805555555555557 0.7947916666666667 0.12638888888888888 0.8002604166666667 0.1111111111111111 0.8104166666666667 0.10833333333333334
0 0.8635416666666667 0.6990740740740741 0.86796875 0.7032407407407407 0.87109375 0.7162037037037037 0.8729166666666667 0.8060185185185185 0.8700520833333333 0.8143518518518519 0.86328125 0.8171296296296297 0.8484375 0.8143518518518519 0.8432291666666667 0.8004629629629629 0.84375 0.7398148148148148 0.8416666666666667 0.7199074074074074 0.8419270833333333 0.7101851851851851 0.8473958333333333 0.6990740740740741 0.85234375 0.6967592592592593 0.86328125 0.6990740740740741
0 0.8989583333333333 0.2625 0.9041666666666667 0.26481481481481484 0.9078125 0.2726851851851852 0.9127604166666666 0.30324074074074076 0.9111979166666667 0.31342592592592594 0.9119791666666667 0.362962962962963 0.9096354166666667 0.37037037037037035 0.9028645833333333 0.375 0.8880208333333334 0.3736111111111111 0.8815104166666666 0.36342592592592593 0.8802083333333334 0.3560185185185185 0.8830729166666667 0.33935185185185185 0.8828125 0.3050925925925926 0.8783854166666667 0.29305555555555557 0.8786458333333333 0.28564814814814815 0.8817708333333333 0.2726851851851852 0.8859375 0.26481481481481484 0.8986979166666667 0.2625
0 0.6221354166666667 0.5476851851851852 0.6294270833333333 0.5509259259259259 0.63203125 0.562962962962963 0.63515625 0.6458333333333334 0.63359375 0.6578703703703703 0.6291666666666667 0.6648148148148149 0.6239583333333333 0.6662037037037037 0.6122395833333333 0.6657407407407407 0.6083333333333333 0.6611111111111111 0.6059895833333333 0.6449074074074074 0.60390625 0.5777777777777777 0.6041666666666666 0.5597222222222222 0.60625 0.5513888888888889 0.621875 0.5476851851851852
0 0.8552083333333333 0.5583333333333333 0.865625 0.562962962962963 0.86875 0.5768518518518518 0.86484375 0.6675925925925926 0.8622395833333333 0.6777777777777778 0.8580729166666666 0.6810185185185185 0.8432291666666667 0.6787037037037037 0.83828125 0.6717592592592593 0.8372395833333334 0.6652777777777777 0.8416666666666667 0.5731481481481482 0.8458333333333333 0.5606481481481481 0.8549479166666667 0.5583333333333333
0 0.6614583333333334 0.12731481481481483 0.6716145833333333 0.1310185185185185 0.6755208333333333 0.15092592592592594 0.6739583333333333 0.22824074074074074 0.6705729166666666 0.23564814814814813 0.6622395833333333 0.24212962962962964 0.6497395833333334 0.23796296296296296 0.6466145833333333 0.23194444444444445 0.6455729166666667 0.22407407407407406 0.6466145833333333 0.17824074074074073 0.65 0.13842592592592592 0.6533854166666667 0.12962962962962962 0.6611979166666667 0.12731481481481483
0 0.5916666666666667 0.12638888888888888 0.5979166666666667 0.1300925925925926 0.6 0.1398148148148148 0.59921875 0.2199074074074074 0.59375 0.2351851851851852 0.58671875 0.23842592592592593 0.5763020833333333 0.2351851851851852 0.571875 0.22361111111111112 0.5739583333333333 0.1439814814814815 0.5760416666666667 0.12962962962962962 0.59140625 0.12638888888888888
0 0.5966145833333333 0.2490740740740741 0.5994791666666667 0.2518518518518518 0.6005208333333333 0.26342592592592595 0.6013020833333333 0.350462962962963 0.6002604166666666 0.36064814814814816 0.5971354166666667 0.36898148148148147 0.5908854166666667 0.3736111111111111 0.5786458333333333 0.37083333333333335 0.5729166666666666 0.3597222222222222 0.57421875 0.26296296296296295 0.5768229166666666 0.25092592592592594 0.5869791666666667 0.24768518518518517 0.5963541666666666 0.2490740740740741
0 0.9346354166666667 0.5560185185185185 0.9401041666666666 0.5597222222222222 0.94453125 0.5708333333333333 0.946875 0.5995370370370371 0.94765625 0.6532407407407408 0.9463541666666667 0.6722222222222223 0.9421875 0.6787037037037037 0.9356770833333333 0.6805555555555556 0.925 0.6782407407407407 0.9197916666666667 0.6680555555555555 0.9174479166666667 0.6305555555555555 0.91875 0.6194444444444445 0.9169270833333333 0.611574074074074 0.9153645833333334 0.5782407407407407 0.9158854166666667 0.5671296296296297 0.9184895833333333 0.5606481481481481 0.9247395833333333 0.5564814814814815 0.934375 0.5560185185185185
0 0.5861979166666667 0.6958333333333333 0.59453125 0.7027777777777777 0.59609375 0.7162037037037037 0.59375 0.7407407407407407 0.5927083333333333 0.8074074074074075 0.5890625 0.8208333333333333 0.5825520833333333 0.8240740740740741 0.57109375 0.8222222222222222 0.5669270833333333 0.8134259259259259 0.5666666666666667 0.7574074074074074 0.57109375 0.700462962962963 0.57578125 0.6953703703703704 0.5859375 0.6958333333333333
0 0.7059895833333333 0.562037037037037 0.7109375 0.5648148148148148 0.7135416666666666 0.575462962962963 0.7145833333333333 0.6236111111111111 0.7135416666666666 0.6287037037037037 0.7109375 0.6300925925925925 0.6924479166666667 0.6296296296296297 0.6901041666666666 0.624537037037037 0.69140625 0.6097222222222223 0.6903645833333333 0.5671296296296297 0.6932291666666667 0.5634259259259259 0.7057291666666666 0.562037037037037
0 0.6963541666666667 0.687962962962963 0.7065104166666667 0.6912037037037037 0.71015625 0.6976851851851852 0.7111979166666667 0.7050925925925926 0.7119791666666667 0.7782407407407408 0.7104166666666667 0.8027777777777778 0.7065104166666667 0.8074074074074075 0.6890625 0.8064814814814815 0.6817708333333333 0.7981481481481482 0.684375 0.6995370370370371 0.68828125 0.6898148148148148 0.69609375 0.687962962962963
0 0.7421875 0.700462962962963 0.7455729166666667 0.7087962962962963 0.7479166666666667 0.7273148148148149 0.74921875 0.7828703703703703 0.7463541666666667 0.7935185185185185 0.7385416666666667 0.7967592592592593 0.7270833333333333 0.7958333333333333 0.7236979166666667 0.7898148148148149 0.7190104166666667 0.7064814814814815 0.7286458333333333 0.6990740740740741 0.7419270833333333 0.700462962962963
0 0.6166666666666667 0.4203703703703704 0.62265625 0.425462962962963 0.6333333333333333 0.44166666666666665 0.6598958333333333 0.49444444444444446 0.66015625 0.5018518518518519 0.6580729166666667 0.5087962962962963 0.6479166666666667 0.5259259259259259 0.6440104166666667 0.5254629629629629 0.63359375 0.5143518518518518 0.6255208333333333 0.49444444444444446 0.6020833333333333 0.4564814814814815 0.60078125 0.44537037037037036 0.60234375 0.43657407407407406 0.609375 0.42407407407407405 0.61640625 0.4203703703703704
0 0.6635416666666667 0.2712962962962963 0.66875 0.2740740740740741 0.6716145833333333 0.28055555555555556 0.6723958333333333 0.3106481481481482 0.6703125 0.35555555555555557 0.66171875 0.3592592592592593 0.65078125 0.3592592592592593 0.6458333333333334 0.3527777777777778 0.6473958333333333 0.3212962962962963 0.6463541666666667 0.29583333333333334 0.6473958333333333 0.2791666666666667 0.6505208333333333 0.27314814814814814 0.66328125 0.2712962962962963
0 0.7416666666666667 0.09722222222222222 0.7466145833333333 0.10138888888888889 0.74921875 0.10925925925925926 0.7481770833333333 0.2 0.7458333333333333 0.2125 0.73515625 0.21851851851851853 0.7236979166666667 0.21574074074074073 0.71953125 0.20879629629629629 0.7192708333333333 0.19537037037037036 0.721875 0.17592592592592593 0.7216145833333333 0.11990740740740741 0.7234375 0.10694444444444444 0.72734375 0.09953703703703703 0.7333333333333333 0.0962962962962963 0.74140625 0.09722222222222222
0 0.5552083333333333 0.5421296296296296 0.5591145833333333 0.5453703703703704 0.5598958333333334 0.5523148148148148 0.56015625 0.5888888888888889 0.5578125 0.6041666666666666 0.559375 0.6152777777777778 0.5588541666666667 0.6370370370370371 0.5572916666666666 0.6509259259259259 0.5541666666666667 0.6564814814814814 0.5489583333333333 0.6587962962962963 0.5356770833333333 0.6560185185185186 0.53203125 0.6476851851851851 0.53203125 0.6041666666666666 0.534375 0.5717592592592593 0.53359375 0.5467592592592593 0.5395833333333333 0.5402777777777777 0.5549479166666667 0.5421296296296296
0 0.6255208333333333 0.24305555555555555 0.6356770833333333 0.24861111111111112 0.63828125 0.26666666666666666 0.6380208333333334 0.3439814814814815 0.6354166666666666 0.35185185185185186 0.6276041666666666 0.3560185185185185 0.6143229166666667 0.3527777777777778 0.61171875 0.3453703703703704 0.6111979166666667 0.33194444444444443 0.61171875 0.2518518518518518 0.6174479166666667 0.24444444444444444 0.6252604166666667 0.24305555555555555
0 0.8950520833333333 0.5657407407407408 0.9044270833333333 0.5712962962962963 0.9075520833333334 0.6259259259259259 0.9057291666666667 0.662962962962963 0.90078125 0.6722222222222223 0.8973958333333333 0.674074074074074 0.884375 0.6726851851851852 0.88046875 0.6680555555555555 0.8776041666666666 0.6259259259259259 0.8791666666666667 0.5703703703703704 0.88359375 0.5662037037037037 0.8947916666666667 0.5657407407407408
0 0.14427083333333332 0.5587962962962963 0.1546875 0.5625 0.15755208333333334 0.5763888888888888 0.14973958333333334 0.6435185185185185 0.14401041666666667 0.6657407407407407 0.14088541666666668 0.6680555555555555 0.12630208333333334 0.6648148148148149 0.12291666666666666 0.6587962962962963 0.12239583333333333 0.6467592592592593 0.12890625 0.5837962962962963 0.1359375 0.5606481481481481 0.14401041666666667 0.5587962962962963
0 0.7427083333333333 0.5439814814814815 0.7479166666666667 0.5472222222222223 0.7502604166666667 0.5541666666666667 0.7497395833333333 0.6314814814814815 0.74765625 0.6439814814814815 0.7385416666666667 0.649074074074074 0.7283854166666667 0.6472222222222223 0.7244791666666667 0.6402777777777777 0.725 0.5546296296296296 0.7270833333333333 0.5462962962962963 0.7348958333333333 0.5430555555555555 0.7424479166666667 0.5439814814814815
0 0.6591145833333333 0.9782407407407407 0.6669270833333333 0.9837962962962963 0.6713541666666667 0.999537037037037 0.6432291666666666 0.999537037037037 0.6432291666666666 0.9912037037037037 0.6463541666666667 0.9837962962962963 0.65078125 0.9796296296296296 0.6588541666666666 0.9782407407407407
0 0.85234375 0.25324074074074077 0.8598958333333333 0.26157407407407407 0.8622395833333333 0.2722222222222222 0.8661458333333333 0.3402777777777778 0.8627604166666667 0.35648148148148145 0.8520833333333333 0.3597222222222222 0.8419270833333333 0.35833333333333334 0.8385416666666666 0.3523148148148148 0.8341145833333333 0.2759259259259259 0.8348958333333333 0.26435185185185184 0.8385416666666666 0.25601851851851853 0.8520833333333333 0.25324074074074077
0 0.853125 0.13935185185185187 0.85703125 0.14351851851851852 0.8583333333333333 0.15601851851851853 0.8580729166666666 0.22314814814814815 0.8549479166666667 0.23472222222222222 0.8466145833333333 0.23842592592592593 0.8346354166666666 0.23564814814814813 0.8317708333333333 0.22777777777777777 0.8325520833333333 0.1537037037037037 0.83359375 0.1449074074074074 0.8361979166666667 0.14027777777777778 0.8528645833333334 0.13935185185185187
0 0.6234375 0.10972222222222222 0.6299479166666667 0.11203703703703703 0.6346354166666667 0.11944444444444445 0.6372395833333333 0.15925925925925927 0.6346354166666667 0.2162037037037037 0.6307291666666667 0.2212962962962963 0.6244791666666667 0.22361111111111112 0.6158854166666666 0.22268518518518518 0.6114583333333333 0.21851851851851853 0.6091145833333333 0.1925925925925926 0.6106770833333334 0.12268518518518519 0.6153645833333333 0.11296296296296296 0.6231770833333333 0.10972222222222222
0 0.9638020833333333 0.25416666666666665 0.97109375 0.25972222222222224 0.97421875 0.2657407407407407 0.9763020833333333 0.3106481481481482 0.9744791666666667 0.3574074074074074 0.9713541666666666 0.36342592592592593 0.9640625 0.36712962962962964 0.9502604166666667 0.3638888888888889 0.94375 0.34953703703703703 0.9458333333333333 0.3074074074074074 0.9442708333333333 0.2726851851851852 0.9502604166666667 0.25787037037037036 0.9635416666666666 0.25416666666666665
0 0.7825520833333334 0.687037037037037 0.7880208333333333 0.6916666666666667 0.7901041666666667 0.7050925925925926 0.7921875 0.7842592592592592 0.7885416666666667 0.8041666666666667 0.7794270833333333 0.8106481481481481 0.76875 0.8074074074074075 0.76328125 0.7967592592592593 0.7638020833333333 0.7532407407407408 0.7619791666666667 0.7097222222222223 0.765625 0.6884259259259259 0.7822916666666667 0.687037037037037
0 0.7799479166666666 0.5564814814814815 0.7864583333333334 0.5615740740740741 0.7877604166666666 0.5666666666666667 0.7901041666666667 0.6013888888888889 0.7903645833333334 0.6472222222222223 0.7875 0.6592592592592592 0.7760416666666666 0.6643518518518519 0.7684895833333333 0.6620370370370371 0.7640625 0.6509259259259259 0.7609375 0.5708333333333333 0.765625 0.5587962962962963 0.7796875 0.5564814814814815
0 0.65546875 0.700462962962963 0.6684895833333333 0.7023148148148148 0.6734375 0.7101851851851851 0.6723958333333333 0.7916666666666666 0.6692708333333334 0.8074074074074075 0.6625 0.8148148148148148 0.6484375 0.8125 0.6442708333333333 0.8004629629629629 0.64609375 0.7152777777777778 0.6497395833333334 0.7013888888888888 0.6552083333333333 0.700462962962963
0 0.8197916666666667 0.5574074074074075 0.8223958333333333 0.5611111111111111 0.8244791666666667 0.5722222222222222 0.82578125 0.6439814814814815 0.8244791666666667 0.6615740740740741 0.81796875 0.6666666666666666 0.8028645833333333 0.6657407407407407 0.7989583333333333 0.6611111111111111 0.7966145833333333 0.5726851851851852 0.7986979166666667 0.5606481481481481 0.8013020833333333 0.5564814814814815 0.81328125 0.5546296296296296 0.81953125 0.5574074074074075
0 0.5442708333333334 0.6824074074074075 0.5502604166666667 0.6851851851851852 0.5536458333333333 0.6907407407407408 0.55546875 0.7305555555555555 0.5544270833333333 0.7865740740740741 0.5502604166666667 0.7972222222222223 0.54453125 0.8009259259259259 0.5330729166666667 0.799074074074074 0.5278645833333333 0.7898148148148149 0.52578125 0.7106481481481481 0.5260416666666666 0.6995370370370371 0.5294270833333333 0.6884259259259259 0.5359375 0.6828703703703703 0.5440104166666667 0.6824074074074075
0 0.70234375 0.2564814814814815 0.70703125 0.2587962962962963 0.7109375 0.26666666666666666 0.7119791666666667 0.31851851851851853 0.7104166666666667 0.35694444444444445 0.7002604166666667 0.362962962962963 0.6893229166666667 0.3592592592592593 0.6869791666666667 0.35555555555555557 0.6848958333333334 0.2833333333333333 0.6854166666666667 0.2662037037037037 0.6885416666666667 0.2587962962962963 0.7020833333333333 0.2564814814814815
0 0.8145833333333333 0.24305555555555555 0.8221354166666667 0.24953703703703703 0.825 0.28425925925925927 0.825 0.30972222222222223 0.8234375 0.3263888888888889 0.8143229166666667 0.33194444444444443 0.8036458333333333 0.33101851851851855 0.8002604166666667 0.3263888888888889 0.7997395833333333 0.2759259259259259 0.8010416666666667 0.24861111111111112 0.8046875 0.2439814814814815 0.8143229166666667 0.24305555555555555
0 0.7763020833333333 0.24027777777777778 0.7830729166666667 0.24305555555555555 0.7869791666666667 0.24814814814814815 0.790625 0.26805555555555555 0.78984375 0.3439814814814815 0.78671875 0.3509259259259259 0.7796875 0.3527777777777778 0.7666666666666667 0.3490740740740741 0.76328125 0.33240740740740743 0.7630208333333334 0.25324074074074077 0.7682291666666666 0.24305555555555555 0.7760416666666666 0.24027777777777778
0 0.5815104166666667 0.8523148148148149 0.5861979166666667 0.8578703703703704 0.5875 0.8685185185185185 0.5869791666666667 0.8898148148148148 0.5846354166666666 0.8986111111111111 0.5364583333333334 0.9027777777777778 0.5263020833333333 0.9018518518518519 0.5216145833333333 0.8976851851851851 0.5190104166666667 0.8842592592592593 0.5190104166666667 0.8685185185185185 0.5231770833333333 0.8555555555555555 0.5296875 0.8523148148148149 0.58125 0.8523148148148149
0 0.8174479166666667 0.6930555555555555 0.8231770833333333 0.6981481481481482 0.8252604166666667 0.7060185185185185 0.8252604166666667 0.7907407407407407 0.82109375 0.8009259259259259 0.8151041666666666 0.8041666666666667 0.8036458333333333 0.8009259259259259 0.8 0.7935185185185185 0.7973958333333333 0.7078703703703704 0.79921875 0.6995370370370371 0.8033854166666666 0.6939814814814815 0.8171875 0.6930555555555555