0 0.88515625 0.1310185185185185 0.8911458333333333 0.13333333333333333 0.8932291666666666 0.13935185185185187 0.8953125 0.16805555555555557 0.8955729166666667 0.23657407407407408 0.8921875 0.24537037037037038 0.8838541666666667 0.24861111111111112 0.8729166666666667 0.24675925925925926 0.8684895833333334 0.23703703703703705 0.8671875 0.15555555555555556 0.8703125 0.13518518518518519 0.8755208333333333 0.13148148148148148 0.8848958333333333 0.1310185185185185
0 0.7739583333333333 0.12546296296296297 0.7802083333333333 0.1287037037037037 0.7828125 0.13842592592592592 0.7846354166666667 0.19027777777777777 0.7830729166666667 0.22083333333333333 0.7723958333333333 0.2300925925925926 0.7640625 0.2273148148148148 0.7627604166666667 0.21851851851851853 0.75859375 0.2175925925925926 0.7572916666666667 0.21435185185185185 0.7559895833333333 0.1439814814814815 0.75859375 0.1287037037037037 0.7736979166666667 0.12546296296296297
0 0.621875 0.6907407407407408 0.6268229166666667 0.6921296296296297 0.6307291666666667 0.6986111111111111 0.634375 0.7416666666666667 0.6309895833333333 0.8134259259259259 0.6276041666666666 0.8185185185185185 0.62109375 0.8203703703703704 0.6075520833333333 0.8180555555555555 0.60390625 0.8111111111111111 0.60234375 0.8 0.60625 0.7027777777777777 0.6109375 0.6921296296296297 0.6216145833333333 0.6907407407407408
0 0.6963541666666667 0.12962962962962962 0.70390625 0.13148148148148148 0.7075520833333333 0.1375 0.7091145833333333 0.2074074074074074 0.70625 0.22314814814814815 0.70078125 0.2273148148148148 0.6927083333333334 0.22824074074074074 0.6854166666666667 0.22453703703703703 0.6833333333333333 0.21574074074074073 0.6841145833333333 0.14351851851851852 0.6859375 0.13333333333333333 0.69609375 0.12962962962962962
0 0.9614583333333333 0.13194444444444445 0.9713541666666666 0.1412037037037037 0.9736979166666667 0.16666666666666666 0.9736979166666667 0.22546296296296298 0.9703125 0.23703703703703705 0.9630208333333333 0.24259259259259258 0.9526041666666667 0.24027777777777778 0.9447916666666667 0.22685185185185186 0.9453125 0.20555555555555555 0.9427083333333334 0.15787037037037038 0.9442708333333333 0.14537037037037037 0.9481770833333333 0.13564814814814816 0.9526041666666667 0.13194444444444445 0.9611979166666667 0.13194444444444445
0 0.8083333333333333 0.11018518518518519 0.8140625 0.11342592592592593 0.8184895833333333 0.12268518518518519 0.8213541666666667 0.15462962962962962 0.81875 0.20277777777777778 0.81484375 0.20925925925925926 0.8106770833333333 0.2111111111111111 0.7997395833333333 0.2101851851851852 0.7940104166666667 0.20277777777777778 0.7921875 0.1439814814814815 0.7934895833333333 0.12777777777777777 0.7966145833333333 0.11574074074074074 0.8002604166666667 0.1111111111111111 0.8080729166666667 0.11018518518518519
0 0.8127604166666667 0.5564814814814815 0.81796875 0.5592592592592592 0.8216145833333334 0.5671296296296297 0.8234375 0.5972222222222222 0.8229166666666666 0.6601851851851852 0.8208333333333333 0.6657407407407407 0.8151041666666666 0.6685185185185185 0.8 0.6662037037037037 0.7963541666666667 0.6550925925925926 0.7979166666666667 0.6259259259259259 0.7950520833333333 0.5800925925925926 0.79609375 0.5648148148148148 0.8002604166666667 0.5569444444444445 0.8125 0.5564814814814815
0 0.85390625 0.6986111111111111 0.8635416666666667 0.7023148148148148 0.8690104166666667 0.7171296296296297 0.8708333333333333 0.8078703703703703 0.8682291666666667 0.8157407407407408 0.8625 0.8185185185185185 0.8450520833333334 0.8148148148148148 0.840625 0.7953703703703704 0.8424479166666666 0.7666666666666667 0.8393229166666667 0.7162037037037037 0.84375 0.7032407407407407 0.8536458333333333 0.6986111111111111
0 0.9013020833333333 0.2662037037037037 0.9067708333333333 0.2763888888888889 0.9083333333333333 0.2967592592592593 0.9111979166666667 0.30462962962962964 0.909375 0.3138888888888889 0.9106770833333333 0.3587962962962963 0.9078125 0.3726851851851852 0.89921875 0.3768518518518518 0.88671875 0.37592592592592594 0.8796875 0.3662037037037037 0.8802083333333334 0.30648148148148147 0.8765625 0.29259259259259257 0.8796875 0.275 0.8830729166666667 0.26805555555555555 0.890625 0.2638888888888889 0.9010416666666666 0.2662037037037037
0 0.6203125 0.5486111111111112 0.6268229166666667 0.5513888888888889 0.6294270833333333 0.5597222222222222 0.6328125 0.6375 0.6315104166666666 0.6583333333333333 0.6278645833333333 0.6652777777777777 0.6216145833333333 0.6680555555555555 0.6096354166666667 0.6666666666666666 0.60546875 0.6587962962962963 0.6018229166666667 0.575462962962963 0.60390625 0.5532407407407407 0.6091145833333333 0.549537037037037 0.6200520833333333 0.5486111111111112
0 0.5263020833333333 0.41805555555555557 0.53984375 0.4356481481481482 0.53984375 0.44583333333333336 0.5330729166666667 0.46574074074074073 0.5067708333333333 0.5259259259259259 0.4984375 0.5337962962962963 0.49140625 0.5305555555555556 0.48515625 0.5222222222222223 0.4817708333333333 0.5106481481481482 0.4822916666666667 0.5013888888888889 0.5151041666666667 0.4263888888888889 0.5213541666666667 0.41759259259259257 0.5260416666666666 0.41805555555555557
0 0.6651041666666667 0.12962962962962962 0.6703125 0.13240740740740742 0.6729166666666667 0.14351851851851852 0.6721354166666667 0.225 0.6682291666666667 0.2375 0.6598958333333333 0.24351851851851852 0.6541666666666667 0.24351851851851852 0.6473958333333333 0.2375 0.64375 0.2273148148148148 0.6434895833333333 0.21851851851851853 0.6489583333333333 0.13703703703703704 0.6536458333333334 0.12916666666666668 0.66484375 0.12962962962962962
0 0.5924479166666666 0.1287037037037037 0.596875 0.1337962962962963 0.5984375 0.14027777777777778 0.5973958333333333 0.21342592592592594 0.5947916666666667 0.23055555555555557 0.5890625 0.23796296296296296 0.58359375 0.23935185185185184 0.5744791666666667 0.23564814814814813 0.5700520833333333 0.22407407407407406 0.571875 0.14305555555555555 0.5731770833333333 0.13333333333333333 0.5768229166666666 0.1287037037037037 0.5921875 0.1287037037037037
0 0.19010416666666666 0.5856481481481481 0.19609375 0.5930555555555556 0.196875 0.6087962962962963 0.18958333333333333 0.6777777777777778 0.18645833333333334 0.6865740740740741 0.18255208333333334 0.6884259259259259 0.16953125 0.6856481481481481 0.16510416666666666 0.6787037037037037 0.1671875 0.6185185185185185 0.171875 0.5986111111111111 0.17708333333333334 0.5875 0.18203125 0.5842592592592593 0.18984375 0.5856481481481481
0 0.93203125 0.5574074074074075 0.9390625 0.5625 0.9424479166666667 0.5717592592592593 0.9455729166666667 0.6231481481481481 0.9447916666666667 0.6708333333333333 0.94140625 0.6791666666666667 0.9322916666666666 0.6824074074074075 0.92109375 0.6782407407407407 0.9166666666666666 0.6648148148148149 0.91328125 0.5773148148148148 0.9140625 0.5680555555555555 0.91796875 0.5606481481481481 0.9317708333333333 0.5574074074074075
0 0.7002604166666667 0.562962962962963 0.7096354166666666 0.5666666666666667 0.7109375 0.5708333333333333 0.7127604166666667 0.6032407407407407 0.7119791666666667 0.6282407407407408 0.7098958333333333 0.6319444444444444 0.6880208333333333 0.6291666666666667 0.6885416666666667 0.5685185185185185 0.69140625 0.5643518518518519 0.7 0.562962962962963
0 0.703125 0.6907407407407408 0.7075520833333333 0.6967592592592593 0.7104166666666667 0.7097222222222223 0.71015625 0.7773148148148148 0.7083333333333334 0.8009259259259259 0.7065104166666667 0.8074074074074075 0.69296875 0.8092592592592592 0.6822916666666666 0.8055555555555556 0.6791666666666667 0.7976851851851852 0.68203125 0.7018518518518518 0.6841145833333333 0.6944444444444444 0.6890625 0.6893518518518519 0.7028645833333333 0.6907407407407408
0 0.7377604166666667 0.7 0.7416666666666667 0.7037037037037037 0.74375 0.711574074074074 0.74765625 0.7861111111111111 0.7442708333333333 0.7949074074074074 0.73203125 0.7981481481481482 0.725 0.7972222222222223 0.72265625 0.7935185185185185 0.71953125 0.7657407407407407 0.7200520833333334 0.7435185185185185 0.7177083333333333 0.7092592592592593 0.7192708333333333 0.7046296296296296 0.7239583333333334 0.7013888888888888 0.7375 0.7
0 0.6395833333333333 0.4134259259259259 0.6458333333333334 0.425462962962963 0.65078125 0.44583333333333336 0.65078125 0.4527777777777778 0.6544270833333333 0.4634259259259259 0.6630208333333333 0.5115740740740741 0.6604166666666667 0.5226851851851851 0.6458333333333334 0.5328703703703703 0.6411458333333333 0.5300925925925926 0.6369791666666667 0.5185185185185185 0.6276041666666666 0.4708333333333333 0.6192708333333333 0.4398148148148148 0.6197916666666666 0.42777777777777776 0.6231770833333333 0.42083333333333334 0.63359375 0.4134259259259259 0.6393229166666666 0.4134259259259259
0 0.65703125 0.27175925925925926 0.66796875 0.27685185185185185 0.6705729166666666 0.28935185185185186 0.6682291666666667 0.35555555555555557 0.6635416666666667 0.36018518518518516 0.6479166666666667 0.3592592592592593 0.6440104166666667 0.350462962962963 0.6455729166666667 0.33425925925925926 0.6455729166666667 0.2824074074074074 0.6489583333333333 0.274537037037037 0.6567708333333333 0.27175925925925926
0 0.5541666666666667 0.5430555555555555 0.55703125 0.5462962962962963 0.5575520833333333 0.5523148148148148 0.5567708333333333 0.6444444444444445 0.5536458333333333 0.6555555555555556 0.5455729166666666 0.6601851851851852 0.5325520833333334 0.6555555555555556 0.5294270833333333 0.6449074074074074 0.5325520833333334 0.5462962962962963 0.540625 0.5412037037037037 0.55390625 0.5430555555555555
0 0.7002604166666667 0.2574074074074074 0.7083333333333334 0.26435185185185184 0.7104166666666667 0.29305555555555557 0.709375 0.3574074074074074 0.7067708333333333 0.36342592592592593 0.7013020833333333 0.36435185185185187 0.6921875 0.3638888888888889 0.6854166666666667 0.35833333333333334 0.6830729166666667 0.2935185185185185 0.68515625 0.2625 0.6903645833333333 0.25787037037037036 0.7 0.2574074074074074
0 0.7065104166666667 0.38564814814814813 0.7393229166666667 0.38935185185185184 0.7453125 0.39351851851851855 0.7463541666666667 0.4148148148148148 0.7450520833333333 0.42916666666666664 0.74140625 0.4337962962962963 0.73203125 0.43472222222222223 0.69296875 0.4324074074074074 0.6854166666666667 0.42777777777777776 0.6833333333333333 0.4115740740740741 0.68515625 0.39166666666666666 0.6924479166666667 0.38564814814814813 0.70625 0.38564814814814813
0 0.62734375 0.2449074074074074 0.634375 0.24953703703703703 0.6369791666666667 0.262037037037037 0.6377604166666667 0.325 0.63515625 0.3490740740740741 0.6294270833333333 0.3560185185185185 0.625 0.35694444444444445 0.6145833333333334 0.3560185185185185 0.61015625 0.34814814814814815 0.6088541666666667 0.25787037037037036 0.61484375 0.2462962962962963 0.6270833333333333 0.2449074074074074
0 0.89453125 0.5680555555555555 0.9005208333333333 0.5712962962962963 0.9036458333333334 0.5782407407407407 0.9052083333333333 0.6268518518518519 0.9041666666666667 0.6611111111111111 0.8984375 0.674537037037037 0.8953125 0.6759259259259259 0.8838541666666667 0.675 0.8783854166666667 0.6699074074074074 0.878125 0.6435185185185185 0.8755208333333333 0.6277777777777778 0.8765625 0.5731481481481482 0.8841145833333334 0.5675925925925925 0.8942708333333333 0.5680555555555555
0 0.7388020833333333 0.5449074074074074 0.7458333333333333 0.5481481481481482 0.7481770833333333 0.5537037037037037 0.74921875 0.6138888888888889 0.7463541666666667 0.6430555555555556 0.7432291666666667 0.6481481481481481 0.7377604166666667 0.6504629629629629 0.7307291666666667 0.6504629629629629 0.7239583333333334 0.6458333333333334 0.721875 0.6171296296296296 0.7236979166666667 0.549537037037037 0.7283854166666667 0.5458333333333333 0.7385416666666667 0.5449074074074074
0 0.6598958333333333 0.9800925925925926 0.66640625 0.987037037037037 0.6690104166666667 0.999537037037037 0.6419270833333334 0.999537037037037 0.6447916666666667 0.9842592592592593 0.6502604166666667 0.9805555555555555 0.6596354166666667 0.9800925925925926
0 0.8505208333333333 0.25555555555555554 0.8567708333333334 0.2601851851851852 0.8604166666666667 0.27314814814814814 0.8640625 0.3398148148148148 0.8627604166666667 0.35324074074074074 0.8604166666666667 0.3592592592592593 0.84921875 0.36157407407407405 0.84140625 0.36018518518518516 0.8375 0.35555555555555557 0.8322916666666667 0.2722222222222222 0.8372395833333334 0.2574074074074074 0.8502604166666666 0.25555555555555554
0 0.7393229166666667 0.2611111111111111 0.7447916666666666 0.2652777777777778 0.7486979166666666 0.2759259259259259 0.7515625 0.3416666666666667 0.75 0.362962962962963 0.7421875 0.36666666666666664 0.7291666666666666 0.362962962962963 0.7265625 0.35833333333333334 0.7252604166666666 0.3486111111111111 0.7260416666666667 0.3277777777777778 0.7236979166666667 0.2740740740740741 0.7270833333333333 0.2657407407407407 0.73125 0.262037037037037 0.7390625 0.2611111111111111
0 0.8481770833333333 0.14027777777777778 0.8544270833333333 0.14351851851851852 0.8565104166666667 0.14814814814814814 0.8572916666666667 0.18703703703703703 0.8559895833333333 0.23055555555555557 0.8526041666666667 0.2375 0.8473958333333333 0.23935185185185184 0.8328125 0.23703703703703705 0.8309895833333333 0.23287037037037037 0.8302083333333333 0.21481481481481482 0.83203125 0.1787037037037037 0.8309895833333333 0.1476851851851852 0.8348958333333333 0.14166666666666666 0.8479166666666667 0.14027777777777778
0 0.6231770833333333 0.11064814814814815 0.6299479166666667 0.11481481481481481 0.63359375 0.12314814814814815 0.6359375 0.15648148148148147 0.6338541666666667 0.21388888888888888 0.63125 0.2199074074074074 0.6234375 0.22453703703703703 0.6096354166666667 0.22037037037037038 0.6075520833333333 0.1962962962962963 0.6088541666666667 0.12314814814814815 0.6140625 0.11435185185185186 0.6229166666666667 0.11064814814814815
0 0.9567708333333333 0.25601851851851853 0.965625 0.25787037037037036 0.9713541666666666 0.2652777777777778 0.9755208333333333 0.29583333333333334 0.97421875 0.35555555555555557 0.9682291666666667 0.36666666666666664 0.9614583333333333 0.36944444444444446 0.94921875 0.3662037037037037 0.9416666666666667 0.3523148148148148 0.9447916666666667 0.29583333333333334 0.9421875 0.28379629629629627 0.9424479166666667 0.27361111111111114 0.9481770833333333 0.25972222222222224 0.9565104166666667 0.25601851851851853
0 0.8502604166666666 0.5597222222222222 0.86328125 0.5638888888888889 0.8661458333333333 0.5689814814814815 0.8669270833333333 0.5777777777777777 0.8638020833333333 0.6675925925925926 0.8604166666666667 0.6787037037037037 0.8557291666666667 0.6828703703703703 0.8411458333333334 0.6805555555555556 0.8364583333333333 0.674537037037037 0.83515625 0.6680555555555555 0.840625 0.575 0.8442708333333333 0.5615740740740741 0.85 0.5597222222222222
0 0.6604166666666667 0.7023148148148148 0.6682291666666667 0.7041666666666667 0.6716145833333333 0.7101851851851851 0.6721354166666667 0.7458333333333333 0.66875 0.8069444444444445 0.6640625 0.8138888888888889 0.6588541666666666 0.8162037037037037 0.6466145833333333 0.8138888888888889 0.6434895833333333 0.8074074074074075 0.6424479166666667 0.7875 0.6442708333333333 0.7092592592592593 0.6481770833333333 0.7018518518518518 0.66015625 0.7023148148148148
0 0.78046875 0.6902777777777778 0.7859375 0.6958333333333333 0.78828125 0.7125 0.78984375 0.7828703703703703 0.7877604166666666 0.8032407407407407 0.7796875 0.812037037037037 0.76953125 0.8106481481481481 0.7619791666666667 0.8023148148148148 0.7604166666666666 0.712037037037037 0.7622395833333333 0.6925925925925925 0.7697916666666667 0.6888888888888889 0.7802083333333333 0.6902777777777778
0 0.7393229166666667 0.09907407407407408 0.7450520833333333 0.10277777777777777 0.7473958333333334 0.1087962962962963 0.7481770833333333 0.16111111111111112 0.7458333333333333 0.20972222222222223 0.7419270833333333 0.2175925925925926 0.7348958333333333 0.22083333333333333 0.7229166666666667 0.21851851851851853 0.71875 0.21064814814814814 0.7205729166666667 0.12314814814814815 0.7221354166666667 0.10925925925925926 0.7255208333333333 0.10185185185185185 0.7302083333333333 0.09861111111111111 0.7390625 0.09907407407407408
0 0.54140625 0.6833333333333333 0.55 0.6888888888888889 0.5513020833333333 0.6930555555555555 0.553125 0.7828703703703703 0.5510416666666667 0.7930555555555555 0.54765625 0.799074074074074 0.53984375 0.8023148148148148 0.5307291666666667 0.8 0.52578125 0.7898148148148149 0.5252604166666667 0.7412037037037037 0.528125 0.7245370370370371 0.5244791666666667 0.7101851851851851 0.5244791666666667 0.6967592592592593 0.52578125 0.6902777777777778 0.52890625 0.6865740740740741 0.5411458333333333 0.6833333333333333
0 0.8109375 0.24444444444444444 0.8177083333333334 0.24675925925925926 0.8208333333333333 0.25324074074074077 0.8234375 0.28935185185185186 0.82265625 0.3282407407407407 0.8213541666666667 0.3314814814814815 0.8140625 0.3347222222222222 0.8020833333333334 0.33287037037037037 0.79921875 0.325 0.7979166666666667 0.25601851851851853 0.8005208333333333 0.24768518518518517 0.8106770833333333 0.24444444444444444
0 0.7799479166666666 0.2439814814814815 0.7864583333333334 0.25277777777777777 0.78828125 0.26296296296296295 0.7890625 0.3384259259259259 0.7861979166666667 0.3509259259259259 0.7739583333333333 0.35462962962962963 0.765625 0.3523148148148148 0.7625 0.3439814814814815 0.7606770833333333 0.25925925925925924 0.76171875 0.2513888888888889 0.7674479166666667 0.2439814814814815 0.7796875 0.2439814814814815
0 0.7783854166666667 0.5583333333333333 0.78359375 0.562037037037037 0.7861979166666667 0.5712962962962963 0.7888020833333333 0.6314814814814815 0.7869791666666667 0.6583333333333333 0.7828125 0.663425925925926 0.7763020833333333 0.6652777777777777 0.7661458333333333 0.662962962962963 0.7625 0.6532407407407408 0.76015625 0.5699074074074074 0.7645833333333333 0.5597222222222222 0.778125 0.5583333333333333
0 0.81484375 0.6949074074074074 0.8203125 0.6981481481481482 0.8223958333333333 0.7037037037037037 0.825 0.7569444444444444 0.8223958333333333 0.7986111111111112 0.8138020833333334 0.8055555555555556 0.803125 0.8041666666666667 0.7984375 0.7962962962962963 0.796875 0.7810185185185186 0.7981770833333334 0.7546296296296297 0.7963541666666667 0.7041666666666667 0.80078125 0.6962962962962963 0.8145833333333333 0.6949074074074074
0 0.5786458333333333 0.6958333333333333 0.5895833333333333 0.7 0.5921875 0.7032407407407407 0.59375 0.7111111111111111 0.5911458333333334 0.7407407407407407 0.58984375 0.8138888888888889 0.5861979166666667 0.8226851851851852 0.5783854166666667 0.825925925925926 0.56875 0.8240740740740741 0.56328125 0.8097222222222222 0.5682291666666667 0.7064814814814815 0.5703125 0.6990740740740741 0.5783854166666667 0.6958333333333333