0 0.8903645833333333 0.12638888888888888 0.89453125 0.1300925925925926 0.8958333333333334 0.13703703703703704 0.8986979166666667 0.2023148148148148 0.89609375 0.23657407407407408 0.88828125 0.24212962962962964 0.8763020833333334 0.24166666666666667 0.8713541666666667 0.2337962962962963 0.86953125 0.225 0.8703125 0.19212962962962962 0.8684895833333334 0.15046296296296297 0.87265625 0.12916666666666668 0.8794270833333333 0.12546296296296297 0.8901041666666667 0.12638888888888888
0 0.65859375 0.6958333333333333 0.6700520833333333 0.6990740740740741 0.6729166666666667 0.7027777777777777 0.6736979166666667 0.7083333333333334 0.67265625 0.7898148148148149 0.6697916666666667 0.8032407407407407 0.6653645833333334 0.8106481481481481 0.6619791666666667 0.812037037037037 0.6510416666666666 0.8101851851851852 0.646875 0.8060185185185185 0.6453125 0.7981481481481482 0.64609375 0.7129629629629629 0.65 0.6990740740740741 0.6583333333333333 0.6958333333333333
0 0.8119791666666667 0.10462962962962963 0.8171875 0.10972222222222222 0.8205729166666667 0.11944444444444445 0.8229166666666666 0.16435185185185186 0.8205729166666667 0.1962962962962963 0.8177083333333334 0.20324074074074075 0.8114583333333333 0.20601851851851852 0.7994791666666666 0.2037037037037037 0.7953125 0.19583333333333333 0.796875 0.16018518518518518 0.7940104166666667 0.12638888888888888 0.8005208333333333 0.10740740740740741 0.81171875 0.10462962962962963
0 0.7427083333333333 0.2564814814814815 0.7486979166666666 0.26296296296296295 0.7515625 0.2796296296296296 0.7533854166666667 0.34305555555555556 0.7520833333333333 0.35648148148148145 0.74453125 0.3611111111111111 0.73359375 0.36064814814814816 0.7276041666666667 0.35138888888888886 0.7265625 0.29305555555555557 0.7247395833333333 0.2800925925925926 0.7247395833333333 0.2722222222222222 0.7302083333333333 0.2587962962962963 0.7424479166666667 0.2564814814814815
0 0.70078125 0.2523148148148148 0.7072916666666667 0.2550925925925926 0.7106770833333333 0.26157407407407407 0.71171875 0.2972222222222222 0.7111979166666667 0.34953703703703703 0.7072916666666667 0.3560185185185185 0.6997395833333333 0.3578703703703704 0.6893229166666667 0.35462962962962963 0.6869791666666667 0.3486111111111111 0.6856770833333333 0.26481481481481484 0.6893229166666667 0.2537037037037037 0.7005208333333334 0.2523148148148148
0 0.9630208333333333 0.12546296296296297 0.9703125 0.1300925925925926 0.9739583333333334 0.1361111111111111 0.9755208333333333 0.1574074074074074 0.9755208333333333 0.22314814814814815 0.97109375 0.2337962962962963 0.96484375 0.23657407407407408 0.9557291666666666 0.2351851851851852 0.9484375 0.225 0.9473958333333333 0.1648148148148148 0.9453125 0.1574074074074074 0.94609375 0.14305555555555555 0.9486979166666667 0.13333333333333333 0.9541666666666667 0.12638888888888888 0.9627604166666667 0.12546296296296297
0 0.8481770833333333 0.13518518518518519 0.8557291666666667 0.13703703703703704 0.8588541666666667 0.1439814814814815 0.8588541666666667 0.21574074074074073 0.8544270833333333 0.23148148148148148 0.8455729166666667 0.23472222222222222 0.83515625 0.23194444444444445 0.8325520833333333 0.22685185185185186 0.8325520833333333 0.14722222222222223 0.83515625 0.13657407407407407 0.8479166666666667 0.13518518518518519
0 0.8166666666666667 0.5518518518518518 0.8216145833333334 0.5555555555555556 0.8244791666666667 0.5675925925925925 0.8260416666666667 0.6287037037037037 0.8244791666666667 0.6574074074074074 0.81484375 0.6638888888888889 0.8033854166666666 0.6625 0.7984375 0.6541666666666667 0.7994791666666666 0.6189814814814815 0.7971354166666667 0.5731481481481482 0.8 0.5532407407407407 0.81640625 0.5518518518518518
0 0.6828125 0.4 0.6890625 0.40324074074074073 0.6921875 0.41203703703703703 0.7013020833333333 0.48703703703703705 0.6994791666666667 0.5037037037037037 0.69609375 0.5083333333333333 0.6869791666666667 0.5125 0.6802083333333333 0.5111111111111111 0.6752604166666667 0.5013888888888889 0.6651041666666667 0.4222222222222222 0.6661458333333333 0.4111111111111111 0.6682291666666667 0.4074074074074074 0.6755208333333333 0.4013888888888889 0.6825520833333333 0.4
0 0.8619791666666666 0.6939814814814815 0.8671875 0.6976851851851852 0.87109375 0.7092592592592593 0.8736979166666666 0.7615740740740741 0.8729166666666667 0.8069444444444445 0.8661458333333333 0.8138888888888889 0.8481770833333333 0.8106481481481481 0.84375 0.7907407407407407 0.84453125 0.7402777777777778 0.8416666666666667 0.7240740740740741 0.8419270833333333 0.7083333333333334 0.8447916666666667 0.7 0.84921875 0.6949074074074074 0.86171875 0.6939814814814815
0 0.896875 0.25787037037037036 0.903125 0.26064814814814813 0.9078125 0.26805555555555555 0.9138020833333333 0.29907407407407405 0.91171875 0.31296296296296294 0.9125 0.36064814814814816 0.9088541666666666 0.3680555555555556 0.9010416666666666 0.3712962962962963 0.8893229166666666 0.3699074074074074 0.8833333333333333 0.3638888888888889 0.8807291666666667 0.3560185185185185 0.8833333333333333 0.34074074074074073 0.8833333333333333 0.32546296296296295 0.88203125 0.29814814814814816 0.8783854166666667 0.2898148148148148 0.8786458333333333 0.28379629629629627 0.8822916666666667 0.2675925925925926 0.8856770833333333 0.2611111111111111 0.8966145833333333 0.25787037037037036
0 0.6244791666666667 0.5439814814814815 0.6296875 0.5481481481481482 0.6315104166666666 0.5550925925925926 0.6348958333333333 0.6328703703703704 0.6341145833333334 0.6518518518518519 0.63046875 0.6592592592592592 0.6252604166666667 0.6625 0.6119791666666666 0.6615740740740741 0.6075520833333333 0.6541666666666667 0.60390625 0.575 0.6044270833333333 0.5550925925925926 0.60703125 0.5467592592592593 0.62421875 0.5439814814814815
0 0.6630208333333333 0.12361111111111112 0.67265625 0.12824074074074074 0.6752604166666667 0.15 0.6744791666666666 0.22453703703703703 0.6721354166666667 0.23055555555555557 0.6630208333333333 0.23842592592592593 0.65078125 0.23564814814814813 0.6473958333333333 0.2310185185185185 0.6458333333333334 0.22361111111111112 0.65078125 0.13055555555555556 0.6541666666666667 0.125 0.6627604166666666 0.12361111111111112
0 0.78046875 0.5527777777777778 0.7864583333333334 0.5574074074074075 0.7877604166666666 0.5615740740740741 0.790625 0.6375 0.7890625 0.6537037037037037 0.7796875 0.6601851851851852 0.7692708333333333 0.6587962962962963 0.76484375 0.65 0.7619791666666667 0.5699074074074074 0.7653645833333333 0.5560185185185185 0.7802083333333333 0.5527777777777778
0 0.5893229166666667 0.12175925925925926 0.5979166666666667 0.12546296296296297 0.6 0.13148148148148148 0.5997395833333333 0.2023148148148148 0.5989583333333334 0.21851851851851853 0.5963541666666666 0.22685185185185186 0.5869791666666667 0.23472222222222222 0.5815104166666667 0.23425925925925925 0.5744791666666667 0.22777777777777777 0.571875 0.21944444444444444 0.5716145833333334 0.2101851851851852 0.5744791666666667 0.12962962962962962 0.5786458333333333 0.12314814814814815 0.5890625 0.12175925925925926
0 0.9322916666666666 0.5518518518518518 0.9403645833333333 0.5555555555555556 0.94453125 0.5638888888888889 0.94765625 0.5949074074074074 0.9481770833333333 0.6620370370370371 0.9450520833333333 0.6726851851851852 0.9375 0.6768518518518518 0.9236979166666667 0.6726851851851852 0.9203125 0.6648148148148149 0.91796875 0.6439814814814815 0.91640625 0.5634259259259259 0.9221354166666667 0.5541666666666667 0.93203125 0.5518518518518518
0 0.7028645833333333 0.6851851851851852 0.70859375 0.6902777777777778 0.7119791666666667 0.7032407407407407 0.7119791666666667 0.7717592592592593 0.7104166666666667 0.7962962962962963 0.7083333333333334 0.8018518518518518 0.703125 0.8041666666666667 0.6864583333333333 0.8018518518518518 0.6815104166666667 0.7925925925925926 0.6848958333333334 0.6925925925925925 0.6908854166666667 0.6847222222222222 0.7026041666666667 0.6851851851851852
0 0.7419270833333333 0.6972222222222222 0.7463541666666667 0.7092592592592593 0.7494791666666667 0.7833333333333333 0.7466145833333333 0.7902777777777777 0.7393229166666667 0.7930555555555555 0.7270833333333333 0.7925925925925926 0.725 0.7898148148148149 0.71875 0.7273148148148149 0.7200520833333334 0.7236111111111111 0.71953125 0.7060185185185185 0.721875 0.6990740740740741 0.7299479166666667 0.6953703703703704 0.7416666666666667 0.6972222222222222
0 0.7052083333333333 0.1259259259259259 0.7088541666666667 0.1287037037037037 0.7106770833333333 0.13842592592592592 0.7104166666666667 0.21064814814814814 0.70703125 0.2199074074074074 0.6994791666666667 0.22268518518518518 0.6890625 0.22083333333333333 0.6854166666666667 0.21342592592592594 0.6856770833333333 0.13472222222222222 0.6890625 0.12685185185185185 0.7049479166666667 0.1259259259259259
0 0.6588541666666666 0.26666666666666666 0.66796875 0.2689814814814815 0.671875 0.2777777777777778 0.67109375 0.34305555555555556 0.6697916666666667 0.350462962962963 0.66484375 0.3541666666666667 0.6505208333333333 0.3537037037037037 0.6463541666666667 0.34814814814814815 0.6473958333333333 0.27546296296296297 0.65078125 0.26805555555555555 0.65859375 0.26666666666666666
0 0.596875 0.24583333333333332 0.5997395833333333 0.25324074074074077 0.6028645833333334 0.30324074074074076 0.6010416666666667 0.3560185185185185 0.5966145833333333 0.36527777777777776 0.58515625 0.37037037037037035 0.5778645833333333 0.36944444444444446 0.5734375 0.3560185185185185 0.5744791666666667 0.25462962962962965 0.578125 0.24583333333333332 0.5966145833333333 0.24583333333333332
0 0.54609375 0.5361111111111111 0.5575520833333333 0.5398148148148149 0.559375 0.5462962962962963 0.5572916666666666 0.6023148148148149 0.5588541666666667 0.6152777777777778 0.5583333333333333 0.6351851851851852 0.5557291666666667 0.6509259259259259 0.55078125 0.6546296296296297 0.53515625 0.6518518518518519 0.5315104166666667 0.6416666666666667 0.5341145833333333 0.5430555555555555 0.5364583333333334 0.5375 0.5458333333333333 0.5361111111111111
0 0.7893229166666667 0.4046296296296296 0.8309895833333333 0.41064814814814815 0.840625 0.4148148148148148 0.84296875 0.42824074074074076 0.8419270833333333 0.45 0.8393229166666667 0.4550925925925926 0.8328125 0.4587962962962963 0.784375 0.4532407407407407 0.7770833333333333 0.449537037037037 0.7723958333333333 0.4356481481481482 0.7723958333333333 0.4212962962962963 0.7776041666666667 0.4078703703703704 0.7890625 0.4046296296296296
0 0.6265625 0.23935185185185184 0.6346354166666667 0.24351851851851852 0.6377604166666667 0.2518518518518518 0.6369791666666667 0.29398148148148145 0.6390625 0.32083333333333336 0.6372395833333333 0.3453703703703704 0.6278645833333333 0.35185185185185186 0.6140625 0.3486111111111111 0.6122395833333333 0.3449074074074074 0.6111979166666667 0.32916666666666666 0.61171875 0.2513888888888889 0.6138020833333333 0.24444444444444444 0.6177083333333333 0.24074074074074073 0.6263020833333334 0.23935185185185184
0 0.8981770833333333 0.562962962962963 0.9057291666666667 0.5708333333333333 0.9080729166666667 0.6370370370370371 0.90546875 0.6638888888888889 0.9010416666666666 0.6703703703703704 0.8947916666666667 0.6717592592592593 0.8830729166666667 0.6699074074074074 0.8796875 0.6648148148148149 0.878125 0.6078703703703704 0.8799479166666667 0.5671296296296297 0.8869791666666667 0.5625 0.8979166666666667 0.562962962962963
0 0.39739583333333334 0.5222222222222223 0.41015625 0.5351851851851852 0.4114583333333333 0.549537037037037 0.4010416666666667 0.5879629629629629 0.3841145833333333 0.6305555555555555 0.37942708333333336 0.6347222222222222 0.37473958333333335 0.6337962962962963 0.36484375 0.6231481481481481 0.36223958333333334 0.6162037037037037 0.36276041666666664 0.6037037037037037 0.36875 0.5814814814814815 0.37447916666666664 0.5712962962962963 0.3875 0.5333333333333333 0.3927083333333333 0.524074074074074 0.3971354166666667 0.5222222222222223
0 0.6614583333333334 0.9847222222222223 0.6682291666666667 0.9893518518518518 0.671875 0.999537037037037 0.6463541666666667 0.999537037037037 0.65078125 0.9875 0.6611979166666667 0.9847222222222223
0 0.853125 0.24953703703703703 0.8591145833333333 0.2550925925925926 0.86171875 0.26296296296296295 0.8640625 0.2824074074074074 0.8661458333333333 0.3388888888888889 0.8627604166666667 0.3527777777777778 0.85 0.3560185185185185 0.8416666666666667 0.3541666666666667 0.8385416666666666 0.3453703703703704 0.8346354166666666 0.26296296296296295 0.8401041666666667 0.2518518518518518 0.8528645833333334 0.24953703703703703
0 0.7794270833333333 0.23703703703703705 0.7854166666666667 0.24166666666666667 0.7885416666666667 0.24814814814814815 0.790625 0.2814814814814815 0.78984375 0.3365740740740741 0.7875 0.34444444444444444 0.78046875 0.34814814814814815 0.7684895833333333 0.34629629629629627 0.7640625 0.3384259259259259 0.7622395833333333 0.26944444444444443 0.7645833333333333 0.24444444444444444 0.771875 0.23703703703703705 0.7791666666666667 0.23703703703703705
0 0.7442708333333333 0.5402777777777777 0.7484375 0.5430555555555555 0.7502604166666667 0.55 0.75 0.6282407407407408 0.74765625 0.6402777777777777 0.73828125 0.6458333333333334 0.7294270833333333 0.6439814814814815 0.725 0.6370370370370371 0.72578125 0.5467592592592593 0.7315104166666667 0.5402777777777777 0.7440104166666667 0.5402777777777777
0 0.6234375 0.10555555555555556 0.6302083333333334 0.10787037037037037 0.634375 0.11296296296296296 0.6377604166666667 0.1486111111111111 0.6359375 0.2064814814814815 0.6333333333333333 0.21435185185185185 0.6265625 0.21944444444444444 0.615625 0.21805555555555556 0.61015625 0.2074074074074074 0.6109375 0.11851851851851852 0.6153645833333333 0.1087962962962963 0.6231770833333333 0.10555555555555556
0 0.96796875 0.2523148148148148 0.9731770833333333 0.25833333333333336 0.9752604166666666 0.2652777777777778 0.9763020833333333 0.3347222222222222 0.97421875 0.3560185185185185 0.9640625 0.3638888888888889 0.9528645833333333 0.36157407407407405 0.9442708333333333 0.34629629629629627 0.9458333333333333 0.30694444444444446 0.9442708333333333 0.2740740740740741 0.9505208333333334 0.25416666666666665 0.9575520833333333 0.25046296296296294 0.9677083333333333 0.2523148148148148
0 0.86015625 0.5560185185185185 0.86640625 0.5587962962962963 0.8684895833333334 0.5652777777777778 0.8677083333333333 0.6370370370370371 0.8645833333333334 0.6675925925925926 0.8606770833333334 0.6759259259259259 0.8572916666666667 0.6777777777777778 0.8419270833333333 0.674074074074074 0.83828125 0.6662037037037037 0.8377604166666667 0.6569444444444444 0.8419270833333333 0.5722222222222222 0.8473958333333333 0.5564814814814815 0.8598958333333333 0.5560185185185185
0 0.70625 0.5583333333333333 0.7125 0.562962962962963 0.71484375 0.586574074074074 0.7143229166666667 0.6231481481481481 0.70703125 0.6268518518518519 0.6927083333333334 0.6263888888888889 0.690625 0.6222222222222222 0.690625 0.5638888888888889 0.6963541666666667 0.5583333333333333 0.7059895833333333 0.5583333333333333
0 0.6255208333333333 0.6861111111111111 0.6302083333333334 0.6888888888888889 0.6325520833333333 0.6953703703703704 0.6356770833333333 0.7555555555555555 0.63359375 0.8023148148148148 0.6299479166666667 0.812962962962963 0.6236979166666666 0.8152777777777778 0.6122395833333333 0.8143518518518519 0.6057291666666667 0.8074074074074075 0.6046875 0.7930555555555555 0.6065104166666667 0.7791666666666667 0.6044270833333333 0.7615740740740741 0.609375 0.6925925925925925 0.61640625 0.6861111111111111 0.6252604166666667 0.6861111111111111
0 0.07369791666666667 0 0.10052083333333334 0 0.10104166666666667 0.004629629629629629 0.09583333333333334 0.027314814814814816 0.08151041666666667 0.019444444444444445 0.07682291666666667 0.02175925925925926 0.07786458333333333 0.027777777777777776 0.0921875 0.03148148148148148 0.09505208333333333 0.03981481481481482 0.09192708333333334 0.06111111111111111 0.08854166666666667 0.06574074074074074 0.08125 0.06805555555555555 0.07109375 0.0625 0.06770833333333333 0.05416666666666667 0.06979166666666667 0.018518518518518517 0.07369791666666667 0.000462962962962963
0 0.78203125 0.6842592592592592 0.7877604166666666 0.6888888888888889 0.7901041666666667 0.700462962962963 0.7927083333333333 0.7833333333333333 0.790625 0.7967592592592593 0.7815104166666667 0.8069444444444445 0.7690104166666667 0.8041666666666667 0.7653645833333333 0.7972222222222223 0.7630208333333334 0.7620370370370371 0.7640625 0.7305555555555555 0.7627604166666667 0.7097222222222223 0.7653645833333333 0.6865740740740741 0.7817708333333333 0.6842592592592592
0 0.5450520833333333 0.6796296296296296 0.5505208333333333 0.6824074074074075 0.5536458333333333 0.6888888888888889 0.5546875 0.7671296296296296 0.55234375 0.7893518518518519 0.5440104166666667 0.7967592592592593 0.5325520833333334 0.7953703703703704 0.528125 0.7893518518518519 0.5260416666666666 0.7550925925925925 0.5276041666666667 0.7430555555555556 0.52578125 0.7273148148148149 0.5270833333333333 0.7185185185185186 0.5260416666666666 0.6958333333333333 0.5278645833333333 0.6856481481481481 0.5364583333333334 0.6787037037037037 0.5447916666666667 0.6796296296296296
0 0.81796875 0.24027777777777778 0.821875 0.2449074074074074 0.8244791666666667 0.26296296296296295 0.8252604166666667 0.31527777777777777 0.8223958333333333 0.32546296296296295 0.8140625 0.3282407407407407 0.8044270833333333 0.32685185185185184 0.80078125 0.32083333333333336 0.8018229166666667 0.2884259259259259 0.7989583333333333 0.25462962962962965 0.8002604166666667 0.2462962962962963 0.80390625 0.24074074074074073 0.8177083333333334 0.24027777777777778
0 0.77265625 0.11990740740740741 0.7833333333333333 0.1259259259259259 0.7859375 0.18518518518518517 0.7856770833333333 0.20462962962962963 0.7833333333333333 0.21712962962962962 0.7736979166666667 0.22407407407407406 0.7635416666666667 0.22175925925925927 0.76171875 0.21388888888888888 0.7578125 0.20972222222222223 0.7583333333333333 0.16898148148148148 0.7565104166666666 0.14444444444444443 0.7575520833333333 0.13055555555555556 0.7609375 0.12268518518518519 0.7723958333333333 0.11990740740740741
0 0.58828125 0.6925925925925925 0.59296875 0.6958333333333333 0.5958333333333333 0.7050925925925926 0.59453125 0.7828703703703703 0.5903645833333333 0.8157407407407408 0.5825520833333333 0.8208333333333333 0.57109375 0.8194444444444444 0.56640625 0.8101851851851852 0.5658854166666667 0.7578703703703704 0.57109375 0.6953703703703704 0.57734375 0.6916666666666667 0.5880208333333333 0.6925925925925925
0 0.99296875 0.49444444444444446 0.9997395833333333 0.48842592592592593 0.9997395833333333 0.537962962962963 0.9981770833333333 0.537962962962963 0.9947916666666666 0.5273148148148148 0.9908854166666666 0.5083333333333333 0.99296875 0.4949074074074074
0 0.8158854166666667 0.6898148148148148 0.8213541666666667 0.6921296296296297 0.8255208333333334 0.6990740740740741 0.8268229166666666 0.7689814814814815 0.825 0.7930555555555555 0.8200520833333333 0.799074074074074 0.8143229166666667 0.8009259259259259 0.80234375 0.7962962962962963 0.79921875 0.7861111111111111 0.7973958333333333 0.7069444444444445 0.7979166666666667 0.6995370370370371 0.8018229166666667 0.6921296296296297 0.815625 0.6898148148148148