0 0.8872395833333333 0.11851851851851852 0.8947916666666667 0.12175925925925926 0.89765625 0.1287037037037037 0.9005208333333333 0.1925925925925926 0.8986979166666667 0.2263888888888889 0.8950520833333333 0.23333333333333334 0.8893229166666666 0.2361111111111111 0.8768229166666667 0.2351851851851852 0.8723958333333334 0.22685185185185186 0.8716145833333333 0.17453703703703705 0.8692708333333333 0.15138888888888888 0.87421875 0.12314814814814815 0.8869791666666667 0.11851851851851852
0 0.77578125 0.11388888888888889 0.7830729166666667 0.1162037037037037 0.7846354166666667 0.11944444444444445 0.7877604166666666 0.1712962962962963 0.78671875 0.2037037037037037 0.7828125 0.21481481481481482 0.7765625 0.21851851851851853 0.7684895833333333 0.21712962962962962 0.7609375 0.2064814814814815 0.76015625 0.1537037037037037 0.7583333333333333 0.14212962962962963 0.7591145833333334 0.12546296296296297 0.7619791666666667 0.11712962962962963 0.7755208333333333 0.11388888888888889
0 0.6294270833333333 0.675 0.634375 0.6814814814814815 0.6361979166666667 0.6935185185185185 0.6380208333333334 0.7555555555555555 0.6369791666666667 0.7833333333333333 0.6341145833333334 0.8013888888888889 0.6278645833333333 0.8092592592592592 0.6122395833333333 0.8074074074074075 0.6078125 0.8018518518518518 0.6059895833333333 0.7930555555555555 0.6080729166666666 0.7754629629629629 0.6065104166666667 0.7583333333333333 0.60703125 0.7300925925925926 0.6114583333333333 0.6847222222222222 0.6151041666666667 0.6759259259259259 0.6182291666666667 0.6736111111111112 0.6291666666666667 0.675
0 0.7416666666666667 0.24953703703703703 0.7486979166666666 0.25416666666666665 0.7520833333333333 0.2625 0.7549479166666667 0.3416666666666667 0.7518229166666667 0.3523148148148148 0.740625 0.35462962962962963 0.7341145833333333 0.35324074074074074 0.7299479166666667 0.3453703703703704 0.7263020833333333 0.26851851851851855 0.7307291666666667 0.25416666666666665 0.74140625 0.24953703703703703
0 0.70390625 0.2462962962962963 0.7106770833333333 0.2513888888888889 0.71171875 0.2550925925925926 0.7140625 0.2962962962962963 0.7125 0.3421296296296296 0.7098958333333333 0.34953703703703703 0.70390625 0.35185185185185186 0.6921875 0.350462962962963 0.6888020833333334 0.34629629629629627 0.6869791666666667 0.2916666666666667 0.6888020833333334 0.25092592592592594 0.6955729166666667 0.2462962962962963 0.7036458333333333 0.2462962962962963
0 0.7059895833333333 0.11898148148148148 0.71015625 0.12222222222222222 0.7114583333333333 0.12685185185185185 0.71171875 0.2050925925925926 0.7088541666666667 0.21342592592592594 0.7010416666666667 0.21712962962962962 0.6927083333333334 0.21666666666666667 0.6890625 0.21435185185185185 0.6872395833333333 0.20925925925925926 0.6877604166666667 0.1287037037037037 0.6888020833333334 0.12314814814814815 0.6927083333333334 0.11944444444444445 0.7057291666666666 0.11898148148148148
0 0.9666666666666667 0.11990740740740741 0.9739583333333334 0.12546296296296297 0.9768229166666667 0.1361111111111111 0.9778645833333334 0.2064814814814815 0.9755208333333333 0.22361111111111112 0.9640625 0.2310185185185185 0.9533854166666667 0.22546296296296298 0.94921875 0.21435185185185185 0.94765625 0.1398148148148148 0.94921875 0.1300925925925926 0.953125 0.12268518518518519 0.959375 0.11898148148148148 0.96640625 0.11990740740740741
0 0.81171875 0.09814814814814815 0.81796875 0.10185185185185185 0.8221354166666667 0.1111111111111111 0.8247395833333333 0.13657407407407407 0.825 0.16203703703703703 0.8221354166666667 0.19305555555555556 0.8184895833333333 0.19768518518518519 0.8111979166666666 0.2 0.80390625 0.1986111111111111 0.7971354166666667 0.19166666666666668 0.7979166666666667 0.14166666666666666 0.7963541666666667 0.1162037037037037 0.8013020833333333 0.10185185185185185 0.8114583333333333 0.09814814814814815
0 0.8171875 0.5453703703703704 0.82109375 0.5472222222222223 0.825 0.5541666666666667 0.82734375 0.6365740740740741 0.825 0.6532407407407408 0.8158854166666667 0.6569444444444444 0.80390625 0.6550925925925926 0.8002604166666667 0.649074074074074 0.8010416666666667 0.6037037037037037 0.7986979166666667 0.5643518518518519 0.8 0.55 0.80234375 0.5467592592592593 0.8169270833333333 0.5453703703703704
0 0.8591145833333333 0.687037037037037 0.8682291666666667 0.6912037037037037 0.87265625 0.7092592592592593 0.8739583333333333 0.7976851851851852 0.8713541666666667 0.8046296296296296 0.8645833333333334 0.8078703703703703 0.8494791666666667 0.8037037037037037 0.84453125 0.7851851851851852 0.8455729166666667 0.7615740740740741 0.84375 0.7037037037037037 0.8486979166666667 0.6898148148148148 0.8588541666666667 0.687037037037037
0 0.66484375 0.9694444444444444 0.6731770833333334 0.9879629629629629 0.6739583333333333 0.999537037037037 0.6447916666666667 0.999537037037037 0.6455729166666667 0.9833333333333333 0.6489583333333333 0.9722222222222222 0.6578125 0.9680555555555556 0.6645833333333333 0.9694444444444444
0 0.5502604166666667 0.5310185185185186 0.5580729166666667 0.5333333333333333 0.5609375 0.538425925925926 0.559375 0.5837962962962963 0.5604166666666667 0.6291666666666667 0.5575520833333333 0.6453703703703704 0.5510416666666667 0.649074074074074 0.5361979166666667 0.6449074074074074 0.5330729166666667 0.6314814814814815 0.5361979166666667 0.5351851851851852 0.53984375 0.5314814814814814 0.55 0.5310185185185186
0 0.6270833333333333 0.538425925925926 0.6317708333333333 0.5435185185185185 0.63359375 0.5546296296296296 0.6364583333333333 0.6407407407407407 0.63046875 0.6550925925925926 0.6166666666666667 0.6578703703703703 0.6111979166666667 0.6537037037037037 0.6080729166666666 0.6402777777777777 0.6059895833333333 0.5504629629629629 0.6075520833333333 0.5430555555555555 0.6114583333333333 0.5393518518518519 0.6268229166666667 0.538425925925926
0 0.66875 0.1175925925925926 0.6744791666666666 0.12222222222222222 0.6765625 0.13703703703703704 0.6760416666666667 0.2162037037037037 0.6723958333333333 0.225 0.6614583333333334 0.23287037037037037 0.6513020833333333 0.2273148148148148 0.6473958333333333 0.2162037037037037 0.6505208333333333 0.14027777777777778 0.6544270833333333 0.12083333333333333 0.6575520833333334 0.11805555555555555 0.6684895833333333 0.1175925925925926
0 0.7815104166666667 0.5467592592592593 0.7869791666666667 0.55 0.7903645833333334 0.5601851851851852 0.7921875 0.6291666666666667 0.7903645833333334 0.6486111111111111 0.78203125 0.6541666666666667 0.7723958333333333 0.6537037037037037 0.7682291666666666 0.6486111111111111 0.765625 0.6398148148148148 0.7658854166666667 0.5939814814814814 0.7630208333333334 0.5680555555555555 0.7638020833333333 0.5555555555555556 0.7669270833333334 0.55 0.78125 0.5467592592592593
0 0.5919270833333333 0.1162037037037037 0.5986979166666667 0.11898148148148148 0.6010416666666667 0.12361111111111112 0.60078125 0.19953703703703704 0.5989583333333334 0.21851851851851853 0.5942708333333333 0.22546296296296298 0.5885416666666666 0.22870370370370371 0.58125 0.22777777777777777 0.5744791666666667 0.2175925925925926 0.5744791666666667 0.16018518518518518 0.5770833333333333 0.12083333333333333 0.58125 0.11712962962962963 0.5916666666666667 0.1162037037037037
0 0.9372395833333333 0.5467592592592593 0.9440104166666666 0.5546296296296296 0.9473958333333333 0.5666666666666667 0.9494791666666667 0.6365740740740741 0.94921875 0.6555555555555556 0.9471354166666667 0.6648148148148149 0.9447916666666667 0.6689814814814815 0.9385416666666667 0.6712962962962963 0.9270833333333334 0.6694444444444444 0.9216145833333333 0.6592592592592592 0.9171875 0.5662037037037037 0.9177083333333333 0.5569444444444445 0.92109375 0.55 0.9286458333333333 0.5462962962962963 0.9369791666666667 0.5467592592592593
0 0.5854166666666667 0.6856481481481481 0.5932291666666667 0.6888888888888889 0.5971354166666667 0.6958333333333333 0.5963541666666666 0.7615740740740741 0.5927083333333333 0.8064814814814815 0.5825520833333333 0.8143518518518519 0.5705729166666667 0.8111111111111111 0.5677083333333334 0.8032407407407407 0.5674479166666667 0.7925925925925926 0.5697916666666667 0.775 0.56875 0.7615740740740741 0.5716145833333334 0.6958333333333333 0.5744791666666667 0.687962962962963 0.58515625 0.6856481481481481
0 0.8526041666666667 0.1287037037037037 0.8591145833333333 0.13333333333333333 0.8604166666666667 0.1398148148148148 0.8609375 0.2050925925925926 0.8596354166666667 0.22037037037037038 0.8559895833333333 0.22592592592592592 0.8505208333333333 0.22824074074074074 0.8385416666666666 0.22685185185185186 0.834375 0.22037037037037038 0.8348958333333333 0.1412037037037037 0.8356770833333333 0.13333333333333333 0.8380208333333333 0.1300925925925926 0.85234375 0.1287037037037037
0 0.6986979166666667 0.6782407407407407 0.71015625 0.6828703703703703 0.71328125 0.6976851851851852 0.7122395833333334 0.7902777777777777 0.7106770833333333 0.7953703703703704 0.7072916666666667 0.7972222222222223 0.69140625 0.7967592592592593 0.6833333333333333 0.7898148148148149 0.6856770833333333 0.6925925925925925 0.6890625 0.6810185185185185 0.6984375 0.6782407407407407
0 0.7401041666666667 0.6888888888888889 0.74453125 0.6916666666666667 0.7481770833333333 0.7023148148148148 0.7510416666666667 0.7490740740740741 0.7505208333333333 0.7796296296296297 0.7479166666666667 0.7842592592592592 0.7421875 0.7865740740740741 0.7268229166666667 0.7837962962962963 0.7213541666666666 0.7212962962962963 0.72109375 0.700925925925926 0.7236979166666667 0.6925925925925925 0.7307291666666667 0.6888888888888889 0.73984375 0.6888888888888889
0 0.5453125 0.6726851851851852 0.5515625 0.6754629629629629 0.5546875 0.6819444444444445 0.55625 0.7694444444444445 0.5549479166666667 0.7796296296296297 0.5518229166666667 0.7870370370370371 0.5432291666666667 0.7912037037037037 0.5325520833333334 0.7865740740740741 0.52890625 0.7759259259259259 0.528125 0.6898148148148148 0.52890625 0.6819444444444445 0.53203125 0.675 0.5450520833333333 0.6726851851851852
0 0.859375 0.8439814814814814 0.865625 0.8476851851851852 0.8684895833333334 0.8550925925925926 0.8697916666666666 0.8782407407407408 0.8677083333333333 0.888425925925926 0.8596354166666667 0.8921296296296296 0.8229166666666666 0.8930555555555556 0.8072916666666666 0.8925925925925926 0.7989583333333333 0.8861111111111111 0.7966145833333333 0.8694444444444445 0.796875 0.8555555555555555 0.7989583333333333 0.8486111111111111 0.8059895833333334 0.8439814814814814 0.8591145833333333 0.8439814814814814
0 0.6651041666666667 0.26157407407407407 0.67265625 0.26805555555555555 0.6744791666666666 0.2912037037037037 0.67265625 0.34444444444444444 0.6651041666666667 0.34953703703703703 0.65078125 0.3486111111111111 0.6473958333333333 0.3388888888888889 0.64921875 0.3226851851851852 0.64921875 0.26944444444444443 0.6546875 0.26157407407407407 0.66484375 0.26157407407407407
0 0.8533854166666667 0.24305555555555555 0.8606770833333334 0.24814814814814815 0.8638020833333333 0.25787037037037036 0.86640625 0.27546296296296297 0.8677083333333333 0.3287037037037037 0.86640625 0.34120370370370373 0.8638020833333333 0.34675925925925927 0.8528645833333334 0.34953703703703703 0.8450520833333334 0.3490740740740741 0.84140625 0.3449074074074074 0.83984375 0.33796296296296297 0.8361979166666667 0.2574074074074074 0.8377604166666667 0.25046296296296294 0.8421875 0.2449074074074074 0.853125 0.24305555555555555
0 0.73984375 0.05740740740740741 0.7513020833333334 0.06342592592592593 0.75390625 0.07453703703703704 0.7486979166666666 0.12546296296296297 0.7484375 0.14351851851851852 0.7450520833333333 0.16342592592592592 0.74140625 0.1763888888888889 0.7356770833333334 0.17962962962962964 0.7203125 0.175 0.7166666666666667 0.16435185185185186 0.72734375 0.07407407407407407 0.7328125 0.06018518518518518 0.7395833333333334 0.05740740740740741
0 0.5934895833333333 0.2375 0.60078125 0.24259259259259258 0.6026041666666667 0.27685185185185185 0.60234375 0.3509259259259259 0.59921875 0.36018518518518516 0.5950520833333334 0.3638888888888889 0.5815104166666667 0.3638888888888889 0.5765625 0.35648148148148145 0.57421875 0.34629629629629627 0.57734375 0.2439814814814815 0.58515625 0.2375 0.5932291666666667 0.2375
0 0.7171875 0.37407407407407406 0.7494791666666667 0.3773148148148148 0.7588541666666667 0.3814814814814815 0.76171875 0.39490740740740743 0.7614583333333333 0.40555555555555556 0.7591145833333334 0.4217592592592593 0.7552083333333334 0.42453703703703705 0.7091145833333333 0.4217592592592593 0.7018229166666666 0.4185185185185185 0.6984375 0.40879629629629627 0.6994791666666667 0.38287037037037036 0.70625 0.375 0.7169270833333333 0.37407407407407406
0 0.6309895833333333 0.2337962962962963 0.6375 0.24027777777777778 0.63984375 0.2513888888888889 0.6393229166666666 0.30787037037037035 0.6408854166666667 0.32592592592592595 0.6372395833333333 0.34305555555555556 0.62734375 0.34675925925925927 0.61875 0.3453703703703704 0.6135416666666667 0.33564814814814814 0.6122395833333333 0.25416666666666665 0.6158854166666666 0.2375 0.6221354166666667 0.2337962962962963 0.6307291666666667 0.2337962962962963
0 0.8973958333333333 0.5560185185185185 0.9046875 0.5597222222222222 0.9078125 0.5675925925925925 0.9083333333333333 0.6513888888888889 0.90390625 0.6620370370370371 0.8953125 0.6652777777777777 0.88515625 0.662962962962963 0.88203125 0.6583333333333333 0.8796875 0.6203703703703703 0.8802083333333334 0.562962962962963 0.8846354166666667 0.5569444444444445 0.8971354166666666 0.5560185185185185
0 0.7075520833333333 0.5523148148148148 0.7125 0.5546296296296296 0.71484375 0.5601851851851852 0.7166666666666667 0.5902777777777778 0.7153645833333333 0.6180555555555556 0.7072916666666667 0.6203703703703703 0.69296875 0.6199074074074075 0.69140625 0.6143518518518518 0.6932291666666667 0.5958333333333333 0.6921875 0.5578703703703703 0.6963541666666667 0.5532407407407407 0.7072916666666667 0.5523148148148148
0 0.8979166666666667 0.2518518518518518 0.9041666666666667 0.25324074074074077 0.9080729166666667 0.2587962962962963 0.9114583333333334 0.26851851851851855 0.9125 0.2833333333333333 0.9151041666666667 0.29259259259259257 0.9130208333333333 0.3 0.91484375 0.32546296296296295 0.9138020833333333 0.35555555555555557 0.9083333333333333 0.3638888888888889 0.9013020833333333 0.36527777777777776 0.8890625 0.36342592592592593 0.8828125 0.35324074074074074 0.8822916666666667 0.3416666666666667 0.8848958333333333 0.33240740740740743 0.8841145833333334 0.29212962962962963 0.8794270833333333 0.2796296296296296 0.88359375 0.262037037037037 0.8872395833333333 0.2550925925925926 0.89765625 0.2518518518518518
0 0.7416666666666667 0.5342592592592592 0.7486979166666666 0.5370370370370371 0.7515625 0.5425925925925926 0.7510416666666667 0.5930555555555556 0.75234375 0.6023148148148149 0.7494791666666667 0.6333333333333333 0.7463541666666667 0.6375 0.7380208333333333 0.6393518518518518 0.7296875 0.6370370370370371 0.7265625 0.6305555555555555 0.7268229166666667 0.5449074074074074 0.7294270833333333 0.5361111111111111 0.74140625 0.5342592592592592
0 0.6299479166666667 0.10092592592592593 0.6346354166666667 0.10555555555555556 0.6375 0.11574074074074074 0.6395833333333333 0.16203703703703703 0.6372395833333333 0.20462962962962963 0.6346354166666667 0.20972222222222223 0.628125 0.21388888888888888 0.6161458333333333 0.21203703703703702 0.61171875 0.20416666666666666 0.6111979166666667 0.15092592592592594 0.6130208333333333 0.14027777777777778 0.6127604166666667 0.1111111111111111 0.6192708333333333 0.10138888888888889 0.6296875 0.10092592592592593
0 0.9666666666666667 0.24444444444444444 0.9721354166666667 0.24675925925925926 0.9752604166666666 0.2518518518518518 0.9786458333333333 0.2875 0.9776041666666667 0.3398148148148148 0.9739583333333334 0.3527777777777778 0.9661458333333334 0.35694444444444445 0.9528645833333333 0.3541666666666667 0.94609375 0.3416666666666667 0.9479166666666666 0.2972222222222222 0.94609375 0.2652777777777778 0.953125 0.24675925925925926 0.96640625 0.24444444444444444
0 0.7809895833333333 0.6768518518518518 0.7880208333333333 0.6805555555555556 0.7911458333333333 0.6884259259259259 0.7940104166666667 0.775 0.7908854166666667 0.7935185185185185 0.7828125 0.8009259259259259 0.7723958333333333 0.7986111111111112 0.7671875 0.7925925925925926 0.7653645833333333 0.7814814814814814 0.7666666666666667 0.7615740740740741 0.7645833333333333 0.7481481481481481 0.7640625 0.6958333333333333 0.765625 0.6833333333333333 0.76875 0.6777777777777778 0.7807291666666667 0.6768518518518518
0 0.65078125 0.6893518518518519 0.6575520833333334 0.6925925925925925 0.6716145833333333 0.6925925925925925 0.6744791666666666 0.6962962962962963 0.6755208333333333 0.7064814814814815 0.6739583333333333 0.7296296296296296 0.67421875 0.7800925925925926 0.6721354166666667 0.7949074074074074 0.66484375 0.8041666666666667 0.65078125 0.8032407407407407 0.646875 0.7949074074074074 0.6458333333333334 0.7759259259259259 0.64765625 0.7111111111111111 0.65078125 0.6898148148148148
0 0.11953125 0 0.134375 0.010185185185185186 0.1359375 0.015277777777777777 0.13411458333333334 0.04398148148148148 0.13020833333333334 0.05740740740740741 0.12604166666666666 0.060648148148148145 0.12916666666666668 0.08055555555555556 0.12317708333333334 0.09305555555555556 0.11328125 0.09305555555555556 0.10416666666666667 0.0837962962962963 0.10130208333333333 0.0712962962962963 0.10755208333333334 0.03935185185185185 0.11171875 0.0375 0.11276041666666667 0.03981481481481482 0.11276041666666667 0.032407407407407406 0.11588541666666667 0.025925925925925925 0.10963541666666667 0.015277777777777777 0.11432291666666666 0.004629629629629629 0.11953125 0.000462962962962963
0 0.815625 0.23287037037037037 0.8231770833333333 0.23842592592592593 0.8270833333333333 0.2861111111111111 0.82578125 0.31712962962962965 0.8166666666666667 0.32222222222222224 0.80703125 0.32175925925925924 0.80234375 0.31666666666666665 0.80078125 0.2523148148148148 0.8036458333333333 0.2361111111111111 0.8153645833333333 0.23287037037037037
0 0.7760416666666666 0.22962962962962963 0.7864583333333334 0.2351851851851852 0.7911458333333333 0.24722222222222223 0.7921875 0.3106481481481482 0.7901041666666667 0.337037037037037 0.78515625 0.3421296296296296 0.771875 0.3421296296296296 0.7677083333333333 0.33796296296296297 0.765625 0.3300925925925926 0.7645833333333333 0.24722222222222223 0.76875 0.2351851851851852 0.77578125 0.2300925925925926
0 0.5942708333333333 0.4111111111111111 0.6408854166666667 0.4537037037037037 0.6427083333333333 0.4666666666666667 0.6372395833333333 0.49166666666666664 0.634375 0.4935185185185185 0.6203125 0.487962962962963 0.5919270833333333 0.4601851851851852 0.58515625 0.45694444444444443 0.578125 0.44722222222222224 0.5778645833333333 0.4310185185185185 0.5815104166666667 0.4166666666666667 0.5864583333333333 0.4111111111111111 0.5940104166666667 0.4111111111111111
0 0.8549479166666667 0.5481481481481482 0.86796875 0.5532407407407407 0.8705729166666667 0.5657407407407408 0.8666666666666667 0.6555555555555556 0.86328125 0.6680555555555555 0.85625 0.6717592592592593 0.8442708333333333 0.6685185185185185 0.8411458333333334 0.6643518518518519 0.8393229166666667 0.6532407407407408 0.8419270833333333 0.5717592592592593 0.8458333333333333 0.5537037037037037 0.84921875 0.5486111111111112 0.8546875 0.5481481481481482
0 0.8223958333333333 0.6856481481481481 0.8260416666666667 0.6898148148148148 0.82734375 0.6958333333333333 0.8270833333333333 0.7796296296296297 0.8244791666666667 0.7898148148148149 0.81640625 0.7944444444444444 0.8033854166666666 0.7898148148148149 0.7997395833333333 0.7787037037037037 0.7989583333333333 0.763425925925926 0.8018229166666667 0.7375 0.7997395833333333 0.6962962962962963 0.8026041666666667 0.6865740740740741 0.8057291666666667 0.6837962962962963 0.8221354166666667 0.6856481481481481