0 0.8921875 0.1337962962962963 0.8947916666666667 0.14027777777777778 0.8958333333333334 0.1574074074074074 0.896875 0.2361111111111111 0.8940104166666667 0.24537037037037038 0.8846354166666667 0.24953703703703703 0.8747395833333333 0.24814814814814815 0.86953125 0.23796296296296296 0.8692708333333333 0.1837962962962963 0.86640625 0.15925925925925927 0.86953125 0.14027777777777778 0.87265625 0.13425925925925927 0.8799479166666667 0.13148148148148148 0.8919270833333334 0.1337962962962963
0 0.7799479166666666 0.12824074074074074 0.7830729166666667 0.1361111111111111 0.7854166666666667 0.1726851851851852 0.7841145833333333 0.21944444444444444 0.7830729166666667 0.22407407407407406 0.7729166666666667 0.23148148148148148 0.7651041666666667 0.22824074074074074 0.7627604166666667 0.2199074074074074 0.7580729166666667 0.21666666666666667 0.7567708333333333 0.14074074074074075 0.7583333333333333 0.13194444444444445 0.7619791666666667 0.12777777777777777 0.7796875 0.12824074074074074
0 0.6252604166666667 0.6925925925925925 0.6296875 0.6958333333333333 0.6330729166666667 0.7060185185185185 0.6325520833333333 0.7564814814814815 0.6346354166666667 0.7768518518518519 0.6317708333333333 0.8134259259259259 0.6283854166666667 0.8199074074074074 0.6239583333333333 0.8217592592592593 0.6114583333333333 0.8208333333333333 0.6052083333333333 0.812962962962963 0.60390625 0.7541666666666667 0.60859375 0.6995370370370371 0.61484375 0.6921296296296297 0.625 0.6925925925925925
0 0.04791666666666667 0.1699074074074074 0.054427083333333334 0.17083333333333334 0.06067708333333333 0.17685185185185184 0.0640625 0.20324074074074075 0.051041666666666666 0.2740740740740741 0.04401041666666667 0.2847222222222222 0.03828125 0.28888888888888886 0.0328125 0.287962962962963 0.029427083333333333 0.2828703703703704 0.025520833333333333 0.27175925925925926 0.025 0.25833333333333336 0.029166666666666667 0.22453703703703703 0.03802083333333333 0.17824074074074073 0.04192708333333333 0.17083333333333334 0.04765625 0.1699074074074074
0 0.703125 0.1310185185185185 0.7072916666666667 0.13333333333333333 0.709375 0.13935185185185187 0.7106770833333333 0.2101851851851852 0.7072916666666667 0.22453703703703703 0.6984375 0.22916666666666666 0.6893229166666667 0.22824074074074074 0.68515625 0.2212962962962963 0.6854166666666667 0.1398148148148148 0.6888020833333334 0.13240740740740742 0.7028645833333333 0.1310185185185185
0 0.9609375 0.13194444444444445 0.96953125 0.13703703703703704 0.9744791666666667 0.15324074074074073 0.9744791666666667 0.23148148148148148 0.9703125 0.2388888888888889 0.9635416666666666 0.24305555555555555 0.95546875 0.24166666666666667 0.9479166666666666 0.23055555555555557 0.94453125 0.16157407407407406 0.9447916666666667 0.15046296296296297 0.9489583333333333 0.13703703703703704 0.9528645833333333 0.13287037037037036 0.9606770833333333 0.13194444444444445
0 0.8119791666666667 0.1111111111111111 0.8184895833333333 0.11898148148148148 0.8208333333333333 0.12962962962962962 0.8223958333333333 0.19074074074074074 0.8190104166666666 0.2064814814814815 0.8106770833333333 0.2125 0.8 0.21064814814814814 0.7950520833333333 0.2037037037037037 0.7958333333333333 0.1736111111111111 0.7934895833333333 0.13287037037037036 0.79921875 0.11435185185185186 0.8033854166666666 0.1111111111111111 0.81171875 0.1111111111111111
0 0.8533854166666667 0.6995370370370371 0.8666666666666667 0.7050925925925926 0.8705729166666667 0.7171296296296297 0.8721354166666667 0.8083333333333333 0.8697916666666666 0.8166666666666667 0.8643229166666667 0.8194444444444444 0.8489583333333334 0.8166666666666667 0.8427083333333333 0.8004629629629629 0.8434895833333333 0.7444444444444445 0.8408854166666667 0.7162037037037037 0.8447916666666667 0.7041666666666667 0.853125 0.6995370370370371
0 0.8973958333333333 0.26435185185185184 0.9065104166666667 0.2722222222222222 0.9096354166666667 0.2953703703703704 0.9130208333333333 0.3060185185185185 0.91015625 0.31342592592592594 0.9122395833333333 0.34305555555555556 0.9114583333333334 0.3662037037037037 0.90859375 0.3736111111111111 0.8997395833333334 0.37777777777777777 0.8880208333333334 0.3763888888888889 0.8799479166666667 0.36527777777777776 0.8799479166666667 0.35324074074074074 0.8822916666666667 0.34305555555555556 0.8815104166666666 0.3060185185185185 0.8770833333333333 0.29305555555555557 0.8841145833333334 0.2689814814814815 0.8971354166666666 0.26435185185185184
0 0.62734375 0.5513888888888889 0.6302083333333334 0.5564814814814815 0.63203125 0.5726851851851852 0.6346354166666667 0.6504629629629629 0.6299479166666667 0.6652777777777777 0.6229166666666667 0.6689814814814815 0.6098958333333333 0.6666666666666666 0.6059895833333333 0.6555555555555556 0.603125 0.5717592592592593 0.6057291666666667 0.5532407407407407 0.6135416666666667 0.55 0.6270833333333333 0.5513888888888889
0 0.85625 0.5606481481481481 0.8658854166666666 0.5662037037037037 0.86796875 0.575462962962963 0.8653645833333333 0.6662037037037037 0.86328125 0.6763888888888889 0.8575520833333333 0.6833333333333333 0.8421875 0.6814814814814815 0.8380208333333333 0.6754629629629629 0.83671875 0.6662037037037037 0.8416666666666667 0.5717592592592593 0.8453125 0.5625 0.8559895833333333 0.5606481481481481
0 0.7411458333333333 0.262037037037037 0.7450520833333333 0.26481481481481484 0.7494791666666667 0.27546296296296297 0.7528645833333333 0.34953703703703703 0.7510416666666667 0.36342592592592593 0.7421875 0.36712962962962964 0.7317708333333334 0.36527777777777776 0.72734375 0.3587962962962963 0.7247395833333333 0.2828703703703704 0.72578125 0.2722222222222222 0.7294270833333333 0.2652777777777778 0.7408854166666666 0.262037037037037
0 0.6622395833333333 0.12962962962962962 0.67109375 0.13333333333333333 0.67421875 0.14583333333333334 0.6729166666666667 0.22824074074074074 0.6697916666666667 0.23842592592592593 0.6583333333333333 0.24537037037037038 0.6513020833333333 0.24212962962962964 0.646875 0.23564814814814813 0.6447916666666667 0.21944444444444444 0.6471354166666666 0.19212962962962962 0.6463541666666667 0.17824074074074073 0.6502604166666667 0.1375 0.6546875 0.13055555555555556 0.6619791666666667 0.12962962962962962
0 0.7393229166666667 0.5458333333333333 0.7484375 0.5504629629629629 0.75 0.5740740740740741 0.74921875 0.6388888888888888 0.74609375 0.6481481481481481 0.7403645833333333 0.6513888888888889 0.7307291666666667 0.6509259259259259 0.7252604166666666 0.6458333333333334 0.7229166666666667 0.6129629629629629 0.725 0.5532407407407407 0.7278645833333334 0.5476851851851852 0.7390625 0.5458333333333333
0 0.5856770833333333 0.12824074074074074 0.5973958333333333 0.13333333333333333 0.5994791666666667 0.14027777777777778 0.6 0.1537037037037037 0.5984375 0.22361111111111112 0.59453125 0.2351851851851852 0.5877604166666667 0.24074074074074073 0.5744791666666667 0.2351851851851852 0.5708333333333333 0.22037037037037038 0.5739583333333333 0.13703703703703704 0.5776041666666667 0.1300925925925926 0.5854166666666667 0.12824074074074074
0 0.08151041666666667 0.2222222222222222 0.0984375 0.23055555555555557 0.1 0.2375 0.09947916666666666 0.2523148148148148 0.09583333333333334 0.2652777777777778 0.09192708333333334 0.3074074074074074 0.08828125 0.3125 0.084375 0.30324074074074076 0.06770833333333333 0.3013888888888889 0.06302083333333333 0.29398148148148145 0.07083333333333333 0.24444444444444444 0.07630208333333334 0.22685185185185186 0.08125 0.22268518518518518
0 0.9348958333333334 0.5587962962962963 0.9403645833333333 0.562962962962963 0.9434895833333333 0.5708333333333333 0.9466145833333334 0.600462962962963 0.9463541666666667 0.6712962962962963 0.94375 0.6791666666666667 0.9377604166666667 0.6828703703703703 0.9252604166666667 0.6814814814814815 0.92109375 0.6763888888888889 0.9182291666666667 0.6666666666666666 0.91640625 0.6268518518518519 0.9174479166666667 0.6157407407407407 0.91484375 0.5884259259259259 0.9158854166666667 0.5680555555555555 0.9182291666666667 0.5625 0.9244791666666666 0.5587962962962963 0.9346354166666667 0.5587962962962963
0 0.5859375 0.6981481481481482 0.5924479166666666 0.7023148148148148 0.5953125 0.711574074074074 0.59375 0.7578703703703704 0.5921875 0.7620370370370371 0.5924479166666666 0.8050925925925926 0.5895833333333333 0.8217592592592593 0.5799479166666667 0.8268518518518518 0.57109375 0.825925925925926 0.56640625 0.8189814814814815 0.56484375 0.8069444444444445 0.5666666666666667 0.7935185185185185 0.56640625 0.7597222222222222 0.56875 0.7453703703703703 0.5703125 0.7032407407407407 0.5744791666666667 0.6981481481481482 0.5856770833333333 0.6981481481481482
0 0.7049479166666667 0.5648148148148148 0.7106770833333333 0.5666666666666667 0.71328125 0.5745370370370371 0.7140625 0.6236111111111111 0.71328125 0.6310185185185185 0.71015625 0.6328703703703704 0.6916666666666667 0.6324074074074074 0.6890625 0.6282407407407408 0.6911458333333333 0.6097222222222223 0.6903645833333333 0.5680555555555555 0.6955729166666667 0.5648148148148148 0.7046875 0.5648148148148148
0 0.7049479166666667 0.6925925925925925 0.7080729166666667 0.6962962962962963 0.7109375 0.7064814814814815 0.7119791666666667 0.7550925925925925 0.7104166666666667 0.8032407407407407 0.7083333333333334 0.8078703703703703 0.7033854166666667 0.8097222222222222 0.6846354166666667 0.8074074074074075 0.6817708333333333 0.8037037037037037 0.6809895833333334 0.7949074074074074 0.6828125 0.762962962962963 0.68203125 0.7337962962962963 0.68515625 0.6967592592592593 0.6911458333333333 0.6902777777777778 0.7046875 0.6925925925925925
0 0.73984375 0.7013888888888888 0.74375 0.7064814814814815 0.7458333333333333 0.7162037037037037 0.7489583333333333 0.787962962962963 0.7458333333333333 0.7967592592592593 0.7377604166666667 0.799074074074074 0.7265625 0.7981481481481482 0.7234375 0.7935185185185185 0.7203125 0.7555555555555555 0.7192708333333333 0.7097222222222223 0.72578125 0.7018518518518518 0.7395833333333334 0.7013888888888888
0 0.5440104166666667 0.6842592592592592 0.5505208333333333 0.6888888888888889 0.5528645833333333 0.6953703703703704 0.5544270833333333 0.7726851851851851 0.5528645833333333 0.7925925925925926 0.5479166666666667 0.8013888888888889 0.5432291666666667 0.8037037037037037 0.5317708333333333 0.8009259259259259 0.5278645833333333 0.7935185185185185 0.52578125 0.7828703703703703 0.5252604166666667 0.7564814814814815 0.52734375 0.7518518518518519 0.52734375 0.7439814814814815 0.5252604166666667 0.7337962962962963 0.5213541666666667 0.7263888888888889 0.5244791666666667 0.7157407407407408 0.52734375 0.6925925925925925 0.53359375 0.6861111111111111 0.54375 0.6842592592592592
0 0.6635416666666667 0.2740740740740741 0.6700520833333333 0.2796296296296296 0.6721354166666667 0.2953703703703704 0.6703125 0.31712962962962965 0.6703125 0.35555555555555557 0.6692708333333334 0.3592592592592593 0.665625 0.36064814814814816 0.6473958333333333 0.3592592592592593 0.6453125 0.35 0.6473958333333333 0.28055555555555556 0.6518229166666667 0.274537037037037 0.66328125 0.2740740740740741
0 0.8544270833333333 0.2574074074074074 0.85859375 0.262037037037037 0.8611979166666667 0.27175925925925926 0.8651041666666667 0.34629629629629627 0.8625 0.3587962962962963 0.8505208333333333 0.36203703703703705 0.84140625 0.36064814814814816 0.8380208333333333 0.35509259259259257 0.8333333333333334 0.27870370370370373 0.834375 0.2652777777777778 0.8385416666666666 0.25833333333333336 0.8541666666666666 0.2574074074074074
0 0.5791666666666667 0.3148148148148148 0.5916666666666667 0.3277777777777778 0.5942708333333333 0.33564814814814814 0.5677083333333334 0.4217592592592593 0.5643229166666667 0.4300925925925926 0.5588541666666667 0.4337962962962963 0.5536458333333333 0.43333333333333335 0.5424479166666667 0.42407407407407405 0.5401041666666667 0.41435185185185186 0.5403645833333334 0.40555555555555556 0.5671875 0.32546296296296295 0.57421875 0.3143518518518518 0.57890625 0.3148148148148148
0 0.5434895833333333 0.5421296296296296 0.55703125 0.5453703703703704 0.5591145833333333 0.549537037037037 0.5575520833333333 0.6504629629629629 0.5544270833333333 0.6578703703703703 0.54765625 0.6611111111111111 0.53515625 0.6578703703703703 0.5328125 0.6550925925925926 0.5309895833333333 0.6430555555555556 0.5338541666666666 0.5462962962962963 0.5432291666666667 0.5421296296296296
0 0.6971354166666667 0.25787037037037036 0.7072916666666667 0.26157407407407407 0.7106770833333333 0.27175925925925926 0.7106770833333333 0.35648148148148145 0.7075520833333333 0.3625 0.7 0.36435185185185187 0.6919270833333333 0.36342592592592593 0.6869791666666667 0.3587962962962963 0.684375 0.3037037037037037 0.68515625 0.2657407407407407 0.6888020833333334 0.2601851851851852 0.696875 0.25787037037037036
0 0.7763020833333333 0.5583333333333333 0.7864583333333334 0.5648148148148148 0.7888020833333333 0.5851851851851851 0.78984375 0.6523148148148148 0.7869791666666667 0.6625 0.78046875 0.6662037037037037 0.7690104166666667 0.6652777777777777 0.7651041666666667 0.6597222222222222 0.7630208333333334 0.6509259259259259 0.76171875 0.5680555555555555 0.765625 0.5611111111111111 0.7760416666666666 0.5583333333333333
0 0.6302083333333334 0.24675925925925926 0.6354166666666666 0.2513888888888889 0.6377604166666667 0.2625 0.6380208333333334 0.3388888888888889 0.6369791666666667 0.3490740740740741 0.634375 0.3541666666666667 0.6236979166666666 0.35833333333333334 0.6145833333333334 0.3560185185185185 0.6111979166666667 0.34629629629629627 0.61015625 0.2587962962962963 0.6119791666666666 0.2518518518518518 0.6161458333333333 0.24675925925925926 0.6299479166666667 0.24675925925925926
0 0.8950520833333333 0.5685185185185185 0.9020833333333333 0.5717592592592593 0.9044270833333333 0.5773148148148148 0.90625 0.624537037037037 0.9046875 0.6638888888888889 0.8979166666666667 0.6763888888888889 0.8838541666666667 0.6754629629629629 0.8799479166666667 0.6712962962962963 0.8765625 0.6263888888888889 0.8786458333333333 0.5731481481481482 0.8846354166666667 0.5685185185185185 0.8947916666666667 0.5685185185185185
0 0.5018229166666667 0.9203703703703704 0.5119791666666667 0.9287037037037037 0.5182291666666666 0.9421296296296297 0.5161458333333333 0.9555555555555556 0.5020833333333333 0.999537037037037 0.4739583333333333 0.999537037037037 0.471875 0.9949074074074075 0.49114583333333334 0.9324074074074075 0.49713541666666666 0.9212962962962963 0.5015625 0.9203703703703704
0 0.66171875 0.9814814814814815 0.6671875 0.9875 0.6705729166666666 0.999537037037037 0.6424479166666667 0.999537037037037 0.6434895833333333 0.9902777777777778 0.646875 0.9842592592592593 0.6614583333333334 0.9814814814814815
0 0.8513020833333333 0.14166666666666666 0.85546875 0.1439814814814815 0.8575520833333333 0.15 0.8580729166666666 0.21342592592592594 0.85625 0.23425925925925925 0.8479166666666667 0.24027777777777778 0.8348958333333333 0.2388888888888889 0.83203125 0.23425925925925925 0.8317708333333333 0.15416666666666667 0.8346354166666666 0.14351851851851852 0.8510416666666667 0.14166666666666666
0 0.7088541666666667 0.3861111111111111 0.7393229166666667 0.3888888888888889 0.7518229166666667 0.39305555555555555 0.7546875 0.40555555555555556 0.7541666666666667 0.42453703703703705 0.7528645833333333 0.4324074074074074 0.7484375 0.4361111111111111 0.7208333333333333 0.4356481481481482 0.6979166666666666 0.4324074074074074 0.69375 0.42916666666666664 0.6916666666666667 0.4217592592592593 0.6927083333333334 0.39351851851851855 0.6994791666666667 0.38657407407407407 0.70859375 0.3861111111111111
0 0.6244791666666667 0.11203703703703703 0.63046875 0.11527777777777778 0.634375 0.12314814814814815 0.6369791666666667 0.17546296296296296 0.6346354166666667 0.21712962962962962 0.63046875 0.22314814814814815 0.6234375 0.22592592592592592 0.6161458333333333 0.22546296296296298 0.6106770833333334 0.22083333333333333 0.60859375 0.1986111111111111 0.61015625 0.1259259259259259 0.61484375 0.11574074074074074 0.62421875 0.11203703703703703
0 0.9635416666666666 0.2569444444444444 0.9708333333333333 0.262037037037037 0.9747395833333333 0.2759259259259259 0.9760416666666667 0.3388888888888889 0.9736979166666667 0.36157407407407405 0.9703125 0.36666666666666664 0.96328125 0.3699074074074074 0.9494791666666667 0.3662037037037037 0.94296875 0.35185185185185186 0.9455729166666667 0.3013888888888889 0.9434895833333333 0.2777777777777778 0.9453125 0.26851851851851855 0.9515625 0.25833333333333336 0.96328125 0.2569444444444444
0 0.7760416666666666 0.6902777777777778 0.7830729166666667 0.6912037037037037 0.7877604166666666 0.6958333333333333 0.79140625 0.7546296296296297 0.7903645833333334 0.8 0.78671875 0.8087962962962963 0.7796875 0.812962962962963 0.76640625 0.8074074074074075 0.7625 0.7930555555555555 0.7630208333333334 0.7018518518518518 0.765625 0.6916666666666667 0.77578125 0.6902777777777778
0 0.64140625 0.43703703703703706 0.6455729166666667 0.4425925925925926 0.6526041666666667 0.4634259259259259 0.6703125 0.5319444444444444 0.6677083333333333 0.5439814814814815 0.6546875 0.5546296296296296 0.6502604166666667 0.5537037037037037 0.6440104166666667 0.5412037037037037 0.6385416666666667 0.5152777777777777 0.63359375 0.5050925925925925 0.6229166666666667 0.4699074074074074 0.6231770833333333 0.449537037037037 0.6333333333333333 0.4388888888888889 0.6411458333333333 0.43703703703703706
0 0.6567708333333333 0.7032407407407407 0.6684895833333333 0.7046296296296296 0.6729166666666667 0.711574074074074 0.6721354166666667 0.7958333333333333 0.66875 0.8097222222222222 0.6614583333333334 0.8175925925925925 0.64765625 0.8143518518518519 0.6440104166666667 0.8018518518518518 0.6463541666666667 0.7162037037037037 0.6502604166666667 0.7041666666666667 0.6565104166666667 0.7032407407407407
0 0.740625 0.09953703703703703 0.7471354166666667 0.10555555555555556 0.7489583333333333 0.11481481481481481 0.7479166666666667 0.2 0.7466145833333333 0.21064814814814814 0.74375 0.21712962962962962 0.7325520833333333 0.2212962962962963 0.7236979166666667 0.21898148148148147 0.71953125 0.2101851851851852 0.7213541666666666 0.1726851851851852 0.7208333333333333 0.12453703703703704 0.7229166666666667 0.10925925925925926 0.7265625 0.10185185185185185 0.7328125 0.09861111111111111 0.7403645833333333 0.09953703703703703
0 0.8151041666666666 0.5574074074074075 0.8200520833333333 0.5606481481481481 0.8231770833333333 0.5708333333333333 0.82578125 0.6412037037037037 0.8244791666666667 0.6620370370370371 0.82109375 0.6675925925925926 0.8143229166666667 0.6694444444444444 0.803125 0.6680555555555555 0.7984375 0.6625 0.7989583333333333 0.6180555555555556 0.7966145833333333 0.5731481481481482 0.8005208333333333 0.5587962962962963 0.81484375 0.5574074074074075
0 0.81796875 0.24675925925925926 0.8216145833333334 0.2513888888888889 0.8223958333333333 0.2569444444444444 0.8244791666666667 0.31851851851851853 0.821875 0.33194444444444443 0.8145833333333333 0.3347222222222222 0.8033854166666666 0.3333333333333333 0.8002604166666667 0.3282407407407407 0.7989583333333333 0.2574074074074074 0.8 0.2518518518518518 0.80390625 0.24675925925925926 0.8177083333333334 0.24675925925925926
0 0.78046875 0.24444444444444444 0.78671875 0.2513888888888889 0.78984375 0.26481481481481484 0.7901041666666667 0.3388888888888889 0.78671875 0.3523148148148148 0.7794270833333333 0.35509259259259257 0.7682291666666666 0.3537037037037037 0.7643229166666666 0.3476851851851852 0.7614583333333333 0.2791666666666667 0.7640625 0.2513888888888889 0.771875 0.24305555555555555 0.7802083333333333 0.24444444444444444
0 0.8140625 0.6949074074074074 0.8216145833333334 0.6986111111111111 0.8244791666666667 0.7046296296296296 0.8265625 0.7513888888888889 0.8244791666666667 0.7967592592592593 0.8216145833333334 0.8032407407407407 0.8153645833333333 0.8069444444444445 0.8067708333333333 0.8055555555555556 0.8005208333333333 0.8 0.7971354166666667 0.7699074074074074 0.7989583333333333 0.7412037037037037 0.79765625 0.7064814814814815 0.80234375 0.6967592592592593 0.8138020833333334 0.6949074074074074