0 0.8872395833333333 0.1300925925925926 0.89296875 0.13703703703703704 0.8947916666666667 0.1574074074074074 0.8953125 0.2351851851851852 0.89140625 0.24444444444444444 0.88359375 0.24675925925925926 0.8729166666666667 0.24537037037037038 0.8682291666666667 0.23564814814814813 0.8666666666666667 0.1550925925925926 0.8697916666666666 0.13425925925925927 0.8765625 0.12962962962962962 0.8869791666666667 0.1300925925925926
0 0.775 0.12453703703703704 0.78046875 0.1287037037037037 0.7828125 0.1412037037037037 0.7846354166666667 0.17453703703703705 0.7830729166666667 0.21666666666666667 0.7802083333333333 0.22453703703703703 0.76953125 0.22962962962962963 0.7638020833333333 0.22592592592592592 0.7622395833333333 0.21805555555555556 0.7567708333333333 0.21342592592592594 0.7549479166666667 0.14351851851851852 0.7557291666666667 0.13425925925925927 0.75859375 0.12685185185185185 0.7747395833333334 0.12453703703703704
0 0.6197916666666666 0.6893518518518519 0.62734375 0.6921296296296297 0.6302083333333334 0.6972222222222222 0.6330729166666667 0.7342592592592593 0.6309895833333333 0.8074074074074075 0.6270833333333333 0.8171296296296297 0.6203125 0.8194444444444444 0.6091145833333333 0.8185185185185185 0.6041666666666666 0.8115740740740741 0.6020833333333333 0.8050925925925926 0.6018229166666667 0.7754629629629629 0.60390625 0.7199074074074074 0.6065104166666667 0.6986111111111111 0.609375 0.6916666666666667 0.61953125 0.6893518518518519
0 0.7416666666666667 0.26064814814814813 0.74609375 0.2662037037037037 0.7486979166666666 0.27546296296296297 0.7515625 0.34814814814814815 0.7484375 0.36342592592592593 0.7380208333333333 0.36574074074074076 0.7309895833333333 0.36342592592592593 0.7268229166666667 0.3578703703703704 0.7221354166666667 0.27685185185185185 0.7239583333333334 0.2689814814814815 0.7294270833333333 0.2611111111111111 0.74140625 0.26064814814814813
0 0.6997395833333333 0.2564814814814815 0.7065104166666667 0.2611111111111111 0.7083333333333334 0.2657407407407407 0.7104166666666667 0.30972222222222223 0.70859375 0.35324074074074074 0.7065104166666667 0.3587962962962963 0.7013020833333333 0.3611111111111111 0.6924479166666667 0.3611111111111111 0.6854166666666667 0.35694444444444445 0.68203125 0.2935185185185185 0.6848958333333334 0.2611111111111111 0.6890625 0.2564814814814815 0.6994791666666667 0.2564814814814815
0 0.6981770833333333 0.12824074074074074 0.7044270833333334 0.13055555555555556 0.7075520833333333 0.13796296296296295 0.70859375 0.2101851851851852 0.7065104166666667 0.22083333333333333 0.69765625 0.22685185185185186 0.6856770833333333 0.22361111111111112 0.6833333333333333 0.21712962962962962 0.6828125 0.20694444444444443 0.6841145833333333 0.13703703703703704 0.6877604166666667 0.1300925925925926 0.6979166666666666 0.12824074074074074
0 0.9588541666666667 0.12962962962962962 0.9690104166666667 0.1361111111111111 0.97265625 0.14722222222222223 0.9734375 0.22453703703703703 0.9708333333333333 0.2351851851851852 0.9635416666666666 0.2412037037037037 0.9515625 0.23796296296296296 0.94609375 0.2300925925925926 0.9434895833333333 0.22037037037037038 0.9432291666666667 0.14675925925925926 0.9486979166666667 0.13333333333333333 0.95859375 0.12962962962962962
0 0.8067708333333333 0.1087962962962963 0.8138020833333334 0.11203703703703703 0.8177083333333334 0.11944444444444445 0.8216145833333334 0.14675925925925926 0.81875 0.2023148148148148 0.8140625 0.20833333333333334 0.8072916666666666 0.2101851851851852 0.8 0.20879629629629629 0.79375 0.2023148148148148 0.7927083333333333 0.13703703703703704 0.7966145833333333 0.11388888888888889 0.8002604166666667 0.10972222222222222 0.8065104166666667 0.1087962962962963
0 0.7729166666666667 0.5560185185185185 0.7791666666666667 0.5569444444444445 0.78515625 0.5648148148148148 0.78828125 0.6148148148148148 0.7864583333333334 0.6578703703703703 0.7830729166666667 0.6620370370370371 0.7734375 0.6643518518518519 0.7653645833333333 0.6615740740740741 0.7619791666666667 0.6513888888888889 0.759375 0.5856481481481481 0.759375 0.5722222222222222 0.7614583333333333 0.562037037037037 0.77265625 0.5560185185185185
0 0.8559895833333333 0.6972222222222222 0.8638020833333333 0.7013888888888888 0.8690104166666667 0.7175925925925926 0.8703125 0.8078703703703703 0.8677083333333333 0.8148148148148148 0.8606770833333334 0.8171296296296297 0.8450520833333334 0.8134259259259259 0.8403645833333333 0.7953703703703704 0.8416666666666667 0.7717592592592593 0.8388020833333333 0.7148148148148148 0.8411458333333334 0.7050925925925926 0.8450520833333334 0.6995370370370371 0.8557291666666667 0.6972222222222222
0 0.8940104166666667 0.2625 0.9005208333333333 0.26481481481481484 0.90546875 0.2712962962962963 0.9080729166666667 0.2949074074074074 0.9106770833333333 0.30324074074074076 0.909375 0.31203703703703706 0.9096354166666667 0.36574074074074076 0.9052083333333333 0.3736111111111111 0.89765625 0.37546296296296294 0.8864583333333333 0.37453703703703706 0.8796875 0.36527777777777776 0.8783854166666667 0.3592592592592593 0.8807291666666667 0.34120370370370373 0.8796875 0.30694444444444446 0.8768229166666667 0.2935185185185185 0.8770833333333333 0.2861111111111111 0.8796875 0.2722222222222222 0.8828125 0.26666666666666666 0.89375 0.2625
0 0.21145833333333333 0.40046296296296297 0.21901041666666668 0.4078703703703704 0.22005208333333334 0.4199074074074074 0.20989583333333334 0.49212962962962964 0.20651041666666667 0.49907407407407406 0.20338541666666668 0.5 0.19296875 0.4981481481481482 0.18697916666666667 0.4912037037037037 0.18619791666666666 0.475 0.19088541666666667 0.4388888888888889 0.18932291666666667 0.43194444444444446 0.1984375 0.4041666666666667 0.20416666666666666 0.399537037037037 0.21119791666666668 0.40046296296296297
0 0.6169270833333333 0.5472222222222223 0.6265625 0.5509259259259259 0.6299479166666667 0.5666666666666667 0.6322916666666667 0.6476851851851851 0.6294270833333333 0.6611111111111111 0.6231770833333333 0.6666666666666666 0.609375 0.6652777777777777 0.60546875 0.6587962962962963 0.6033854166666667 0.6439814814814815 0.6020833333333333 0.5583333333333333 0.60546875 0.55 0.6166666666666667 0.5472222222222223
0 0.5057291666666667 0.45787037037037037 0.5221354166666666 0.4726851851851852 0.5223958333333333 0.48518518518518516 0.4981770833333333 0.5731481481481482 0.49453125 0.5796296296296296 0.48854166666666665 0.5824074074074074 0.47604166666666664 0.5731481481481482 0.47291666666666665 0.5643518518518519 0.47265625 0.5532407407407407 0.4947916666666667 0.47638888888888886 0.5020833333333333 0.4597222222222222 0.50546875 0.45787037037037037
0 0.8916666666666667 0.5662037037037037 0.8984375 0.5689814814814815 0.9026041666666667 0.5745370370370371 0.9049479166666666 0.6300925925925925 0.903125 0.6648148148148149 0.8989583333333333 0.6731481481481482 0.8942708333333333 0.6754629629629629 0.8833333333333333 0.674074074074074 0.878125 0.6694444444444444 0.8755208333333333 0.6287037037037037 0.8752604166666667 0.5745370370370371 0.8802083333333334 0.5671296296296297 0.89140625 0.5662037037037037
0 0.6963541666666667 0.3837962962962963 0.734375 0.38657407407407407 0.74453125 0.3921296296296296 0.74609375 0.4064814814814815 0.7450520833333333 0.42592592592592593 0.7421875 0.43194444444444446 0.7377604166666667 0.43333333333333335 0.6861979166666666 0.42824074074074076 0.6833333333333333 0.41898148148148145 0.6841145833333333 0.3939814814814815 0.6885416666666667 0.3861111111111111 0.69609375 0.3837962962962963
0 0.6625 0.12731481481481483 0.6690104166666667 0.12962962962962962 0.6729166666666667 0.1449074074074074 0.6723958333333333 0.22777777777777777 0.66640625 0.23796296296296296 0.6591145833333333 0.24212962962962964 0.65390625 0.24212962962962964 0.6473958333333333 0.23703703703703705 0.64375 0.22870370370370371 0.6432291666666666 0.21712962962962962 0.6486979166666667 0.1337962962962963 0.65390625 0.12777777777777777 0.6622395833333333 0.12731481481481483
0 0.5880208333333333 0.12546296296296297 0.5953125 0.1300925925925926 0.5984375 0.14166666666666666 0.5984375 0.16898148148148148 0.5963541666666666 0.1884259259259259 0.5973958333333333 0.21157407407407408 0.5932291666666667 0.23148148148148148 0.58515625 0.23796296296296296 0.57734375 0.23703703703703705 0.57109375 0.22916666666666666 0.5692708333333333 0.22037037037037038 0.5690104166666666 0.19212962962962962 0.5721354166666667 0.13425925925925927 0.5770833333333333 0.12638888888888888 0.5877604166666667 0.12546296296296297
0 0.5869791666666667 0.6972222222222222 0.5921875 0.7027777777777777 0.59296875 0.7097222222222223 0.590625 0.7606481481481482 0.59140625 0.7902777777777777 0.58828125 0.8171296296296297 0.5796875 0.8245370370370371 0.5697916666666667 0.8231481481481482 0.56328125 0.8087962962962963 0.5671875 0.7083333333333334 0.5692708333333333 0.6995370370370371 0.5729166666666666 0.6958333333333333 0.58671875 0.6972222222222222
0 0.8580729166666666 0.5601851851851852 0.8630208333333333 0.562962962962963 0.865625 0.5680555555555555 0.86640625 0.5925925925925926 0.8638020833333333 0.6648148148148149 0.8611979166666667 0.6754629629629629 0.85625 0.6810185185185185 0.8455729166666667 0.6805555555555556 0.8377604166666667 0.6763888888888889 0.8356770833333333 0.6708333333333333 0.8348958333333333 0.6560185185185186 0.8385416666666666 0.5879629629629629 0.8419270833333333 0.5657407407407408 0.8458333333333333 0.5592592592592592 0.8578125 0.5601851851851852
0 0.7046875 0.5625 0.7106770833333333 0.5694444444444444 0.7114583333333333 0.6268518518518519 0.7098958333333333 0.6300925925925925 0.6927083333333334 0.6305555555555555 0.6875 0.6268518518518519 0.6880208333333333 0.5671296296296297 0.6927083333333334 0.562037037037037 0.7044270833333334 0.5625
0 0.69609375 0.687962962962963 0.7052083333333333 0.6921296296296297 0.71015625 0.7092592592592593 0.7096354166666666 0.7736111111111111 0.7078125 0.7986111111111112 0.7065104166666667 0.8046296296296296 0.7020833333333333 0.8074074074074075 0.68515625 0.8055555555555556 0.68046875 0.8018518518518518 0.6783854166666666 0.7962962962962963 0.68203125 0.6990740740740741 0.6854166666666667 0.6902777777777778 0.6958333333333333 0.687962962962963
0 0.7361979166666667 0.6986111111111111 0.740625 0.7013888888888888 0.7434895833333334 0.7111111111111111 0.746875 0.7847222222222222 0.74453125 0.7930555555555555 0.7348958333333333 0.7967592592592593 0.7265625 0.7967592592592593 0.7223958333333333 0.7930555555555555 0.7192708333333333 0.7657407407407407 0.7171875 0.7092592592592593 0.71953125 0.7027777777777777 0.7234375 0.7 0.7359375 0.6986111111111111
0 0.5416666666666666 0.6824074074074075 0.5479166666666667 0.6856481481481481 0.5505208333333333 0.6912037037037037 0.5520833333333334 0.7847222222222222 0.5471354166666667 0.7976851851851852 0.5401041666666667 0.8013888888888889 0.5294270833333333 0.7981481481481482 0.525 0.788425925925926 0.52421875 0.7412037037037037 0.5270833333333333 0.7287037037037037 0.52421875 0.6967592592592593 0.52578125 0.6888888888888889 0.52890625 0.6856481481481481 0.54140625 0.6824074074074075
0 0.6380208333333334 0.3990740740740741 0.6434895833333333 0.40324074074074073 0.6463541666666667 0.4115740740740741 0.6598958333333333 0.49444444444444446 0.6598958333333333 0.5041666666666667 0.6578125 0.5106481481481482 0.6442708333333333 0.5194444444444445 0.6390625 0.5175925925925926 0.63359375 0.5032407407407408 0.6200520833333333 0.42268518518518516 0.6200520833333333 0.4148148148148148 0.6231770833333333 0.4064814814814815 0.6377604166666667 0.3990740740740741
0 0.6606770833333333 0.2712962962962963 0.6690104166666667 0.2777777777777778 0.6703125 0.2898148148148148 0.66796875 0.3509259259259259 0.66640625 0.35694444444444445 0.6619791666666667 0.3597222222222222 0.6473958333333333 0.3574074074074074 0.6440104166666667 0.35 0.6455729166666667 0.2796296296296296 0.6502604166666667 0.2712962962962963 0.6604166666666667 0.2712962962962963
0 0.5546875 0.5421296296296296 0.5575520833333333 0.55 0.5567708333333333 0.6342592592592593 0.5536458333333333 0.6532407407407408 0.5466145833333333 0.6587962962962963 0.5369791666666667 0.6578703703703703 0.53203125 0.6546296296296297 0.5294270833333333 0.6486111111111111 0.5322916666666667 0.5458333333333333 0.5346354166666667 0.5416666666666666 0.5411458333333333 0.5393518518518519 0.5544270833333333 0.5421296296296296
0 0.77421875 0.24074074074074073 0.7838541666666666 0.24675925925925926 0.7880208333333333 0.26342592592592595 0.7880208333333333 0.3416666666666667 0.78515625 0.34953703703703703 0.7763020833333333 0.3527777777777778 0.7661458333333333 0.3509259259259259 0.7625 0.3453703703703704 0.7598958333333333 0.2851851851851852 0.7609375 0.25092592592592594 0.765625 0.2439814814814815 0.7739583333333333 0.24074074074074073
0 0.6252604166666667 0.24305555555555555 0.6325520833333333 0.24675925925925926 0.6356770833333333 0.2550925925925926 0.6369791666666667 0.32592592592592595 0.6346354166666667 0.3490740740740741 0.6236979166666666 0.35555555555555557 0.6130208333333333 0.3537037037037037 0.6098958333333333 0.3472222222222222 0.6083333333333333 0.25833333333333336 0.6127604166666667 0.2462962962962963 0.625 0.24305555555555555
0 0.9333333333333333 0.5569444444444445 0.93984375 0.5638888888888889 0.9432291666666667 0.5782407407407407 0.9453125 0.6435185185185185 0.9450520833333333 0.6680555555555555 0.9434895833333333 0.674074074074074 0.9401041666666666 0.6791666666666667 0.9322916666666666 0.6814814814814815 0.9213541666666667 0.6773148148148148 0.9171875 0.6675925925925926 0.9138020833333333 0.624537037037037 0.9127604166666666 0.5712962962962963 0.9143229166666667 0.5643518518518519 0.9182291666666667 0.5587962962962963 0.9330729166666667 0.5569444444444445
0 0.7359375 0.5430555555555555 0.746875 0.5486111111111112 0.74921875 0.575462962962963 0.7471354166666667 0.6375 0.74453125 0.6449074074074074 0.7372395833333333 0.649074074074074 0.7263020833333333 0.6476851851851851 0.7221354166666667 0.6398148148148148 0.72265625 0.5504629629629629 0.72734375 0.5439814814814815 0.7356770833333334 0.5430555555555555
0 0.6557291666666667 0.9782407407407407 0.66484375 0.9833333333333333 0.6690104166666667 0.999537037037037 0.640625 0.999537037037037 0.6432291666666666 0.9842592592592593 0.65546875 0.9782407407407407
0 0.8505208333333333 0.25416666666666665 0.8575520833333333 0.2611111111111111 0.86015625 0.2722222222222222 0.8635416666666667 0.3296296296296296 0.8614583333333333 0.35509259259259257 0.8520833333333333 0.3597222222222222 0.8419270833333333 0.3597222222222222 0.8372395833333334 0.35509259259259257 0.8348958333333333 0.3384259259259259 0.8317708333333333 0.275 0.8348958333333333 0.25833333333333336 0.8403645833333333 0.25416666666666665 0.8502604166666666 0.25416666666666665
0 0.8458333333333333 0.1388888888888889 0.8528645833333334 0.14074074074074075 0.85625 0.1476851851851852 0.85703125 0.21342592592592594 0.8541666666666666 0.2337962962962963 0.84375 0.2388888888888889 0.834375 0.2375 0.8309895833333333 0.23287037037037037 0.8307291666666666 0.14629629629629629 0.834375 0.1398148148148148 0.8455729166666667 0.1388888888888889
0 0.625 0.11064814814814815 0.6307291666666667 0.11527777777777778 0.63359375 0.12361111111111112 0.6354166666666666 0.16018518518518518 0.63359375 0.21296296296296297 0.6309895833333333 0.21898148148148147 0.6223958333333334 0.22361111111111112 0.6125 0.2222222222222222 0.6083333333333333 0.21574074074074073 0.6083333333333333 0.12638888888888888 0.61015625 0.11805555555555555 0.6138020833333333 0.1125 0.6247395833333333 0.11064814814814815
0 0.9572916666666667 0.25462962962962965 0.96484375 0.2564814814814815 0.9705729166666667 0.2625 0.9729166666666667 0.2861111111111111 0.9755208333333333 0.29259259259259257 0.97421875 0.3055555555555556 0.975 0.3453703703703704 0.9697916666666667 0.3625 0.9625 0.3675925925925926 0.9494791666666667 0.36527777777777776 0.9424479166666667 0.35509259259259257 0.94140625 0.34953703703703703 0.94453125 0.29074074074074074 0.9419270833333333 0.2824074074074074 0.9421875 0.27361111111111114 0.9479166666666666 0.25787037037037036 0.95703125 0.25462962962962965
0 0.6546875 0.6995370370370371 0.6677083333333333 0.7027777777777777 0.6705729166666666 0.7092592592592593 0.6684895833333333 0.8013888888888889 0.6645833333333333 0.812037037037037 0.6583333333333333 0.8152777777777778 0.6453125 0.8111111111111111 0.6421875 0.7935185185185185 0.6442708333333333 0.7171296296296297 0.64765625 0.7023148148148148 0.6544270833333333 0.6995370370370371
0 0.7796875 0.6888888888888889 0.784375 0.6930555555555555 0.78671875 0.7018518518518518 0.7893229166666667 0.7828703703703703 0.7869791666666667 0.8027777777777778 0.7830729166666667 0.8087962962962963 0.7765625 0.8111111111111111 0.765625 0.8069444444444445 0.7614583333333333 0.7967592592592593 0.7604166666666666 0.7069444444444445 0.7630208333333334 0.6902777777777778 0.7794270833333333 0.6888888888888889
0 0.7377604166666667 0.09675925925925925 0.7447916666666666 0.10138888888888889 0.746875 0.10601851851851851 0.7481770833333333 0.15462962962962962 0.7466145833333333 0.16157407407407406 0.7455729166666667 0.20972222222222223 0.74140625 0.2162037037037037 0.7359375 0.21898148148148147 0.7200520833333334 0.2152777777777778 0.7182291666666667 0.2101851851851852 0.71796875 0.19537037037037036 0.7223958333333333 0.10555555555555556 0.7278645833333334 0.09768518518518518 0.7375 0.09675925925925925
0 0.8145833333333333 0.2439814814814815 0.8192708333333333 0.24861111111111112 0.8213541666666667 0.25833333333333336 0.8229166666666666 0.30694444444444446 0.821875 0.32731481481481484 0.8161458333333333 0.33240740740740743 0.8028645833333333 0.33194444444444443 0.7986979166666667 0.32546296296296295 0.7979166666666667 0.25601851851851853 0.79921875 0.24814814814814815 0.80390625 0.24351851851851852 0.8143229166666667 0.2439814814814815
0 0.8169270833333333 0.5574074074074075 0.8216145833333334 0.5689814814814815 0.82421875 0.6162037037037037 0.8223958333333333 0.6611111111111111 0.8161458333333333 0.6671296296296296 0.80078125 0.6662037037037037 0.7966145833333333 0.6601851851851852 0.7981770833333334 0.6296296296296297 0.79453125 0.5777777777777777 0.7955729166666666 0.5643518518518519 0.7981770833333334 0.5574074074074075 0.8052083333333333 0.5550925925925926 0.8166666666666667 0.5574074074074075
0 0.8114583333333333 0.6925925925925925 0.8184895833333333 0.6953703703703704 0.821875 0.7018518518518518 0.8236979166666667 0.7486111111111111 0.821875 0.7953703703703704 0.81953125 0.8009259259259259 0.8143229166666667 0.8041666666666667 0.8033854166666666 0.8027777777777778 0.79765625 0.7935185185185185 0.7971354166666667 0.6990740740740741 0.80078125 0.6949074074074074 0.8111979166666666 0.6925925925925925