0 0.5817708333333333 0.9893518518518518 0.5877604166666667 0.9944444444444445 0.58828125 0.999537037037037 0.56171875 0.999537037037037 0.5627604166666667 0.9935185185185185 0.5666666666666667 0.9898148148148148 0.5815104166666667 0.9893518518518518
0 0.8856770833333333 0.11574074074074074 0.8911458333333333 0.11851851851851852 0.8934895833333333 0.12546296296296297 0.8963541666666667 0.1824074074074074 0.8950520833333333 0.22407407407407406 0.8921875 0.2300925925925926 0.8861979166666667 0.23287037037037037 0.8731770833333333 0.23194444444444445 0.86875 0.22453703703703703 0.8666666666666667 0.1449074074074074 0.8697916666666666 0.12083333333333333 0.8768229166666667 0.11574074074074074 0.8854166666666666 0.11574074074074074
0 0.8106770833333333 0.09583333333333334 0.8140625 0.09814814814814815 0.81875 0.1087962962962963 0.821875 0.14722222222222223 0.81875 0.1884259259259259 0.8143229166666667 0.19444444444444445 0.809375 0.1962962962962963 0.8002604166666667 0.19537037037037036 0.7934895833333333 0.1884259259259259 0.7927083333333333 0.12361111111111112 0.7934895833333333 0.11203703703703703 0.796875 0.1 0.8033854166666666 0.09490740740740741 0.8104166666666667 0.09583333333333334
0 0.7361979166666667 0.24583333333333332 0.7453125 0.2513888888888889 0.7484375 0.2601851851851852 0.7494791666666667 0.27175925925925926 0.7513020833333334 0.33240740740740743 0.7486979166666666 0.34814814814814815 0.7424479166666667 0.35138888888888886 0.7302083333333333 0.34953703703703703 0.7268229166666667 0.3449074074074074 0.7255208333333333 0.33611111111111114 0.7255208333333333 0.3060185185185185 0.7221354166666667 0.2638888888888889 0.7270833333333333 0.25 0.7359375 0.24583333333333332
0 0.6997395833333333 0.11481481481481481 0.70625 0.11851851851851852 0.7080729166666667 0.12546296296296297 0.7078125 0.20185185185185187 0.7057291666666666 0.20972222222222223 0.7 0.21342592592592594 0.6864583333333333 0.2111111111111111 0.6828125 0.19953703703703704 0.6846354166666667 0.12129629629629629 0.6890625 0.11574074074074074 0.6994791666666667 0.11481481481481481
0 0.95859375 0.11574074074074074 0.96953125 0.12268518518518519 0.9729166666666667 0.13703703703703704 0.9734375 0.21157407407407408 0.9705729166666667 0.22175925925925927 0.9638020833333333 0.2273148148148148 0.9513020833333333 0.22407407407407406 0.9440104166666666 0.20833333333333334 0.9432291666666667 0.1337962962962963 0.9481770833333333 0.12037037037037036 0.9583333333333334 0.11574074074074074
0 0.8486979166666667 0.12546296296296297 0.8541666666666666 0.12824074074074074 0.8567708333333334 0.13564814814814816 0.85703125 0.20092592592592592 0.8541666666666666 0.22037037037037038 0.8455729166666667 0.225 0.8348958333333333 0.22407407407407406 0.8307291666666666 0.2175925925925926 0.8307291666666666 0.13333333333333333 0.8348958333333333 0.12638888888888888 0.8484375 0.12546296296296297
0 0.7 0.5467592592592593 0.7078125 0.549537037037037 0.7104166666666667 0.5537037037037037 0.7119791666666667 0.6101851851851852 0.7098958333333333 0.6162037037037037 0.6893229166666667 0.6157407407407407 0.6875 0.6125 0.6890625 0.5930555555555556 0.6877604166666667 0.5532407407407407 0.6901041666666666 0.549537037037037 0.6997395833333333 0.5467592592592593
0 0.8604166666666667 0.6837962962962963 0.86484375 0.6888888888888889 0.86796875 0.7013888888888888 0.8700520833333333 0.7615740740740741 0.86953125 0.7939814814814815 0.8671875 0.799537037037037 0.8614583333333333 0.8018518518518518 0.8484375 0.8009259259259259 0.8419270833333333 0.7921296296296296 0.8411458333333334 0.7291666666666666 0.83828125 0.7041666666666667 0.8411458333333334 0.6893518518518519 0.84453125 0.6851851851851852 0.85234375 0.6824074074074075 0.86015625 0.6837962962962963
0 0.85078125 0.24027777777777778 0.8567708333333334 0.24583333333333332 0.86015625 0.25787037037037036 0.86328125 0.32175925925925924 0.8609375 0.3421296296296296 0.8505208333333333 0.34629629629629627 0.8408854166666667 0.3453703703703704 0.8364583333333333 0.3384259259259259 0.8315104166666667 0.2601851851851852 0.8322916666666667 0.2513888888888889 0.83515625 0.24444444444444444 0.8408854166666667 0.24027777777777778 0.8505208333333333 0.24027777777777778
0 0.9455729166666667 0.4689814814814815 0.9606770833333333 0.4689814814814815 0.9669270833333333 0.47314814814814815 0.97109375 0.49074074074074076 0.96953125 0.5083333333333333 0.9619791666666667 0.5152777777777777 0.92578125 0.5194444444444445 0.9138020833333333 0.5194444444444445 0.9096354166666667 0.5166666666666667 0.9065104166666667 0.5078703703703704 0.9041666666666667 0.4847222222222222 0.91171875 0.4740740740740741 0.9325520833333333 0.4708333333333333 0.9388020833333334 0.4671296296296296 0.9453125 0.4689814814814815
0 0.66015625 0.9638888888888889 0.665625 0.9694444444444444 0.66875 0.9768518518518519 0.6700520833333333 0.999537037037037 0.640625 0.999537037037037 0.6401041666666667 0.9810185185185185 0.6421875 0.9703703703703703 0.6502604166666667 0.9629629629629629 0.6598958333333333 0.9638888888888889
0 0.81171875 0.22962962962962963 0.81875 0.23333333333333334 0.8213541666666667 0.24444444444444444 0.82265625 0.3050925925925926 0.8208333333333333 0.31527777777777777 0.8075520833333333 0.31851851851851853 0.8002604166666667 0.3162037037037037 0.7984375 0.3106481481481482 0.79765625 0.24259259259259258 0.8013020833333333 0.2310185185185185 0.8114583333333333 0.22962962962962963
0 0.5486979166666667 0.5259259259259259 0.5546875 0.5282407407407408 0.5572916666666666 0.5328703703703703 0.5578125 0.6055555555555555 0.5552083333333333 0.6333333333333333 0.5518229166666667 0.6416666666666667 0.546875 0.6444444444444445 0.5328125 0.6407407407407407 0.5294270833333333 0.6300925925925925 0.5294270833333333 0.6185185185185185 0.5315104166666667 0.5958333333333333 0.5325520833333334 0.5300925925925926 0.5395833333333333 0.5254629629629629 0.5484375 0.5259259259259259
0 0.6190104166666667 0.5333333333333333 0.6260416666666667 0.5361111111111111 0.6294270833333333 0.5472222222222223 0.63203125 0.6263888888888889 0.6307291666666667 0.6435185185185185 0.6265625 0.65 0.6216145833333333 0.6518518518518519 0.6106770833333334 0.6509259259259259 0.6057291666666667 0.6444444444444445 0.6036458333333333 0.6305555555555555 0.60234375 0.5888888888888889 0.6018229166666667 0.549074074074074 0.603125 0.5393518518518519 0.60859375 0.5342592592592592 0.61875 0.5333333333333333
0 0.659375 0.11342592592592593 0.66875 0.11574074074074074 0.6708333333333333 0.11898148148148148 0.6731770833333334 0.14675925925925926 0.67265625 0.21435185185185185 0.6669270833333333 0.22407407407407406 0.6588541666666666 0.22870370370370371 0.6515625 0.2273148148148148 0.6458333333333334 0.2199074074074074 0.64375 0.21296296296296297 0.6434895833333333 0.20092592592592592 0.6455729166666667 0.1865740740740741 0.6484375 0.12407407407407407 0.6510416666666666 0.1162037037037037 0.6591145833333333 0.11342592592592593
0 0.59453125 0.11527777777777778 0.5979166666666667 0.12361111111111112 0.5989583333333334 0.13935185185185187 0.596875 0.20462962962962963 0.5921875 0.22083333333333333 0.5854166666666667 0.22453703703703703 0.5768229166666666 0.22361111111111112 0.5703125 0.2125 0.5716145833333334 0.12962962962962962 0.5729166666666666 0.11944444444444445 0.5760416666666667 0.11435185185185186 0.5872395833333334 0.11203703703703703 0.5942708333333333 0.11527777777777778
0 0.9325520833333333 0.5425925925925926 0.9390625 0.5486111111111112 0.9416666666666667 0.5564814814814815 0.9453125 0.6087962962962963 0.94375 0.6578703703703703 0.94140625 0.6638888888888889 0.9356770833333333 0.6662037037037037 0.9247395833333333 0.6657407407407407 0.9182291666666667 0.6601851851851852 0.9135416666666667 0.6037037037037037 0.9127604166666666 0.5569444444444445 0.9143229166666667 0.55 0.921875 0.5430555555555555 0.9322916666666666 0.5425925925925926
0 0.6236979166666666 0.6754629629629629 0.6286458333333333 0.6791666666666667 0.6317708333333333 0.6925925925925925 0.6322916666666667 0.7560185185185185 0.6302083333333334 0.7967592592592593 0.6265625 0.8023148148148148 0.6208333333333333 0.8041666666666667 0.6088541666666667 0.8027777777777778 0.60234375 0.7930555555555555 0.6010416666666667 0.7583333333333333 0.60390625 0.7 0.6065104166666667 0.6824074074074075 0.60859375 0.6777777777777778 0.6135416666666667 0.675 0.6234375 0.6754629629629629
0 0.8786458333333333 0.3939814814814815 0.9138020833333333 0.4041666666666667 0.9244791666666666 0.4111111111111111 0.9265625 0.41805555555555557 0.9252604166666667 0.44074074074074077 0.92265625 0.449537037037037 0.9190104166666667 0.45231481481481484 0.8966145833333333 0.45 0.8627604166666667 0.4361111111111111 0.8609375 0.42916666666666664 0.8627604166666667 0.4027777777777778 0.8661458333333333 0.3958333333333333 0.8783854166666667 0.3939814814814815
0 0.696875 0.6736111111111112 0.70546875 0.6782407407407407 0.7098958333333333 0.6939814814814815 0.7072916666666667 0.7865740740740741 0.7013020833333333 0.7921296296296296 0.6838541666666667 0.7898148148148149 0.6802083333333333 0.7861111111111111 0.678125 0.7782407407407408 0.68203125 0.6833333333333333 0.6869791666666667 0.674537037037037 0.6966145833333334 0.6736111111111112
0 0.73515625 0.6837962962962963 0.7395833333333334 0.6856481481481481 0.7427083333333333 0.6930555555555555 0.7473958333333334 0.7680555555555556 0.7450520833333333 0.7782407407407408 0.7361979166666667 0.7814814814814814 0.7239583333333334 0.7805555555555556 0.721875 0.7754629629629629 0.7166666666666667 0.7037037037037037 0.7171875 0.6925925925925925 0.7197916666666667 0.687037037037037 0.7348958333333333 0.6837962962962963
0 0.57890625 0.6800925925925926 0.5901041666666667 0.6847222222222222 0.5932291666666667 0.6958333333333333 0.5901041666666667 0.7930555555555555 0.5861979166666667 0.8069444444444445 0.5809895833333333 0.8087962962962963 0.5697916666666667 0.8074074074074075 0.5643229166666667 0.7981481481481482 0.56328125 0.7916666666666666 0.5677083333333334 0.6921296296296297 0.5703125 0.6833333333333333 0.5786458333333333 0.6800925925925926
0 0.7033854166666667 0.24444444444444444 0.7072916666666667 0.24814814814814815 0.7091145833333333 0.25787037037037036 0.7098958333333333 0.3300925925925926 0.7075520833333333 0.34444444444444444 0.7010416666666667 0.3472222222222222 0.6890625 0.34629629629629627 0.6854166666666667 0.34305555555555556 0.6817708333333333 0.2791666666666667 0.6856770833333333 0.24583333333333332 0.6908854166666667 0.24259259259259258 0.703125 0.24444444444444444
0 0.6591145833333333 0.2574074074074074 0.66875 0.26435185185185184 0.6708333333333333 0.2828703703703704 0.6677083333333333 0.3375 0.66640625 0.3421296296296296 0.6622395833333333 0.34444444444444444 0.6471354166666666 0.34305555555555556 0.6440104166666667 0.33564814814814814 0.6458333333333334 0.26666666666666666 0.6502604166666667 0.25787037037037036 0.6588541666666666 0.2574074074074074
0 0.8950520833333333 0.24861111111111112 0.9049479166666666 0.25601851851851853 0.9078125 0.2671296296296296 0.9080729166666667 0.2810185185185185 0.9106770833333333 0.28888888888888886 0.909375 0.29814814814814816 0.9098958333333333 0.3490740740740741 0.9078125 0.35694444444444445 0.89765625 0.36157407407407405 0.8864583333333333 0.36064814814814816 0.87890625 0.3486111111111111 0.8807291666666667 0.30092592592592593 0.8796875 0.2898148148148148 0.8765625 0.28055555555555556 0.87890625 0.26157407407407407 0.8828125 0.25277777777777777 0.8947916666666667 0.24861111111111112
0 0.77578125 0.1111111111111111 0.7815104166666667 0.11574074074074074 0.7828125 0.12407407407407407 0.784375 0.15787037037037038 0.7830729166666667 0.20277777777777778 0.7799479166666666 0.2111111111111111 0.7700520833333333 0.2152777777777778 0.76328125 0.21064814814814814 0.7619791666666667 0.2013888888888889 0.75859375 0.2037037037037037 0.75703125 0.20092592592592592 0.7567708333333333 0.14675925925925926 0.7549479166666667 0.12546296296296297 0.759375 0.1125 0.7755208333333333 0.1111111111111111
0 0.58828125 0.23287037037037037 0.5971354166666667 0.2361111111111111 0.5989583333333334 0.2439814814814815 0.5997395833333333 0.3388888888888889 0.5963541666666666 0.3527777777777778 0.58828125 0.3592592592592593 0.5776041666666667 0.3574074074074074 0.5729166666666666 0.3523148148148148 0.5708333333333333 0.34305555555555556 0.57109375 0.26157407407407407 0.57265625 0.24537037037037038 0.5770833333333333 0.23564814814814813 0.5880208333333333 0.23333333333333334
0 0.78671875 0.40185185185185185 0.78984375 0.4060185185185185 0.7927083333333333 0.4217592592592593 0.7927083333333333 0.4356481481481482 0.7895833333333333 0.44351851851851853 0.7833333333333333 0.4476851851851852 0.7377604166666667 0.4587962962962963 0.728125 0.45601851851851855 0.72265625 0.44212962962962965 0.7229166666666667 0.425462962962963 0.72734375 0.4148148148148148 0.7489583333333333 0.4064814814814815 0.7864583333333334 0.40185185185185185
0 0.6268229166666667 0.2300925925925926 0.6333333333333333 0.2337962962962963 0.6364583333333333 0.24583333333333332 0.6375 0.3143518518518518 0.63515625 0.3347222222222222 0.6307291666666667 0.3398148148148148 0.6234375 0.3421296296296296 0.6125 0.33935185185185185 0.6096354166666667 0.3314814814814815 0.6091145833333333 0.24768518518518517 0.6106770833333334 0.23796296296296296 0.6135416666666667 0.23287037037037037 0.6265625 0.2300925925925926
0 0.88984375 0.5513888888888889 0.8986979166666667 0.5550925925925926 0.9015625 0.5592592592592592 0.9041666666666667 0.5976851851851852 0.9041666666666667 0.6208333333333333 0.8997395833333334 0.6541666666666667 0.8973958333333333 0.6592592592592592 0.8919270833333334 0.6601851851851852 0.8807291666666667 0.6583333333333333 0.8765625 0.6527777777777778 0.87421875 0.5726851851851852 0.8768229166666667 0.5560185185185185 0.88125 0.5523148148148148 0.8895833333333333 0.5513888888888889
0 0.7395833333333334 0.5296296296296297 0.7471354166666667 0.5356481481481481 0.74921875 0.575462962962963 0.7463541666666667 0.6263888888888889 0.7421875 0.6328703703703704 0.7369791666666666 0.6347222222222222 0.7270833333333333 0.6337962962962963 0.7221354166666667 0.6263888888888889 0.7221354166666667 0.5393518518518519 0.7231770833333333 0.5342592592592592 0.7270833333333333 0.5300925925925926 0.7393229166666667 0.5296296296296297
0 0.5424479166666667 0.9916666666666667 0.5473958333333333 0.9944444444444445 0.5489583333333333 0.999537037037037 0.5268229166666667 0.999537037037037 0.528125 0.9944444444444445 0.5328125 0.9912037037037037 0.5421875 0.9916666666666667
0 0.6252604166666667 0.09722222222222222 0.6299479166666667 0.1 0.63359375 0.1087962962962963 0.6356770833333333 0.14583333333333334 0.6338541666666667 0.19907407407407407 0.63125 0.2050925925925926 0.6239583333333333 0.20972222222222223 0.6125 0.20833333333333334 0.6080729166666666 0.19953703703703704 0.6083333333333333 0.1125 0.6119791666666666 0.10138888888888889 0.6177083333333333 0.09722222222222222 0.625 0.09722222222222222
0 0.9671875 0.2439814814814815 0.9716145833333333 0.2513888888888889 0.9734375 0.2722222222222222 0.9763020833333333 0.2791666666666667 0.97421875 0.287962962962963 0.9760416666666667 0.3384259259259259 0.9671875 0.3523148148148148 0.96171875 0.3537037037037037 0.9494791666666667 0.3509259259259259 0.9419270833333333 0.3384259259259259 0.9416666666666667 0.3277777777777778 0.9442708333333333 0.3162037037037037 0.9440104166666666 0.27546296296296297 0.9419270833333333 0.262037037037037 0.9458333333333333 0.24768518518518517 0.9494791666666667 0.24259259259259258 0.9567708333333333 0.24074074074074073 0.9669270833333333 0.2439814814814815
0 0.8533854166666667 0.5444444444444444 0.8640625 0.5504629629629629 0.8658854166666666 0.5745370370370371 0.8625 0.65 0.859375 0.6611111111111111 0.8528645833333334 0.6671296296296296 0.8375 0.6620370370370371 0.8348958333333333 0.6546296296296297 0.8341145833333333 0.6439814814814815 0.8395833333333333 0.5606481481481481 0.8432291666666667 0.5467592592592593 0.853125 0.5444444444444444
0 0.7763020833333333 0.5421296296296296 0.7833333333333333 0.5467592592592593 0.78515625 0.5527777777777778 0.7872395833333333 0.5740740740740741 0.7877604166666666 0.6277777777777778 0.78671875 0.6407407407407407 0.78359375 0.6472222222222223 0.77421875 0.6504629629629629 0.765625 0.6472222222222223 0.76171875 0.638425925925926 0.759375 0.5569444444444445 0.7619791666666667 0.5462962962962963 0.7760416666666666 0.5421296296296296
0 0.8541666666666666 0.987037037037037 0.8606770833333334 0.9907407407407407 0.86484375 0.999537037037037 0.8375 0.999537037037037 0.8390625 0.9921296296296296 0.8421875 0.9879629629629629 0.85390625 0.987037037037037
0 0.6591145833333333 0.6851851851851852 0.6684895833333333 0.6884259259259259 0.671875 0.7074074074074074 0.6703125 0.7236111111111111 0.67109375 0.7523148148148148 0.6682291666666667 0.7847222222222222 0.6643229166666667 0.7972222222222223 0.65859375 0.8004629629629629 0.65078125 0.8 0.6440104166666667 0.7939814814814815 0.6424479166666667 0.7550925925925925 0.6447916666666667 0.6921296296296297 0.6481770833333333 0.6856481481481481 0.6588541666666666 0.6851851851851852
0 0.79921875 0 0.8619791666666666 0 0.8526041666666667 0.009259259259259259 0.81796875 0.0032407407407407406 0.8067708333333333 0.006944444444444444 0.79921875 0.000462962962962963
0 0.7713541666666667 0.6736111111111112 0.78359375 0.6773148148148148 0.7869791666666667 0.6925925925925925 0.7880208333333333 0.7828703703703703 0.78359375 0.7930555555555555 0.77890625 0.7958333333333333 0.7674479166666667 0.7935185185185185 0.7611979166666667 0.7810185185185186 0.7596354166666667 0.6953703703703704 0.76171875 0.6782407407407407 0.7653645833333333 0.674074074074074 0.77109375 0.6736111111111112
0 0.80703125 0.5402777777777777 0.8169270833333333 0.5430555555555555 0.8213541666666667 0.5555555555555556 0.8234375 0.6106481481481482 0.8216145833333334 0.6481481481481481 0.8166666666666667 0.6527777777777778 0.8033854166666666 0.6523148148148148 0.7971354166666667 0.6481481481481481 0.7955729166666666 0.6412037037037037 0.7979166666666667 0.6162037037037037 0.7953125 0.5861111111111111 0.7950520833333333 0.5513888888888889 0.7979166666666667 0.5430555555555555 0.8067708333333333 0.5407407407407407
0 0.53984375 0.6666666666666666 0.54921875 0.6717592592592593 0.5510416666666667 0.6777777777777778 0.5520833333333334 0.7694444444444445 0.5484375 0.7805555555555556 0.5416666666666666 0.7856481481481481 0.5296875 0.7828703703703703 0.52578125 0.7754629629629629 0.5244791666666667 0.7662037037037037 0.525 0.6759259259259259 0.528125 0.6708333333333333 0.5395833333333333 0.6666666666666666
0 0.7765625 0.2273148148148148 0.7833333333333333 0.23287037037037037 0.7869791666666667 0.2412037037037037 0.7885416666666667 0.29583333333333334 0.7872395833333333 0.33101851851851855 0.784375 0.3365740740740741 0.77734375 0.3388888888888889 0.7671875 0.33796296296296297 0.7625 0.3314814814814815 0.7598958333333333 0.27314814814814814 0.7614583333333333 0.2375 0.7684895833333333 0.22824074074074074 0.7763020833333333 0.2273148148148148
0 0.8114583333333333 0.6782407407407407 0.81875 0.6810185185185185 0.82109375 0.6856481481481481 0.8247395833333333 0.7199074074074074 0.821875 0.7768518518518519 0.8182291666666667 0.7861111111111111 0.8119791666666667 0.7888888888888889 0.8033854166666666 0.787962962962963 0.7979166666666667 0.7828703703703703 0.7966145833333333 0.7453703703703703 0.7979166666666667 0.7328703703703704 0.796875 0.6851851851851852 0.803125 0.6791666666666667 0.8111979166666666 0.6782407407407407