0 0.8869791666666667 0.125 0.89375 0.12731481481481483 0.8966145833333333 0.13287037037037036 0.9010416666666666 0.19444444444444445 0.8981770833333333 0.23472222222222222 0.8950520833333333 0.24027777777777778 0.8877604166666667 0.24212962962962964 0.8765625 0.2412037037037037 0.8723958333333334 0.2337962962962963 0.8716145833333333 0.18194444444444444 0.8692708333333333 0.15555555555555556 0.8734375 0.1300925925925926 0.88671875 0.125
0 0.6546875 0.6972222222222222 0.6716145833333333 0.6986111111111111 0.6755208333333333 0.7074074074074074 0.6744791666666666 0.7851851851851852 0.6708333333333333 0.8069444444444445 0.6622395833333333 0.812037037037037 0.6505208333333333 0.8087962962962963 0.6473958333333333 0.8046296296296296 0.6463541666666667 0.7981481481481482 0.6473958333333333 0.7208333333333333 0.65078125 0.6995370370370371 0.6544270833333333 0.6972222222222222
0 0.8127604166666667 0.10416666666666667 0.8174479166666667 0.10740740740740741 0.8213541666666667 0.11481481481481481 0.8255208333333334 0.14722222222222223 0.8255208333333334 0.16898148148148148 0.82265625 0.19583333333333333 0.81953125 0.20324074074074075 0.8143229166666667 0.20555555555555555 0.8002604166666667 0.20324074074074075 0.7963541666666667 0.1925925925925926 0.7989583333333333 0.17916666666666667 0.7963541666666667 0.12222222222222222 0.80234375 0.10694444444444444 0.8125 0.10416666666666667
0 0.6286458333333333 0.6791666666666667 0.6346354166666667 0.6824074074074075 0.6356770833333333 0.6930555555555555 0.6372395833333333 0.7199074074074074 0.6369791666666667 0.7837962962962963 0.6325520833333333 0.8106481481481481 0.6294270833333333 0.8148148148148148 0.6221354166666667 0.8157407407407408 0.6127604166666667 0.8138888888888889 0.60625 0.8041666666666667 0.6057291666666667 0.7583333333333333 0.6080729166666666 0.7425925925925926 0.6088541666666667 0.7069444444444445 0.6125 0.6893518518518519 0.61640625 0.6800925925925926 0.6283854166666667 0.6791666666666667
0 0.74375 0.2564814814814815 0.74921875 0.262037037037037 0.75234375 0.27824074074074073 0.7546875 0.3486111111111111 0.753125 0.3574074074074074 0.7481770833333333 0.3597222222222222 0.7341145833333333 0.3587962962962963 0.7296875 0.3523148148148148 0.7278645833333334 0.29212962962962963 0.7260416666666667 0.28055555555555556 0.7265625 0.27037037037037037 0.7307291666666667 0.2611111111111111 0.7377604166666667 0.25601851851851853 0.7434895833333334 0.2564814814814815
0 0.07161458333333333 0.06666666666666667 0.08645833333333333 0.07453703703703704 0.08828125 0.08101851851851852 0.08828125 0.09259259259259259 0.08098958333333334 0.1439814814814815 0.07447916666666667 0.17314814814814813 0.07161458333333333 0.1787037037037037 0.06796875 0.18009259259259258 0.054947916666666666 0.17546296296296296 0.05026041666666667 0.1675925925925926 0.04895833333333333 0.15787037037037038 0.0515625 0.13333333333333333 0.06015625 0.08935185185185185 0.06510416666666667 0.0712962962962963 0.06770833333333333 0.06712962962962964 0.07135416666666666 0.06666666666666667
0 0.70703125 0.2537037037037037 0.7114583333333333 0.25833333333333336 0.7122395833333334 0.26342592592592595 0.7140625 0.325 0.7114583333333333 0.3527777777777778 0.7065104166666667 0.3574074074074074 0.7002604166666667 0.35833333333333334 0.6911458333333333 0.3560185185185185 0.68828125 0.3476851851851852 0.6875 0.26157407407407407 0.6885416666666667 0.2564814814814815 0.6919270833333333 0.25324074074074077 0.7067708333333333 0.2537037037037037
0 0.9604166666666667 0.12453703703703704 0.971875 0.12916666666666668 0.9765625 0.1425925925925926 0.9770833333333333 0.22361111111111112 0.9744791666666667 0.23148148148148148 0.9658854166666667 0.23657407407407408 0.953125 0.2324074074074074 0.9479166666666666 0.2175925925925926 0.946875 0.1449074074074074 0.9528645833333333 0.1287037037037037 0.96015625 0.12453703703703704
0 0.8151041666666666 0.5509259259259259 0.82109375 0.5527777777777778 0.8244791666666667 0.5587962962962963 0.82734375 0.5902777777777778 0.8268229166666666 0.6546296296296297 0.8244791666666667 0.6611111111111111 0.8153645833333333 0.6638888888888889 0.8052083333333333 0.6620370370370371 0.8 0.6532407407407408 0.80078125 0.6046296296296296 0.7989583333333333 0.5740740740740741 0.8013020833333333 0.5537037037037037 0.81484375 0.5509259259259259
0 0.8609375 0.6930555555555555 0.8661458333333333 0.6944444444444444 0.8713541666666667 0.7023148148148148 0.8744791666666667 0.7379629629629629 0.87421875 0.8064814814814815 0.8697916666666666 0.8125 0.8630208333333333 0.8138888888888889 0.8518229166666667 0.812037037037037 0.8479166666666667 0.8083333333333333 0.8440104166666667 0.7912037037037037 0.8463541666666666 0.7726851851851851 0.8442708333333333 0.7050925925925926 0.8489583333333334 0.6953703703703704 0.8606770833333334 0.6930555555555555
0 0.8989583333333333 0.25787037037037036 0.90859375 0.2657407407407407 0.9153645833333334 0.2986111111111111 0.9138020833333333 0.30694444444444446 0.91484375 0.35138888888888886 0.9135416666666667 0.3625 0.9080729166666667 0.36944444444444446 0.9013020833333333 0.37083333333333335 0.890625 0.36944444444444446 0.8828125 0.3597222222222222 0.8822916666666667 0.34953703703703703 0.8848958333333333 0.3384259259259259 0.88359375 0.30185185185185187 0.8830729166666667 0.29444444444444445 0.8794270833333333 0.28703703703703703 0.8861979166666667 0.2625 0.8986979166666667 0.25787037037037036
0 0.6622395833333333 0.8481481481481481 0.66875 0.8495370370370371 0.6729166666666667 0.8555555555555555 0.67421875 0.8791666666666667 0.671875 0.8949074074074074 0.628125 0.8976851851851851 0.6135416666666667 0.8967592592592593 0.60703125 0.8898148148148148 0.6049479166666667 0.8629629629629629 0.6083333333333333 0.8518518518518519 0.6130208333333333 0.8481481481481481 0.6619791666666667 0.8481481481481481
0 0.5497395833333333 0.5370370370370371 0.5583333333333333 0.5393518518518519 0.5609375 0.5430555555555555 0.5598958333333334 0.5995370370370371 0.5611979166666666 0.6162037037037037 0.5578125 0.6504629629629629 0.5473958333333333 0.6555555555555556 0.5403645833333334 0.6541666666666667 0.5348958333333333 0.649074074074074 0.53359375 0.6291666666666667 0.5361979166666667 0.5412037037037037 0.5393229166666667 0.5375 0.5494791666666666 0.5370370370370371
0 0.66953125 0.12453703703703704 0.6739583333333333 0.12824074074074074 0.6760416666666667 0.1388888888888889 0.6760416666666667 0.225 0.6729166666666667 0.2337962962962963 0.66328125 0.2388888888888889 0.6510416666666666 0.23472222222222222 0.6473958333333333 0.22592592592592592 0.65 0.15138888888888888 0.6513020833333333 0.1361111111111111 0.6544270833333333 0.12638888888888888 0.6692708333333334 0.12453703703703704
0 0.7838541666666666 0.5541666666666667 0.7888020833333333 0.5606481481481481 0.7908854166666667 0.5740740740740741 0.7924479166666667 0.6416666666666667 0.78984375 0.6555555555555556 0.7794270833333333 0.6601851851851852 0.7708333333333334 0.6583333333333333 0.765625 0.6462962962962963 0.7651041666666667 0.5884259259259259 0.7630208333333334 0.5689814814814815 0.7645833333333333 0.5597222222222222 0.76875 0.5546296296296296 0.7760416666666666 0.5523148148148148 0.78359375 0.5541666666666667
0 0.5940104166666667 0.12268518518518519 0.5997395833333333 0.1259259259259259 0.6013020833333333 0.13194444444444445 0.6005208333333333 0.21064814814814814 0.5994791666666667 0.22175925925925927 0.5963541666666666 0.22916666666666666 0.5885416666666666 0.2351851851851852 0.578125 0.23055555555555557 0.5739583333333333 0.21944444444444444 0.57578125 0.13287037037037036 0.5783854166666667 0.12453703703703704 0.59375 0.12268518518518519
0 0.5950520833333334 0.2439814814814815 0.6 0.2462962962962963 0.6020833333333333 0.25462962962962965 0.6026041666666667 0.3560185185185185 0.5958333333333333 0.3675925925925926 0.5880208333333333 0.3699074074074074 0.5817708333333333 0.36944444444444446 0.5776041666666667 0.36527777777777776 0.57421875 0.35185185185185186 0.5763020833333333 0.2587962962962963 0.5783854166666667 0.24675925925925926 0.5947916666666667 0.2439814814814815
0 0.9333333333333333 0.5518518518518518 0.9390625 0.5532407407407407 0.9447916666666667 0.5606481481481481 0.9486979166666667 0.5916666666666667 0.9494791666666667 0.6643518518518519 0.94609375 0.6736111111111112 0.9372395833333333 0.6768518518518518 0.9255208333333333 0.6736111111111112 0.9216145833333333 0.6652777777777777 0.9177083333333333 0.6129629629629629 0.9177083333333333 0.562962962962963 0.92421875 0.5532407407407407 0.9330729166666667 0.5518518518518518
0 0.6994791666666667 0.6842592592592592 0.7106770833333333 0.6902777777777778 0.7135416666666666 0.7032407407407407 0.7138020833333333 0.7722222222222223 0.7111979166666667 0.8 0.7067708333333333 0.8037037037037037 0.6885416666666667 0.8018518518518518 0.68359375 0.7944444444444444 0.6859375 0.6958333333333333 0.6916666666666667 0.6847222222222222 0.69921875 0.6842592592592592
0 0.7377604166666667 0.6949074074074074 0.7442708333333333 0.6976851851851852 0.746875 0.7027777777777777 0.7513020833333334 0.7712962962962963 0.7510416666666667 0.7828703703703703 0.7484375 0.7893518518518519 0.7388020833333333 0.7930555555555555 0.7286458333333333 0.7921296296296296 0.7260416666666667 0.787962962962963 0.72109375 0.711574074074074 0.7236979166666667 0.6986111111111111 0.7375 0.6949074074074074
0 0.5471354166666667 0.6787037037037037 0.5518229166666667 0.6819444444444445 0.5546875 0.6893518518518519 0.55625 0.7736111111111111 0.5549479166666667 0.7861111111111111 0.55234375 0.7921296296296296 0.5447916666666667 0.7972222222222223 0.5341145833333333 0.7949074074074074 0.5286458333333334 0.7828703703703703 0.5278645833333333 0.6981481481481482 0.52890625 0.6884259259259259 0.53203125 0.6814814814814815 0.5375 0.6782407407407407 0.546875 0.6787037037037037
0 0.6096354166666667 0.4152777777777778 0.62578125 0.43148148148148147 0.6328125 0.44583333333333336 0.6440104166666667 0.4597222222222222 0.65625 0.48055555555555557 0.6567708333333333 0.487962962962963 0.6544270833333333 0.49722222222222223 0.6471354166666666 0.512962962962963 0.64453125 0.5143518518518518 0.6330729166666667 0.5069444444444444 0.6177083333333333 0.4810185185185185 0.5953125 0.4513888888888889 0.5953125 0.43425925925925923 0.6020833333333333 0.4203703703703704 0.609375 0.4152777777777778
0 0.6268229166666667 0.5444444444444444 0.63203125 0.5504629629629629 0.63359375 0.5597222222222222 0.63671875 0.6449074074074074 0.6328125 0.6578703703703703 0.6265625 0.6625 0.6127604166666667 0.6615740740740741 0.6088541666666667 0.6537037037037037 0.60546875 0.575925925925926 0.6059895833333333 0.5532407407407407 0.6088541666666667 0.5462962962962963 0.6265625 0.5444444444444444
0 0.8541666666666666 0.13564814814814816 0.8583333333333333 0.13796296296296295 0.8604166666666667 0.14675925925925926 0.8609375 0.21157407407407408 0.8588541666666667 0.22685185185185186 0.8565104166666667 0.23148148148148148 0.8513020833333333 0.23425925925925925 0.8385416666666666 0.23287037037037037 0.8341145833333333 0.2263888888888889 0.8346354166666666 0.14166666666666666 0.8385416666666666 0.13518518518518519 0.85390625 0.13564814814814816
0 0.66328125 0.2671296296296296 0.66953125 0.2689814814814815 0.6723958333333333 0.27314814814814814 0.675 0.29259259259259257 0.67265625 0.34953703703703703 0.6713541666666667 0.35324074074074074 0.6640625 0.35555555555555557 0.6513020833333333 0.3541666666666667 0.6473958333333333 0.3458333333333333 0.64921875 0.3277777777777778 0.6479166666666667 0.29305555555555557 0.6494791666666667 0.27546296296296297 0.6528645833333333 0.26851851851851855 0.6630208333333333 0.2671296296296296
0 0.8526041666666667 0.2490740740740741 0.8578125 0.2513888888888889 0.8635416666666667 0.262037037037037 0.8677083333333333 0.32407407407407407 0.8674479166666667 0.34074074074074073 0.86484375 0.35138888888888886 0.8536458333333333 0.3560185185185185 0.8450520833333334 0.35555555555555557 0.8408854166666667 0.3490740740740741 0.8361979166666667 0.2712962962962963 0.8388020833333333 0.25462962962962965 0.85234375 0.2490740740740741
0 0.7229166666666667 0.3800925925925926 0.7518229166666667 0.38472222222222224 0.7559895833333333 0.38842592592592595 0.7578125 0.3972222222222222 0.75625 0.425462962962963 0.7486979166666666 0.4305555555555556 0.7020833333333333 0.4263888888888889 0.69609375 0.4217592592592593 0.6947916666666667 0.40694444444444444 0.696875 0.3861111111111111 0.7041666666666667 0.3800925925925926 0.72265625 0.3800925925925926
0 0.6315104166666666 0.24027777777777778 0.63671875 0.24351851851851852 0.6393229166666666 0.25092592592592594 0.6408854166666667 0.27037037037037037 0.6388020833333333 0.3037037037037037 0.640625 0.33240740740740743 0.6369791666666667 0.34814814814814815 0.6291666666666667 0.3523148148148148 0.6161458333333333 0.34953703703703703 0.61328125 0.3416666666666667 0.6127604166666667 0.25092592592592594 0.6153645833333333 0.24351851851851852 0.6190104166666667 0.24074074074074073 0.63125 0.24027777777777778
0 0.8973958333333333 0.562037037037037 0.90390625 0.5652777777777778 0.9072916666666667 0.5708333333333333 0.9091145833333333 0.6138888888888889 0.9078125 0.6597222222222222 0.9041666666666667 0.6680555555555555 0.8981770833333333 0.6708333333333333 0.8822916666666667 0.6671296296296296 0.8796875 0.6074074074074074 0.8809895833333333 0.5671296296296297 0.884375 0.5634259259259259 0.8971354166666666 0.562037037037037
0 0.66171875 0.975462962962963 0.6658854166666667 0.9777777777777777 0.6716145833333333 0.9879629629629629 0.6736979166666667 0.999537037037037 0.6453125 0.999537037037037 0.64609375 0.9879629629629629 0.6486979166666667 0.9800925925925926 0.6614583333333334 0.975462962962963
0 0.7377604166666667 0.5388888888888889 0.7489583333333333 0.5421296296296296 0.7513020833333334 0.5481481481481482 0.7518229166666667 0.6203703703703703 0.74921875 0.6402777777777777 0.7450520833333333 0.6444444444444445 0.7348958333333333 0.6453703703703704 0.7291666666666666 0.6421296296296296 0.7265625 0.6356481481481482 0.7270833333333333 0.5467592592592593 0.7291666666666666 0.5425925925925926 0.7375 0.5393518518518519
0 0.6268229166666667 0.10601851851851851 0.6325520833333333 0.10925925925925926 0.6359375 0.1162037037037037 0.63828125 0.15092592592592594 0.6364583333333333 0.1787037037037037 0.6369791666666667 0.20879629629629629 0.6338541666666667 0.21574074074074073 0.6270833333333333 0.21944444444444444 0.6153645833333333 0.21666666666666667 0.6109375 0.20462962962962963 0.6125 0.11944444444444445 0.6171875 0.10925925925925926 0.6265625 0.10601851851851851
0 0.9671875 0.25092592592592594 0.9723958333333333 0.25462962962962965 0.9763020833333333 0.26296296296296295 0.9776041666666667 0.3388888888888889 0.97578125 0.35555555555555557 0.9658854166666667 0.36342592592592593 0.953125 0.36018518518518516 0.9458333333333333 0.34814814814814815 0.94765625 0.30925925925925923 0.9458333333333333 0.2722222222222222 0.95234375 0.2537037037037037 0.9572916666666667 0.25046296296296294 0.9669270833333333 0.25092592592592594
0 0.8627604166666667 0.5560185185185185 0.86875 0.5601851851851852 0.8700520833333333 0.5652777777777778 0.8692708333333333 0.6162037037037037 0.8666666666666667 0.6648148148148149 0.8625 0.6754629629629629 0.8572916666666667 0.6777777777777778 0.8450520833333334 0.6754629629629629 0.8401041666666667 0.6666666666666666 0.8419270833333333 0.5805555555555556 0.8442708333333333 0.5638888888888889 0.8486979166666667 0.5555555555555556 0.8625 0.5560185185185185
0 0.709375 0.5592592592592592 0.7143229166666667 0.5634259259259259 0.7158854166666667 0.575 0.71640625 0.6166666666666667 0.7158854166666667 0.6231481481481481 0.7135416666666666 0.6268518518518519 0.6955729166666667 0.6268518518518519 0.6919270833333333 0.6217592592592592 0.6924479166666667 0.562962962962963 0.6989583333333333 0.5587962962962963 0.7091145833333333 0.5592592592592592
0 0.7846354166666667 0.6842592592592592 0.7875 0.6861111111111111 0.7911458333333333 0.6958333333333333 0.7934895833333333 0.7287037037037037 0.7940104166666667 0.7851851851851852 0.7927083333333333 0.7935185185185185 0.7880208333333333 0.8037037037037037 0.7794270833333333 0.8069444444444445 0.7684895833333333 0.8009259259259259 0.7651041666666667 0.7898148148148149 0.7643229166666666 0.6990740740740741 0.765625 0.6888888888888889 0.7684895833333333 0.6851851851851852 0.784375 0.6842592592592592
0 0.7033854166666667 0.12453703703703704 0.7111979166666667 0.12962962962962962 0.7125 0.18564814814814815 0.7106770833333333 0.21666666666666667 0.703125 0.22268518518518518 0.690625 0.22083333333333333 0.68671875 0.20972222222222223 0.6880208333333333 0.1310185185185185 0.6940104166666666 0.12546296296296297 0.703125 0.12453703703703704
0 0.7424479166666667 0.09259259259259259 0.7473958333333334 0.09537037037037037 0.7505208333333333 0.10324074074074074 0.7510416666666667 0.16527777777777777 0.7484375 0.20555555555555555 0.7458333333333333 0.21064814814814814 0.73828125 0.21481481481481482 0.7270833333333333 0.21342592592592594 0.7221354166666667 0.20601851851851852 0.7244791666666667 0.16111111111111112 0.7236979166666667 0.1259259259259259 0.72734375 0.09861111111111111 0.7309895833333333 0.09351851851851851 0.7421875 0.09259259259259259
0 0.5888020833333333 0.6925925925925925 0.5955729166666667 0.6995370370370371 0.5984375 0.7240740740740741 0.5947916666666667 0.7620370370370371 0.5942708333333333 0.8060185185185185 0.59140625 0.8143518518518519 0.584375 0.8203703703703704 0.5778645833333333 0.8199074074074074 0.5708333333333333 0.8148148148148148 0.56796875 0.8069444444444445 0.5674479166666667 0.7953703703703704 0.5703125 0.7657407407407407 0.5723958333333333 0.6995370370370371 0.57734375 0.6925925925925925 0.5885416666666666 0.6925925925925925
0 0.8145833333333333 0.2388888888888889 0.8203125 0.24074074074074073 0.8229166666666666 0.24537037037037038 0.8255208333333334 0.26342592592592595 0.8265625 0.2949074074074074 0.825 0.3236111111111111 0.81484375 0.3282407407407407 0.80703125 0.32731481481481484 0.8020833333333334 0.32083333333333336 0.80234375 0.274537037037037 0.80078125 0.2601851851851852 0.8010416666666667 0.25092592592592594 0.8041666666666667 0.2412037037037037 0.8143229166666667 0.2388888888888889
0 0.7778645833333333 0.23657407407407408 0.7869791666666667 0.24166666666666667 0.7901041666666667 0.24722222222222223 0.7919270833333333 0.2569444444444444 0.7916666666666666 0.3365740740740741 0.7893229166666667 0.3458333333333333 0.7815104166666667 0.3486111111111111 0.7723958333333333 0.3476851851851852 0.76640625 0.34120370370370373 0.7640625 0.3050925925925926 0.7651041666666667 0.24675925925925926 0.7729166666666667 0.23703703703703705 0.7776041666666667 0.23657407407407408
0 0.7760416666666666 0.11944444444444445 0.7828125 0.12175925925925926 0.7848958333333333 0.12731481481481483 0.7877604166666666 0.18472222222222223 0.7856770833333333 0.21342592592592594 0.7828125 0.22037037037037038 0.7768229166666667 0.22314814814814815 0.7630208333333334 0.2199074074074074 0.76015625 0.20833333333333334 0.7604166666666666 0.17777777777777778 0.7580729166666667 0.1587962962962963 0.75859375 0.13518518518518519 0.76171875 0.12361111111111112 0.765625 0.12037037037037036 0.77578125 0.11944444444444445
0 0.8161458333333333 0.6898148148148148 0.8234375 0.6925925925925925 0.8270833333333333 0.6986111111111111 0.828125 0.7666666666666667 0.8260416666666667 0.7930555555555555 0.8208333333333333 0.799074074074074 0.8151041666666666 0.8009259259259259 0.8049479166666667 0.7967592592592593 0.80078125 0.7847222222222222 0.8020833333333334 0.7328703703703704 0.7994791666666666 0.7018518518518518 0.803125 0.6921296296296297 0.8158854166666667 0.6898148148148148