0 0.88828125 0.12638888888888888 0.8950520833333333 0.12962962962962962 0.8971354166666666 0.13842592592592592 0.9 0.20046296296296295 0.8981770833333333 0.2361111111111111 0.8958333333333334 0.2412037037037037 0.8875 0.24351851851851852 0.8770833333333333 0.24259259259259258 0.871875 0.23425925925925925 0.8708333333333333 0.2111111111111111 0.8721354166666667 0.19212962962962962 0.8690104166666667 0.1527777777777778 0.8747395833333333 0.12962962962962962 0.8880208333333334 0.12638888888888888
0 0.66328125 0.6986111111111111 0.6731770833333334 0.7018518518518518 0.6752604166666667 0.7078703703703704 0.6752604166666667 0.7166666666666667 0.6734375 0.7935185185185185 0.67109375 0.8064814814814815 0.6625 0.8134259259259259 0.6533854166666667 0.812037037037037 0.6479166666666667 0.8064814814814815 0.64609375 0.7810185185185186 0.6473958333333333 0.725462962962963 0.65 0.7027777777777777 0.6541666666666667 0.6981481481481482 0.6630208333333333 0.6986111111111111
0 0.8111979166666666 0.10555555555555556 0.8161458333333333 0.10787037037037037 0.8216145833333334 0.11666666666666667 0.8247395833333333 0.14027777777777778 0.8252604166666667 0.16805555555555557 0.8213541666666667 0.2013888888888889 0.8177083333333334 0.20601851851851852 0.8104166666666667 0.20787037037037037 0.80234375 0.2064814814814815 0.796875 0.19907407407407407 0.7984375 0.17222222222222222 0.7955729166666666 0.12962962962962962 0.79765625 0.1162037037037037 0.8010416666666667 0.10925925925925926 0.8109375 0.10555555555555556
0 0.62734375 0.6796296296296296 0.6333333333333333 0.6810185185185185 0.63515625 0.6865740740740741 0.6377604166666667 0.7560185185185185 0.634375 0.8060185185185185 0.6302083333333334 0.8152777777777778 0.6247395833333333 0.8171296296296297 0.6114583333333333 0.8143518518518519 0.6067708333333334 0.8083333333333333 0.60546875 0.8013888888888889 0.6080729166666666 0.7805555555555556 0.60625 0.7574074074074074 0.60859375 0.7064814814814815 0.615625 0.6805555555555556 0.6270833333333333 0.6796296296296296
0 0.052083333333333336 0.22685185185185186 0.05911458333333333 0.23287037037037037 0.06067708333333333 0.25555555555555554 0.05703125 0.2722222222222222 0.055989583333333336 0.2902777777777778 0.046614583333333334 0.33287037037037037 0.04401041666666667 0.3384259259259259 0.040625 0.3398148148148148 0.0328125 0.3384259259259259 0.025260416666666667 0.33240740740740743 0.022135416666666668 0.324537037037037 0.022395833333333334 0.30833333333333335 0.029427083333333333 0.25972222222222224 0.036458333333333336 0.2300925925925926 0.03984375 0.225 0.05182291666666667 0.22685185185185186
0 0.7020833333333333 0.2537037037037037 0.7083333333333334 0.2564814814814815 0.71171875 0.26157407407407407 0.7138020833333333 0.31574074074074077 0.7111979166666667 0.3537037037037037 0.7 0.3597222222222222 0.6921875 0.3574074074074074 0.6888020833333334 0.3523148148148148 0.6864583333333333 0.2865740740740741 0.68828125 0.25833333333333336 0.6921875 0.25416666666666665 0.7018229166666666 0.2537037037037037
0 0.9651041666666667 0.12685185185185185 0.9747395833333333 0.1361111111111111 0.9770833333333333 0.1648148148148148 0.9770833333333333 0.22314814814814815 0.9747395833333333 0.2324074074074074 0.96796875 0.23796296296296296 0.95546875 0.23564814814814813 0.9486979166666667 0.22361111111111112 0.9481770833333333 0.16666666666666666 0.94609375 0.15833333333333333 0.9471354166666667 0.1449074074074074 0.9513020833333333 0.13194444444444445 0.95859375 0.12638888888888888 0.96484375 0.12685185185185185
0 0.8515625 0.1361111111111111 0.8580729166666666 0.13935185185185187 0.86015625 0.14675925925925926 0.8604166666666667 0.2152777777777778 0.8575520833333333 0.2310185185185185 0.85 0.23564814814814813 0.83828125 0.23425925925925925 0.8341145833333333 0.22870370370370371 0.8341145833333333 0.15231481481481482 0.8348958333333333 0.14074074074074075 0.83671875 0.13796296296296295 0.8513020833333333 0.1361111111111111
0 0.8169270833333333 0.5527777777777778 0.8216145833333334 0.5550925925925926 0.8255208333333334 0.5675925925925925 0.82734375 0.6439814814814815 0.8255208333333334 0.6606481481481481 0.81640625 0.6652777777777777 0.80390625 0.662962962962963 0.8002604166666667 0.6560185185185186 0.80078125 0.6055555555555555 0.7986979166666667 0.5708333333333333 0.8 0.5583333333333333 0.80234375 0.5541666666666667 0.8166666666666667 0.5527777777777778
0 0.7434895833333334 0.2574074074074074 0.7489583333333333 0.26157407407407407 0.7520833333333333 0.2722222222222222 0.7546875 0.3375 0.7533854166666667 0.3587962962962963 0.7453125 0.3625 0.7341145833333333 0.36157407407407405 0.7296875 0.35324074074074074 0.7252604166666666 0.28055555555555556 0.7268229166666667 0.2689814814814815 0.7309895833333333 0.26157407407407407 0.7375 0.2569444444444444 0.7432291666666667 0.2574074074074074
0 0.8596354166666667 0.6944444444444444 0.8692708333333333 0.6995370370370371 0.8731770833333333 0.7157407407407408 0.8744791666666667 0.8037037037037037 0.8729166666666667 0.8106481481481481 0.8661458333333333 0.8148148148148148 0.8505208333333333 0.8125 0.8440104166666667 0.7967592592592593 0.84609375 0.7597222222222222 0.8440104166666667 0.7069444444444445 0.8473958333333333 0.6981481481481482 0.859375 0.6944444444444444
0 0.8986979166666667 0.25925925925925924 0.9080729166666667 0.2662037037037037 0.9151041666666667 0.29907407407407405 0.9135416666666667 0.3106481481481482 0.9138020833333333 0.3625 0.9106770833333333 0.36944444444444446 0.9028645833333333 0.37222222222222223 0.8901041666666667 0.37083333333333335 0.8828125 0.36203703703703705 0.88203125 0.35185185185185186 0.8846354166666667 0.34074074074074073 0.88359375 0.3060185185185185 0.8828125 0.2967592592592593 0.8791666666666667 0.2898148148148148 0.8864583333333333 0.26342592592592595 0.8984375 0.25925925925925924
0 0.5979166666666667 0.8486111111111111 0.6299479166666667 0.85 0.63671875 0.8527777777777777 0.6403645833333333 0.8666666666666667 0.6388020833333333 0.8907407407407407 0.6338541666666667 0.8981481481481481 0.58828125 0.899074074074074 0.5778645833333333 0.8976851851851851 0.5723958333333333 0.8907407407407407 0.57109375 0.8842592592592593 0.571875 0.8601851851851852 0.5747395833333333 0.8523148148148149 0.578125 0.85 0.59765625 0.8486111111111111
0 0.553125 0.5393518518518519 0.5578125 0.5407407407407407 0.5606770833333333 0.5453703703703704 0.5606770833333333 0.5893518518518519 0.5591145833333333 0.5949074074074074 0.56015625 0.6319444444444444 0.5578125 0.6513888888888889 0.5552083333333333 0.6550925925925926 0.5484375 0.6569444444444444 0.5361979166666667 0.6532407407407408 0.5328125 0.6435185185185185 0.5354166666666667 0.5458333333333333 0.5388020833333333 0.5388888888888889 0.5528645833333333 0.5393518518518519
0 0.6625 0.12453703703703704 0.6708333333333333 0.12638888888888888 0.6739583333333333 0.1300925925925926 0.6765625 0.1712962962962963 0.6763020833333333 0.2273148148148148 0.67265625 0.2337962962962963 0.66328125 0.23981481481481481 0.6533854166666667 0.23796296296296296 0.6497395833333334 0.23425925925925925 0.6471354166666666 0.22546296296296298 0.6510416666666666 0.1375 0.65390625 0.12824074074074074 0.6622395833333333 0.12453703703703704
0 0.7794270833333333 0.5537037037037037 0.7864583333333334 0.5574074074074075 0.78984375 0.5675925925925925 0.7921875 0.638425925925926 0.7903645833333334 0.6546296296296297 0.7869791666666667 0.6592592592592592 0.7807291666666667 0.6611111111111111 0.7721354166666666 0.6611111111111111 0.7684895833333333 0.6569444444444444 0.765625 0.6481481481481481 0.76484375 0.5898148148148148 0.7630208333333334 0.5763888888888888 0.76328125 0.5671296296296297 0.7658854166666667 0.5583333333333333 0.7791666666666667 0.5537037037037037
0 0.5942708333333333 0.12407407407407407 0.5997395833333333 0.12777777777777777 0.6013020833333333 0.13425925925925927 0.6013020833333333 0.2 0.5979166666666667 0.22685185185185186 0.5927083333333333 0.23425925925925925 0.5880208333333333 0.2361111111111111 0.5778645833333333 0.23194444444444445 0.5734375 0.22037037037037038 0.57578125 0.13287037037037036 0.58125 0.12407407407407407 0.5940104166666667 0.12407407407407407
0 0.85703125 0.5560185185185185 0.8674479166666667 0.5597222222222222 0.8700520833333333 0.5694444444444444 0.8666666666666667 0.662962962962963 0.8622395833333333 0.6768518518518518 0.85703125 0.6796296296296296 0.8432291666666667 0.6754629629629629 0.8401041666666667 0.6694444444444444 0.8390625 0.6611111111111111 0.8434895833333333 0.5703703703703704 0.8484375 0.5583333333333333 0.8567708333333334 0.5560185185185185
0 0.5966145833333333 0.24583333333333332 0.6 0.24861111111111112 0.6010416666666667 0.25416666666666665 0.603125 0.3388888888888889 0.6015625 0.3592592592592593 0.5989583333333334 0.3662037037037037 0.59296875 0.37037037037037035 0.5815104166666667 0.3699074074074074 0.5747395833333333 0.3587962962962963 0.57578125 0.2740740740740741 0.5765625 0.25416666666666665 0.5786458333333333 0.24768518518518517 0.58515625 0.2449074074074074 0.5963541666666666 0.24583333333333332
0 0.9002604166666667 0.5643518518518519 0.90546875 0.5675925925925925 0.9078125 0.5740740740740741 0.9091145833333333 0.6314814814814815 0.9078125 0.6615740740740741 0.9057291666666667 0.6680555555555555 0.8989583333333333 0.6722222222222223 0.8856770833333333 0.6699074074074074 0.8815104166666666 0.6648148148148149 0.8791666666666667 0.5949074074074074 0.8799479166666667 0.5712962962962963 0.8817708333333333 0.5657407407407408 0.890625 0.562962962962963 0.9 0.5643518518518519
0 0.6994791666666667 0.6856481481481481 0.7106770833333333 0.6921296296296297 0.71328125 0.7046296296296296 0.7127604166666667 0.787962962962963 0.7111979166666667 0.8013888888888889 0.7072916666666667 0.8050925925925926 0.6885416666666667 0.8037037037037037 0.6833333333333333 0.7962962962962963 0.6859375 0.6962962962962963 0.6895833333333333 0.687962962962963 0.69921875 0.6856481481481481
0 0.7432291666666667 0.6981481481481482 0.7463541666666667 0.7027777777777777 0.7484375 0.7171296296296297 0.7510416666666667 0.7819444444444444 0.7486979166666666 0.7907407407407407 0.7390625 0.7944444444444444 0.728125 0.7935185185185185 0.7263020833333333 0.7902777777777777 0.7208333333333333 0.7060185185185185 0.7234375 0.700462962962963 0.7278645833333334 0.6976851851851852 0.74296875 0.6981481481481482
0 0.5453125 0.6796296296296296 0.5510416666666667 0.6824074074074075 0.5544270833333333 0.6902777777777778 0.5559895833333334 0.7726851851851851 0.5528645833333333 0.7925925925925926 0.54453125 0.799074074074074 0.5361979166666667 0.7981481481481482 0.53125 0.7930555555555555 0.52890625 0.7833333333333333 0.5268229166666667 0.7550925925925925 0.5286458333333334 0.6893518518518519 0.5330729166666667 0.6819444444444445 0.5450520833333333 0.6796296296296296
0 0.6122395833333333 0.41712962962962963 0.62734375 0.4351851851851852 0.6567708333333333 0.48333333333333334 0.6572916666666667 0.49074074074074076 0.6544270833333333 0.5023148148148148 0.6453125 0.5166666666666667 0.63359375 0.5087962962962963 0.5963541666666666 0.45 0.5955729166666667 0.44166666666666665 0.5986979166666667 0.4300925925925926 0.6057291666666667 0.41805555555555557 0.6119791666666666 0.41712962962962963
0 0.6268229166666667 0.5458333333333333 0.63125 0.5504629629629629 0.63359375 0.562037037037037 0.6364583333333333 0.6453703703703704 0.6346354166666667 0.6550925925925926 0.63125 0.6611111111111111 0.62265625 0.6643518518518519 0.6125 0.662962962962963 0.60859375 0.6541666666666667 0.6052083333333333 0.5657407407407408 0.6059895833333333 0.5537037037037037 0.60859375 0.5481481481481482 0.6265625 0.5458333333333333
0 0.7041666666666667 0.1259259259259259 0.7111979166666667 0.13194444444444445 0.7122395833333334 0.19768518518518519 0.7104166666666667 0.21944444444444444 0.7 0.22407407407407406 0.6890625 0.2212962962962963 0.6869791666666667 0.2162037037037037 0.6875 0.13518518518518519 0.690625 0.12777777777777777 0.70390625 0.1259259259259259
0 0.8140625 0.6902777777777778 0.8252604166666667 0.6953703703703704 0.8278645833333333 0.7037037037037037 0.8278645833333333 0.7694444444444445 0.825 0.7958333333333333 0.81796875 0.8009259259259259 0.8075520833333333 0.8 0.803125 0.7958333333333333 0.8010416666666667 0.7861111111111111 0.80234375 0.7333333333333333 0.79921875 0.7027777777777777 0.8044270833333333 0.6925925925925925 0.8138020833333334 0.6907407407407408
0 0.6596354166666667 0.26805555555555555 0.6697916666666667 0.2708333333333333 0.6734375 0.2810185185185185 0.67265625 0.3486111111111111 0.67109375 0.35462962962962963 0.6669270833333333 0.35648148148148145 0.6510416666666666 0.35509259259259257 0.6473958333333333 0.3458333333333333 0.6494791666666667 0.32175925925925924 0.6486979166666667 0.27870370370370373 0.6510416666666666 0.2712962962962963 0.659375 0.26805555555555555
0 0.71640625 0.38101851851851853 0.7552083333333334 0.3888888888888889 0.7578125 0.399537037037037 0.75625 0.42453703703703705 0.7552083333333334 0.4287037037037037 0.7484375 0.43194444444444446 0.7044270833333334 0.42824074074074076 0.696875 0.425 0.69453125 0.4083333333333333 0.696875 0.387037037037037 0.7026041666666667 0.3814814814814815 0.7161458333333334 0.38101851851851853
0 0.628125 0.24074074074074073 0.63515625 0.2439814814814815 0.63828125 0.2513888888888889 0.63984375 0.2791666666666667 0.6380208333333334 0.30092592592592593 0.640625 0.3226851851851852 0.6385416666666667 0.34629629629629627 0.6299479166666667 0.35324074074074074 0.615625 0.35 0.6125 0.33287037037037037 0.6125 0.25092592592592594 0.6158854166666666 0.24351851851851852 0.6278645833333333 0.24074074074074073
0 0.93671875 0.5532407407407407 0.9424479166666667 0.5578703703703703 0.9463541666666667 0.5689814814814815 0.9489583333333333 0.6046296296296296 0.94921875 0.649074074074074 0.9489583333333333 0.6648148148148149 0.9463541666666667 0.674537037037037 0.93671875 0.6782407407407407 0.9252604166666667 0.674537037037037 0.9216145833333333 0.6662037037037037 0.9171875 0.5712962962962963 0.9177083333333333 0.5638888888888889 0.92109375 0.5574074074074075 0.9283854166666666 0.5532407407407407 0.9364583333333333 0.5532407407407407
0 0.6627604166666666 0.9773148148148149 0.6716145833333333 0.9888888888888889 0.6736979166666667 0.999537037037037 0.6447916666666667 0.999537037037037 0.6458333333333334 0.9879629629629629 0.64921875 0.9805555555555555 0.6625 0.9773148148148149
0 0.853125 0.25046296296296294 0.859375 0.25462962962962965 0.8635416666666667 0.2652777777777778 0.8674479166666667 0.3388888888888889 0.86484375 0.3527777777777778 0.8528645833333334 0.35694444444444445 0.8442708333333333 0.35648148148148145 0.8403645833333333 0.3486111111111111 0.8356770833333333 0.27037037037037037 0.8369791666666667 0.25972222222222224 0.8395833333333333 0.25416666666666665 0.8528645833333334 0.25046296296296294
0 0.7434895833333334 0.5412037037037037 0.74921875 0.5444444444444444 0.7513020833333334 0.55 0.7515625 0.6273148148148148 0.7481770833333333 0.6430555555555556 0.7388020833333333 0.6472222222222223 0.7302083333333333 0.6449074074074074 0.7265625 0.637962962962963 0.7268229166666667 0.55 0.7302083333333333 0.5430555555555555 0.7432291666666667 0.5412037037037037
0 0.703125 0.5592592592592592 0.7106770833333333 0.5606481481481481 0.71484375 0.5666666666666667 0.71640625 0.5847222222222223 0.7153645833333333 0.6263888888888889 0.69609375 0.6282407407407408 0.6921875 0.625462962962963 0.6921875 0.5643518518518519 0.7028645833333333 0.5597222222222222
0 0.6270833333333333 0.10740740740740741 0.6338541666666667 0.11203703703703703 0.6356770833333333 0.11666666666666667 0.6377604166666667 0.13240740740740742 0.63828125 0.16435185185185186 0.6369791666666667 0.20972222222222223 0.6341145833333334 0.2162037037037037 0.6268229166666667 0.22037037037037038 0.6153645833333333 0.21805555555555556 0.6127604166666667 0.21388888888888888 0.6109375 0.20277777777777778 0.6122395833333333 0.11990740740740741 0.6161458333333333 0.1111111111111111 0.6268229166666667 0.10740740740740741
0 0.9635416666666666 0.25092592592592594 0.9716145833333333 0.2550925925925926 0.97578125 0.262037037037037 0.9783854166666667 0.3074074074074074 0.978125 0.337037037037037 0.97578125 0.3560185185185185 0.9705729166666667 0.362962962962963 0.9640625 0.3648148148148148 0.9528645833333333 0.36157407407407405 0.9450520833333333 0.34629629629629627 0.94765625 0.3074074074074074 0.94609375 0.27037037037037037 0.9520833333333333 0.25462962962962965 0.96328125 0.25092592592592594
0 0.58203125 0.6930555555555555 0.5901041666666667 0.6949074074074074 0.5953125 0.7 0.5981770833333333 0.7226851851851852 0.5940104166666667 0.7652777777777777 0.59453125 0.8032407407407407 0.5919270833333333 0.8138888888888889 0.5841145833333333 0.8217592592592593 0.5770833333333333 0.8212962962962963 0.5703125 0.8157407407407408 0.5669270833333333 0.799074074074074 0.5697916666666667 0.7657407407407407 0.5716145833333334 0.7027777777777777 0.57421875 0.6953703703703704 0.5817708333333333 0.6930555555555555
0 0.7859375 0.6865740740740741 0.7908854166666667 0.6958333333333333 0.7927083333333333 0.7152777777777778 0.7940104166666667 0.7837962962962963 0.790625 0.8009259259259259 0.7838541666666666 0.8078703703703703 0.7723958333333333 0.8069444444444445 0.7682291666666666 0.8027777777777778 0.765625 0.7953703703703704 0.7643229166666666 0.6995370370370371 0.7658854166666667 0.6888888888888889 0.7690104166666667 0.6856481481481481 0.7856770833333333 0.6865740740740741
0 0.7411458333333333 0.09351851851851851 0.7481770833333333 0.09768518518518518 0.7505208333333333 0.10555555555555556 0.7497395833333333 0.1865740740740741 0.7473958333333334 0.20972222222222223 0.7380208333333333 0.2162037037037037 0.7239583333333334 0.2125 0.7213541666666666 0.2050925925925926 0.7213541666666666 0.19305555555555556 0.7252604166666666 0.10555555555555556 0.7309895833333333 0.09490740740740741 0.7408854166666666 0.09351851851851851
0 0.8177083333333334 0.24074074074074073 0.8216145833333334 0.24305555555555555 0.8244791666666667 0.2523148148148148 0.8265625 0.30972222222222223 0.8244791666666667 0.32546296296296295 0.8143229166666667 0.32916666666666666 0.8044270833333333 0.3277777777777778 0.8015625 0.3212962962962963 0.8026041666666667 0.29259259259259257 0.80078125 0.25462962962962965 0.80390625 0.24259259259259258 0.8174479166666667 0.24074074074074073
0 0.7770833333333333 0.23796296296296296 0.7872395833333333 0.24351851851851852 0.79140625 0.2564814814814815 0.7916666666666666 0.3375 0.7885416666666667 0.3472222222222222 0.7796875 0.35 0.76875 0.34629629629629627 0.765625 0.3402777777777778 0.76484375 0.3314814814814815 0.7645833333333333 0.25 0.7684895833333333 0.24166666666666667 0.7768229166666667 0.23796296296296296
0 0.7822916666666667 0.12268518518518519 0.7846354166666667 0.12685185185185185 0.7859375 0.1439814814814815 0.7869791666666667 0.2037037037037037 0.7833333333333333 0.22083333333333333 0.7760416666666666 0.22546296296296298 0.7643229166666666 0.22083333333333333 0.7596354166666667 0.20972222222222223 0.76015625 0.19166666666666668 0.7575520833333333 0.15833333333333333 0.75859375 0.1361111111111111 0.7614583333333333 0.125 0.765625 0.12129629629629629 0.78203125 0.12268518518518519