0 0.8888020833333333 0.12314814814814815 0.89453125 0.12638888888888888 0.8963541666666667 0.13240740740740742 0.8989583333333333 0.17175925925925925 0.8984375 0.225 0.8953125 0.2375 0.88359375 0.24074074074074073 0.8752604166666667 0.23842592592592593 0.87109375 0.22777777777777777 0.8716145833333333 0.19444444444444445 0.8684895833333334 0.15046296296296297 0.87109375 0.13425925925925927 0.87421875 0.12638888888888888 0.8885416666666667 0.12314814814814815
0 0.8114583333333333 0.10231481481481482 0.8166666666666667 0.10555555555555556 0.82109375 0.11481481481481481 0.8244791666666667 0.14629629629629629 0.8244791666666667 0.1685185185185185 0.821875 0.19583333333333333 0.8171875 0.20185185185185187 0.8114583333333333 0.2037037037037037 0.8036458333333333 0.20277777777777778 0.7963541666666667 0.19305555555555556 0.7981770833333334 0.17083333333333334 0.7958333333333333 0.13055555555555556 0.7966145833333333 0.11666666666666667 0.8 0.10694444444444444 0.8033854166666666 0.10324074074074074 0.8111979166666666 0.10231481481481482
0 0.62421875 0.6837962962962963 0.63125 0.6875 0.6338541666666667 0.6925925925925925 0.6361979166666667 0.7657407407407407 0.6341145833333334 0.8037037037037037 0.6294270833333333 0.8125 0.6216145833333333 0.8143518518518519 0.6125 0.8125 0.6088541666666667 0.8087962962962963 0.60546875 0.8 0.60546875 0.7893518518518519 0.6088541666666667 0.6958333333333333 0.6135416666666667 0.6861111111111111 0.6239583333333333 0.6837962962962963
0 0.7419270833333333 0.2537037037037037 0.74921875 0.26064814814814813 0.7518229166666667 0.2722222222222222 0.7546875 0.3384259259259259 0.7520833333333333 0.35555555555555557 0.7419270833333333 0.35833333333333334 0.7333333333333333 0.3574074074074074 0.72890625 0.34953703703703703 0.7255208333333333 0.27361111111111114 0.7307291666666667 0.2564814814814815 0.7416666666666667 0.2537037037037037
0 0.25078125 0.13425925925925927 0.2596354166666667 0.14027777777777778 0.26119791666666664 0.14722222222222223 0.25625 0.1962962962962963 0.25494791666666666 0.20092592592592592 0.25078125 0.20324074074074075 0.23776041666666667 0.19907407407407407 0.23385416666666667 0.19583333333333333 0.23177083333333334 0.18981481481481483 0.23776041666666667 0.14444444444444443 0.24192708333333332 0.13518518518518519 0.25052083333333336 0.13425925925925927
0 0.70390625 0.25092592592592594 0.71015625 0.25555555555555554 0.7119791666666667 0.26296296296296295 0.71171875 0.3458333333333333 0.70859375 0.3523148148148148 0.7010416666666667 0.35462962962962963 0.6919270833333333 0.35324074074074074 0.68828125 0.3476851851851852 0.6859375 0.2814814814814815 0.6869791666666667 0.25972222222222224 0.6893229166666667 0.2523148148148148 0.7036458333333333 0.25092592592592594
0 0.9653645833333333 0.12407407407407407 0.9716145833333333 0.12824074074074074 0.9755208333333333 0.13703703703703704 0.97734375 0.2050925925925926 0.9752604166666666 0.2263888888888889 0.9708333333333333 0.23287037037037037 0.965625 0.2351851851851852 0.9559895833333333 0.23287037037037037 0.9473958333333333 0.22037037037037038 0.9473958333333333 0.16342592592592592 0.9455729166666667 0.15555555555555556 0.946875 0.14027777777777778 0.95 0.1300925925925926 0.9572916666666667 0.12314814814814815 0.9651041666666667 0.12407407407407407
0 0.8494791666666667 0.13240740740740742 0.8567708333333334 0.13518518518518519 0.8598958333333333 0.14305555555555555 0.8606770833333334 0.20046296296296295 0.8591145833333333 0.22314814814814815 0.85390625 0.23055555555555557 0.84921875 0.2324074074074074 0.8380208333333333 0.23148148148148148 0.8346354166666666 0.22824074074074074 0.8330729166666667 0.22037037037037038 0.8338541666666667 0.1398148148148148 0.8375 0.13333333333333333 0.84921875 0.13240740740740742
0 0.81484375 0.549074074074074 0.8205729166666667 0.5509259259259259 0.8234375 0.5560185185185185 0.8268229166666666 0.5861111111111111 0.8260416666666667 0.6541666666666667 0.8223958333333333 0.6597222222222222 0.81484375 0.6625 0.8041666666666667 0.6601851851851852 0.8 0.6541666666666667 0.7997395833333333 0.5986111111111111 0.7981770833333334 0.5824074074074074 0.7997395833333333 0.5532407407407407 0.8033854166666666 0.549537037037037 0.8145833333333333 0.549074074074074
0 0.6794270833333333 0.42592592592592593 0.6880208333333333 0.42824074074074076 0.6919270833333333 0.4324074074074074 0.69296875 0.4537037037037037 0.6924479166666667 0.5226851851851851 0.6890625 0.5351851851851852 0.6807291666666667 0.5388888888888889 0.66875 0.5333333333333333 0.665625 0.5171296296296296 0.6690104166666667 0.4356481481481482 0.6716145833333333 0.4287037037037037 0.6791666666666667 0.42592592592592593
0 0.8651041666666667 0.6921296296296297 0.86953125 0.6967592592592593 0.8723958333333334 0.7097222222222223 0.8744791666666667 0.7773148148148148 0.8736979166666666 0.8046296296296296 0.8703125 0.8106481481481481 0.8653645833333333 0.8125 0.85234375 0.8111111111111111 0.8471354166666667 0.8041666666666667 0.84453125 0.7893518518518519 0.8450520833333334 0.7388888888888889 0.8427083333333333 0.7166666666666667 0.84375 0.7037037037037037 0.84765625 0.6949074074074074 0.85390625 0.6916666666666667 0.86484375 0.6921296296296297
0 0.853125 0.24722222222222223 0.8596354166666667 0.25277777777777777 0.86328125 0.26157407407407407 0.8671875 0.3351851851851852 0.8638020833333333 0.3509259259259259 0.8489583333333334 0.3541666666666667 0.8419270833333333 0.35138888888888886 0.8393229166666667 0.3421296296296296 0.8348958333333333 0.2652777777777778 0.8356770833333333 0.2587962962962963 0.83984375 0.25092592592592594 0.8528645833333334 0.24722222222222223
0 0.4471354166666667 0.449537037037037 0.44947916666666665 0.45555555555555555 0.4484375 0.49074074074074076 0.4466145833333333 0.4962962962962963 0.44114583333333335 0.4986111111111111 0.43255208333333334 0.49722222222222223 0.42890625 0.4912037037037037 0.42734375 0.4666666666666667 0.42864583333333334 0.4597222222222222 0.43255208333333334 0.45416666666666666 0.446875 0.449537037037037
0 0.5903645833333333 0.2412037037037037 0.5981770833333333 0.24305555555555555 0.60078125 0.25046296296296294 0.60234375 0.3490740740740741 0.5986979166666667 0.3625 0.5901041666666667 0.3675925925925926 0.57734375 0.36435185185185187 0.5736979166666667 0.35185185185185186 0.575 0.25555555555555554 0.5778645833333333 0.24444444444444444 0.5901041666666667 0.2412037037037037
0 0.6231770833333333 0.5416666666666666 0.6299479166666667 0.5453703703703704 0.6322916666666667 0.5532407407407407 0.6359375 0.638425925925926 0.6338541666666667 0.6527777777777778 0.6299479166666667 0.6587962962962963 0.6247395833333333 0.6606481481481481 0.6127604166666667 0.6597222222222222 0.6091145833333333 0.6550925925925926 0.6052083333333333 0.5953703703703703 0.6049479166666667 0.5564814814814815 0.6065104166666667 0.5472222222222223 0.6119791666666666 0.5425925925925926 0.6229166666666667 0.5416666666666666
0 0.6671875 0.12129629629629629 0.67265625 0.12453703703703704 0.67578125 0.13472222222222222 0.6752604166666667 0.2212962962962963 0.67265625 0.22870370370370371 0.66171875 0.23657407407407408 0.6526041666666667 0.23425925925925925 0.6473958333333333 0.22685185185185186 0.6473958333333333 0.18611111111111112 0.65 0.1398148148148148 0.65234375 0.12638888888888888 0.6578125 0.12129629629629629 0.6669270833333333 0.12129629629629629
0 0.78125 0.5509259259259259 0.7864583333333334 0.5541666666666667 0.7895833333333333 0.5648148148148148 0.7919270833333333 0.638425925925926 0.7888020833333333 0.6541666666666667 0.7802083333333333 0.6583333333333333 0.7716145833333333 0.6578703703703703 0.765625 0.6467592592592593 0.7627604166666667 0.5675925925925925 0.7643229166666666 0.5574074074074075 0.7669270833333334 0.5537037037037037 0.7809895833333333 0.5509259259259259
0 0.9401041666666666 0.5523148148148148 0.94375 0.5574074074074075 0.9466145833333334 0.5675925925925925 0.9489583333333333 0.6087962962962963 0.94921875 0.6611111111111111 0.9453125 0.6722222222222223 0.93828125 0.675 0.9252604166666667 0.6722222222222223 0.9216145833333333 0.6648148148148149 0.9177083333333333 0.6134259259259259 0.9192708333333334 0.6018518518518519 0.9166666666666666 0.5833333333333334 0.9166666666666666 0.5666666666666667 0.9182291666666667 0.5578703703703703 0.9216145833333333 0.5527777777777778 0.92890625 0.55 0.93984375 0.5523148148148148
0 0.5848958333333333 0.6898148148148148 0.5903645833333333 0.6921296296296297 0.5953125 0.6990740740740741 0.5971354166666667 0.7175925925925926 0.5953125 0.7314814814814815 0.5953125 0.7833333333333333 0.5934895833333333 0.8041666666666667 0.5890625 0.8157407407407408 0.5833333333333334 0.8189814814814815 0.5703125 0.8148148148148148 0.5669270833333333 0.8074074074074075 0.5666666666666667 0.7962962962962963 0.5697916666666667 0.7583333333333333 0.5708333333333333 0.6972222222222222 0.57421875 0.6912037037037037 0.5846354166666666 0.6898148148148148
0 0.7010416666666667 0.6828703703703703 0.7104166666666667 0.6888888888888889 0.7127604166666667 0.6986111111111111 0.71171875 0.7930555555555555 0.7096354166666666 0.8 0.7041666666666667 0.8018518518518518 0.6890625 0.8004629629629629 0.6825520833333333 0.7925925925925926 0.6854166666666667 0.6939814814814815 0.6895833333333333 0.6842592592592592 0.70078125 0.6828703703703703
0 0.7393229166666667 0.6935185185185185 0.74375 0.6958333333333333 0.7471354166666667 0.7060185185185185 0.75078125 0.7782407407407408 0.74765625 0.788425925925926 0.7325520833333333 0.7912037037037037 0.72734375 0.7902777777777777 0.725 0.7861111111111111 0.7200520833333334 0.7064814814814815 0.72421875 0.6962962962962963 0.7390625 0.6935185185185185
0 0.5416666666666666 0.6763888888888889 0.5510416666666667 0.6805555555555556 0.5549479166666667 0.6958333333333333 0.55390625 0.7828703703703703 0.5510416666666667 0.7912037037037037 0.5450520833333333 0.7953703703703704 0.5315104166666667 0.7916666666666666 0.52890625 0.7865740740740741 0.52734375 0.7694444444444445 0.5276041666666667 0.6875 0.5330729166666667 0.6782407407407407 0.54140625 0.6763888888888889
0 0.7028645833333333 0.12268518518518519 0.7106770833333333 0.1287037037037037 0.7119791666666667 0.15092592592592594 0.7111979166666667 0.20879629629629629 0.70859375 0.21666666666666667 0.703125 0.22037037037037038 0.69140625 0.21944444444444444 0.68828125 0.21666666666666667 0.6861979166666666 0.20972222222222223 0.68671875 0.1300925925925926 0.6901041666666666 0.12453703703703704 0.7026041666666667 0.12268518518518519
0 0.6643229166666667 0.26481481481481484 0.6716145833333333 0.2712962962962963 0.6736979166666667 0.29212962962962963 0.671875 0.3458333333333333 0.6700520833333333 0.350462962962963 0.6643229166666667 0.3527777777777778 0.6515625 0.3523148148148148 0.6471354166666666 0.34629629629629627 0.6481770833333333 0.2740740740740741 0.65078125 0.2671296296296296 0.65390625 0.2652777777777778 0.6640625 0.26481481481481484
0 0.5513020833333333 0.5351851851851852 0.5580729166666667 0.537962962962963 0.5598958333333334 0.5430555555555555 0.56015625 0.6236111111111111 0.5575520833333333 0.6472222222222223 0.5505208333333333 0.6532407407407408 0.5348958333333333 0.649074074074074 0.5325520833333334 0.6430555555555556 0.53203125 0.6324074074074074 0.53515625 0.5388888888888889 0.540625 0.5347222222222222 0.5510416666666667 0.5351851851851852
0 0.7901041666666667 0.4027777777777778 0.8315104166666667 0.40879629629629627 0.8416666666666667 0.412962962962963 0.8434895833333333 0.4263888888888889 0.8424479166666666 0.44907407407407407 0.8385416666666666 0.45416666666666666 0.83046875 0.45555555555555555 0.7838541666666666 0.45046296296296295 0.7770833333333333 0.4462962962962963 0.7729166666666667 0.4300925925925926 0.7760416666666666 0.40925925925925927 0.7796875 0.4046296296296296 0.78984375 0.4027777777777778
0 0.6278645833333333 0.23703703703703705 0.63515625 0.24074074074074073 0.6385416666666667 0.25046296296296294 0.6372395833333333 0.30185185185185187 0.63984375 0.32592592592592595 0.6364583333333333 0.34629629629629627 0.6236979166666666 0.35138888888888886 0.6153645833333333 0.3486111111111111 0.6122395833333333 0.3402777777777778 0.6119791666666666 0.2513888888888889 0.6127604166666667 0.2449074074074074 0.615625 0.24074074074074073 0.6276041666666666 0.23703703703703705
0 0.8963541666666667 0.5601851851851852 0.9028645833333333 0.562962962962963 0.9059895833333333 0.5680555555555555 0.90859375 0.6180555555555556 0.9078125 0.6574074074074074 0.9044270833333333 0.6662037037037037 0.8981770833333333 0.6689814814814815 0.8817708333333333 0.6657407407407407 0.8794270833333333 0.6189814814814815 0.8809895833333333 0.5648148148148148 0.8864583333333333 0.5601851851851852 0.89609375 0.5601851851851852
0 0.6614583333333334 0.975462962962963 0.671875 0.9847222222222223 0.6747395833333333 0.9939814814814815 0.6744791666666666 0.999537037037037 0.6455729166666667 0.999537037037037 0.64921875 0.9800925925925926 0.6611979166666667 0.975462962962963
0 0.778125 0.23472222222222222 0.7875 0.2412037037037037 0.7908854166666667 0.2513888888888889 0.79140625 0.26481481481481484 0.7908854166666667 0.33425925925925926 0.7875 0.3439814814814815 0.7802083333333333 0.3472222222222222 0.7703125 0.3453703703703704 0.7653645833333333 0.3384259259259259 0.7638020833333333 0.30416666666666664 0.7635416666666667 0.25324074074074077 0.76484375 0.24444444444444444 0.7708333333333334 0.23657407407407408 0.7778645833333333 0.23472222222222222
0 0.7471354166666667 0.5402777777777777 0.7502604166666667 0.5430555555555555 0.7513020833333334 0.55 0.75078125 0.6268518518518519 0.7479166666666667 0.6393518518518518 0.7395833333333334 0.6439814814814815 0.7302083333333333 0.6421296296296296 0.7263020833333333 0.6370370370370371 0.7260416666666667 0.5476851851851852 0.7270833333333333 0.5416666666666666 0.7302083333333333 0.5388888888888889 0.7411458333333333 0.5375 0.746875 0.5402777777777777
0 0.6283854166666667 0.10416666666666667 0.6346354166666667 0.11064814814814815 0.63671875 0.12037037037037036 0.6372395833333333 0.2037037037037037 0.634375 0.21203703703703702 0.62578125 0.2175925925925926 0.6153645833333333 0.21574074074074073 0.6104166666666667 0.20601851851851852 0.6125 0.14027777777777778 0.6114583333333333 0.11851851851851852 0.6125 0.1125 0.6190104166666667 0.10462962962962963 0.628125 0.10416666666666667
0 0.9638020833333333 0.24814814814814815 0.97109375 0.2513888888888889 0.975 0.25787037037037036 0.9776041666666667 0.28935185185185186 0.97578125 0.3490740740740741 0.9736979166666667 0.35648148148148145 0.9651041666666667 0.36203703703703705 0.9526041666666667 0.3578703703703704 0.9450520833333333 0.3449074074074074 0.9471354166666667 0.30092592592592593 0.9450520833333333 0.2763888888888889 0.94609375 0.26435185185185184 0.9520833333333333 0.2513888888888889 0.9635416666666666 0.24814814814814815
0 0.8567708333333334 0.5527777777777778 0.8666666666666667 0.5564814814814815 0.8697916666666666 0.5648148148148148 0.8671875 0.6583333333333333 0.8640625 0.6699074074074074 0.8572916666666667 0.6759259259259259 0.8447916666666667 0.6736111111111112 0.8401041666666667 0.6680555555555555 0.8388020833333333 0.6620370370370371 0.8416666666666667 0.5805555555555556 0.8440104166666667 0.5638888888888889 0.8484375 0.5537037037037037 0.8565104166666667 0.5527777777777778
0 0.5927083333333333 0.12037037037037036 0.5984375 0.12314814814814815 0.6002604166666666 0.12824074074074074 0.6002604166666666 0.20092592592592592 0.5989583333333334 0.22083333333333333 0.5924479166666666 0.23055555555555557 0.5885416666666666 0.2324074074074074 0.5802083333333333 0.2310185185185185 0.5744791666666667 0.22407407407407406 0.5731770833333333 0.21898148148148147 0.5744791666666667 0.14166666666666666 0.5770833333333333 0.12268518518518519 0.5924479166666666 0.12037037037037036
0 0.66796875 0.6962962962962963 0.6731770833333334 0.6990740740740741 0.6744791666666666 0.7046296296296296 0.6734375 0.7796296296296297 0.66953125 0.8041666666666667 0.6627604166666666 0.8101851851851852 0.6505208333333333 0.8078703703703703 0.64609375 0.7967592592592593 0.646875 0.7157407407407408 0.6473958333333333 0.7064814814814815 0.65078125 0.6953703703703704 0.6677083333333333 0.6962962962962963
0 0.7072916666666667 0.5564814814814815 0.7122395833333334 0.5592592592592592 0.7143229166666667 0.5648148148148148 0.7153645833333333 0.6166666666666667 0.7135416666666666 0.6240740740740741 0.70703125 0.625 0.6927083333333334 0.6240740740740741 0.6911458333333333 0.6194444444444445 0.69140625 0.5615740740740741 0.6958333333333333 0.5569444444444445 0.70703125 0.5564814814814815
0 0.7809895833333333 0.6819444444444445 0.7877604166666666 0.6856481481481481 0.7908854166666667 0.6958333333333333 0.7934895833333333 0.7782407407407408 0.7932291666666667 0.7888888888888889 0.7903645833333334 0.7981481481481482 0.7825520833333334 0.8050925925925926 0.771875 0.8023148148148148 0.765625 0.7930555555555555 0.76328125 0.7148148148148148 0.7653645833333333 0.6865740740740741 0.7721354166666666 0.6819444444444445 0.7807291666666667 0.6819444444444445
0 0.8169270833333333 0.2375 0.821875 0.2412037037037037 0.8247395833333333 0.25416666666666665 0.8263020833333333 0.300462962962963 0.825 0.32175925925925924 0.8161458333333333 0.32592592592592595 0.8067708333333333 0.32546296296296295 0.8020833333333334 0.32037037037037036 0.7997395833333333 0.25324074074074077 0.8033854166666666 0.23981481481481481 0.8166666666666667 0.2375
0 0.7768229166666667 0.1175925925925926 0.7825520833333334 0.11990740740740741 0.784375 0.12638888888888888 0.7869791666666667 0.20185185185185187 0.78359375 0.2162037037037037 0.7763020833333333 0.22175925925925927 0.7674479166666667 0.22037037037037038 0.7596354166666667 0.20972222222222223 0.7578125 0.13287037037037036 0.7619791666666667 0.11990740740740741 0.7765625 0.1175925925925926
0 0.9013020833333333 0.2564814814814815 0.9088541666666666 0.2657407407407407 0.91484375 0.2967592592592593 0.9130208333333333 0.3101851851851852 0.9138020833333333 0.3560185185185185 0.9119791666666667 0.362962962962963 0.9033854166666667 0.3685185185185185 0.8877604166666667 0.36666666666666664 0.8817708333333333 0.35555555555555557 0.884375 0.3300925925925926 0.8822916666666667 0.2935185185185185 0.8791666666666667 0.2861111111111111 0.8802083333333334 0.27685185185185185 0.8856770833333333 0.2601851851851852 0.890625 0.2564814814814815 0.9010416666666666 0.2564814814814815
0 0.8216145833333334 0.6893518518518519 0.8270833333333333 0.6990740740740741 0.8270833333333333 0.7699074074074074 0.8255208333333334 0.7921296296296296 0.8174479166666667 0.7986111111111112 0.803125 0.7935185185185185 0.7997395833333333 0.7824074074074074 0.80078125 0.7342592592592593 0.79921875 0.7291666666666666 0.7984375 0.7023148148148148 0.8002604166666667 0.6925925925925925 0.8036458333333333 0.6888888888888889 0.8213541666666667 0.6893518518518519