0 0.1125 0.337037037037037 0.05625 0.040740740740740744
0 0.5927083333333333 0.23981481481481481 0.058333333333333334 0.04259259259259259
0 0.7057291666666666 0.24166666666666667 0.051041666666666666 0.046296296296296294
0 0.7635416666666667 0.38981481481481484 0.06458333333333334 0.04259259259259259
0 0.9390625 0.575925925925926 0.05520833333333333 0.040740740740740744
0 0.11927083333333334 0.287962962962963 0.051041666666666666 0.04259259259259259
0 0.8765625 0.2537037037037037 0.057291666666666664 0.040740740740740744
0 0.8786458333333333 0.3435185185185185 0.059375 0.04259259259259259
0 0.43020833333333336 0.287962962962963 0.052083333333333336 0.03888888888888889
0 0.8786458333333333 0.4305555555555556 0.05520833333333333 0.046296296296296294
0 0.9359375 0.24722222222222223 0.051041666666666666 0.03888888888888889
0 0.275 0.2916666666666667 0.05 0.03888888888888889
0 0.9427083333333334 0.6240740740740741 0.05416666666666667 0.040740740740740744
0 0.59765625 0.5319444444444444 0.06510416666666667 0.04537037037037037
0 0.10572916666666667 0.8685185185185185 0.057291666666666664 0.040740740740740744
0 0.42916666666666664 0.774074074074074 0.058333333333333334 0.040740740740740744
0 0.2791666666666667 0.24074074074074073 0.04375 0.040740740740740744
0 0.9442708333333333 0.43703703703703706 0.06145833333333333 0.037037037037037035
0 0.7635416666666667 0.18703703703703703 0.07708333333333334 0.05185185185185185
0 0.9421875 0.3861111111111111 0.065625 0.03888888888888889
0 0.2703125 0.3351851851851852 0.046875 0.037037037037037035
0 0.8875 0.48148148148148145 0.06875 0.037037037037037035
0 0.37604166666666666 0.3861111111111111 0.05 0.04259259259259259
0 0.27447916666666666 0.6759259259259259 0.05520833333333333 0.044444444444444446
0 0.76875 0.6805555555555556 0.0625 0.03518518518518519
0 0.5411458333333333 0.725925925925926 0.06354166666666666 0.044444444444444446
0 0.0515625 0.5277777777777778 0.05520833333333333 0.037037037037037035
0 0.0515625 0.7166666666666667 0.053125 0.03333333333333333
0 0.5359375 0.8222222222222222 0.059375 0.044444444444444446
0 0.21875 0.575925925925926 0.05 0.040740740740740744
0 0.2755208333333333 0.5740740740740741 0.051041666666666666 0.040740740740740744
0 0.7078125 0.7240740740740741 0.053125 0.040740740740740744
0 0.9510416666666667 0.8712962962962963 0.0625 0.04259259259259259
0 0.4046875 0.8796296296296297 0.09270833333333334 0.05185185185185185
0 0.6 0.5796296296296296 0.05 0.040740740740740744
0 0.43125 0.7148148148148148 0.06458333333333334 0.040740740740740744
0 0.7640625 0.5796296296296296 0.057291666666666664 0.040740740740740744
0 0.6 0.8287037037037037 0.05625 0.03888888888888889
0 0.7609375 0.3351851851851852 0.05520833333333333 0.040740740740740744
0 0.8760416666666667 0.20555555555555555 0.052083333333333336 0.040740740740740744
0 0.2703125 0.38055555555555554 0.04895833333333333 0.03888888888888889
0 0.11875 0.38425925925925924 0.04583333333333333 0.03888888888888889
0 0.7614583333333333 0.8694444444444445 0.06666666666666667 0.04259259259259259
0 0.8864583333333333 0.5324074074074074 0.058333333333333334 0.03888888888888889
0 0.7682291666666666 0.7222222222222222 0.057291666666666664 0.037037037037037035
0 0.9322916666666666 0.20185185185185187 0.04791666666666667 0.040740740740740744
0 0.7015625 0.29907407407407405 0.051041666666666666 0.03888888888888889
0 0.37864583333333335 0.625 0.053125 0.04259259259259259
0 0.10677083333333333 0.5416666666666666 0.06770833333333333 0.046296296296296294
0 0.7671875 0.6314814814814815 0.059375 0.040740740740740744
0 0.946875 0.29074074074074074 0.04791666666666667 0.037037037037037035
0 0.1203125 0.4351851851851852 0.05520833333333333 0.037037037037037035
0 0.058333333333333334 0.43425925925925923 0.052083333333333336 0.03888888888888889
0 0.7046875 0.5509259259259259 0.06145833333333333 0.046296296296296294
0 0.1125 0.6731481481481482 0.05 0.03888888888888889
0 0.43645833333333334 0.5740740740740741 0.05416666666666667 0.040740740740740744
0 0.37395833333333334 0.8203703703703704 0.052083333333333336 0.040740740740740744
0 0.6041666666666666 0.6296296296296297 0.05625 0.040740740740740744
0 0.20729166666666668 0.8777777777777778 0.05 0.044444444444444446
0 0.11666666666666667 0.48055555555555557 0.04791666666666667 0.03888888888888889
0 0.5411458333333333 0.48518518518518516 0.06354166666666666 0.040740740740740744
0 0.05677083333333333 0.48333333333333334 0.05520833333333333 0.037037037037037035
0 0.4322916666666667 0.4305555555555556 0.05625 0.03888888888888889
0 0.9494791666666667 0.7703703703703704 0.05520833333333333 0.037037037037037035
0 0.375 0.9712962962962963 0.05416666666666667 0.04259259259259259
0 0.5354166666666667 0.8851851851851852 0.0625 0.044444444444444446
0 0.1078125 0.8157407407407408 0.053125 0.03518518518518519
0 0.2682291666666667 0.4351851851851852 0.04895833333333333 0.037037037037037035
0 0.3796875 0.337037037037037 0.04895833333333333 0.040740740740740744
0 0.8817708333333333 0.575925925925926 0.051041666666666666 0.037037037037037035
0 0.15625 0.028703703703703703 0.05625 0.05
0 0.27291666666666664 0.8175925925925925 0.05625 0.03518518518518519
0 0.5390625 0.3851851851851852 0.057291666666666664 0.040740740740740744
0 0.4348958333333333 0.3814814814814815 0.057291666666666664 0.037037037037037035
0 0.7604166666666666 0.24444444444444444 0.05 0.040740740740740744
0 0.5953125 0.7805555555555556 0.059375 0.04259259259259259
0 0.4317708333333333 0.2462962962962963 0.036458333333333336 0.03333333333333333
0 0.1125 0.7212962962962963 0.03958333333333333 0.03518518518518519
0 0.7557291666666667 0.49166666666666664 0.04895833333333333 0.03888888888888889
0 0.8817708333333333 0.6277777777777778 0.057291666666666664 0.040740740740740744
0 0.0609375 0.2962962962962963 0.051041666666666666 0.040740740740740744
0 0.3848958333333333 0.24814814814814815 0.04895833333333333 0.037037037037037035
0 0.6010416666666667 0.42685185185185187 0.058333333333333334 0.046296296296296294
0 0.7635416666666667 0.8212962962962963 0.052083333333333336 0.03518518518518519
0 0.60625 0.33287037037037037 0.07916666666666666 0.04722222222222222
0 0.8880208333333334 0.8203703703703704 0.05520833333333333 0.040740740740740744
0 0.21666666666666667 0.7685185185185185 0.05 0.037037037037037035
0 0.05520833333333333 0.6453703703703704 0.052083333333333336 0.03888888888888889
0 0.21822916666666667 0.6222222222222222 0.051041666666666666 0.037037037037037035
0 0.06875 0.2490740740740741 0.05 0.03888888888888889
0 0.5473958333333333 0.6296296296296297 0.051041666666666666 0.040740740740740744
0 0.26979166666666665 0.8712962962962963 0.05416666666666667 0.03888888888888889
0 0.7015625 0.475 0.06354166666666666 0.05
0 0.8885416666666667 0.7722222222222223 0.052083333333333336 0.037037037037037035
0 0.0453125 0.9462962962962963 0.057291666666666664 0.040740740740740744
0 0.5421875 0.43333333333333335 0.053125 0.040740740740740744
0 0.696875 0.1925925925925926 0.04895833333333333 0.05185185185185185
0 0.1078125 0.7694444444444445 0.046875 0.03888888888888889
0 0.4375 0.6287037037037037 0.05625 0.05
0 0.23151041666666666 0.11481481481481481 0.058854166666666666 0.05925925925925926
0 0.8979166666666667 0.032407407407407406 0.0625 0.05740740740740741
0 0.3841145833333333 0.10740740740740741 0.05260416666666667 0.05925925925925926
0 0.3848958333333333 0.1962962962962963 0.046875 0.040740740740740744
0 0.43645833333333334 0.48148148148148145 0.05625 0.040740740740740744
0 0.9505208333333334 0.8212962962962963 0.057291666666666664 0.03888888888888889
0 0.26979166666666665 0.47962962962962963 0.05625 0.040740740740740744
0 0.21979166666666666 0.33611111111111114 0.04791666666666667 0.03888888888888889
0 0.050520833333333334 0.5805555555555556 0.05520833333333333 0.03888888888888889
0 0.21354166666666666 0.8185185185185185 0.04583333333333333 0.037037037037037035
0 0.0515625 0.7694444444444445 0.053125 0.04259259259259259
0 0.12447916666666667 0.24259259259259258 0.051041666666666666 0.037037037037037035
0 0.7052083333333333 0.6305555555555555 0.05416666666666667 0.03888888888888889
0 0.44114583333333335 0.19166666666666668 0.057291666666666664 0.046296296296296294
0 0.9440104166666666 0.7240740740740741 0.06822916666666666 0.04814814814814815
0 0.22083333333333333 0.2916666666666667 0.04791666666666667 0.04259259259259259
0 0.7 0.3851851851851852 0.05625 0.040740740740740744
0 0.21822916666666667 0.387037037037037 0.051041666666666666 0.040740740740740744
0 0.8734375 0.10555555555555556 0.059375 0.05185185185185185
0 0.7057291666666666 0.774074074074074 0.051041666666666666 0.04814814814814815
0 0.7640625 0.7731481481481481 0.059375 0.04259259259259259
0 0.22083333333333333 0.5268518518518519 0.05 0.03888888888888889
0 0.5442708333333334 0.1050925925925926 0.06145833333333333 0.05462962962962963
0 0.8916666666666667 0.8740740740740741 0.06041666666666667 0.04814814814814815
0 0.6510416666666666 0.7657407407407407 0.03333333333333333 0.09444444444444444