0 0.8880208333333334 0.13148148148148148 0.89296875 0.13425925925925927 0.8953125 0.14027777777777778 0.8979166666666667 0.2064814814814815 0.8966145833333333 0.2412037037037037 0.8872395833333333 0.2490740740740741 0.8755208333333333 0.24814814814814815 0.8697916666666666 0.2375 0.86953125 0.18472222222222223 0.86640625 0.1587962962962963 0.87265625 0.13472222222222222 0.8877604166666667 0.13148148148148148
0 0.7703125 0.1259259259259259 0.7794270833333333 0.12777777777777777 0.7828125 0.13194444444444445 0.7854166666666667 0.18518518518518517 0.7838541666666666 0.22361111111111112 0.77265625 0.23194444444444445 0.7653645833333333 0.22824074074074074 0.7625 0.22037037037037038 0.7583333333333333 0.21712962962962962 0.7565104166666666 0.15092592592592594 0.7583333333333333 0.13240740740740742 0.76171875 0.12824074074074074 0.7700520833333333 0.1259259259259259
0 0.7015625 0.13055555555555556 0.7072916666666667 0.13287037037037036 0.7096354166666666 0.13935185185185187 0.7106770833333333 0.2125 0.7072916666666667 0.225 0.696875 0.22916666666666666 0.6888020833333334 0.22777777777777777 0.6854166666666667 0.22083333333333333 0.6854166666666667 0.14074074074074075 0.68828125 0.13287037037037036 0.7013020833333333 0.13055555555555556
0 0.9609375 0.13194444444444445 0.9669270833333333 0.13425925925925927 0.9723958333333333 0.14074074074074075 0.9744791666666667 0.14907407407407408 0.9752604166666666 0.16805555555555557 0.975 0.23055555555555557 0.9705729166666667 0.23935185185185184 0.9640625 0.24305555555555555 0.9549479166666667 0.2412037037037037 0.9479166666666666 0.2310185185185185 0.9440104166666666 0.16342592592592592 0.9447916666666667 0.15092592592592594 0.9489583333333333 0.1375 0.953125 0.13287037037037036 0.9606770833333333 0.13194444444444445
0 0.8106770833333333 0.11064814814814815 0.81484375 0.11296296296296296 0.8200520833333333 0.12314814814814815 0.8221354166666667 0.1537037037037037 0.8205729166666667 0.2023148148148148 0.8171875 0.20972222222222223 0.8106770833333333 0.2125 0.8 0.2101851851851852 0.7953125 0.2037037037037037 0.79609375 0.17546296296296296 0.7942708333333334 0.14027777777777778 0.7947916666666667 0.12777777777777777 0.7981770833333334 0.11666666666666667 0.8036458333333333 0.1111111111111111 0.8104166666666667 0.11064814814814815
0 0.86015625 0.700462962962963 0.8677083333333333 0.7060185185185185 0.87109375 0.7194444444444444 0.87265625 0.8069444444444445 0.8703125 0.8162037037037037 0.8640625 0.8194444444444444 0.8481770833333333 0.8157407407407408 0.8427083333333333 0.8004629629629629 0.84375 0.7675925925925926 0.8416666666666667 0.7129629629629629 0.84375 0.7060185185185185 0.8481770833333333 0.700925925925926 0.8598958333333333 0.700462962962963
0 0.9002604166666667 0.26481481481481484 0.9049479166666666 0.26851851851851855 0.9078125 0.275 0.91328125 0.30694444444444446 0.91015625 0.3138888888888889 0.9127604166666666 0.3490740740740741 0.91171875 0.36712962962962964 0.9083333333333333 0.37407407407407406 0.8994791666666667 0.37777777777777777 0.8869791666666667 0.3763888888888889 0.8807291666666667 0.36574074074074076 0.8799479166666667 0.35694444444444445 0.8828125 0.3425925925925926 0.88203125 0.3060185185185185 0.8776041666666666 0.29212962962962963 0.8848958333333333 0.26851851851851855 0.8916666666666667 0.26435185185185184 0.9 0.26481481481481484
0 0.54921875 0.5425925925925926 0.5575520833333333 0.5453703703703704 0.559375 0.549074074074074 0.5580729166666667 0.6055555555555555 0.559375 0.6231481481481481 0.55703125 0.6541666666666667 0.5484375 0.6611111111111111 0.53984375 0.6601851851851852 0.5330729166666667 0.6550925925925926 0.53125 0.6388888888888888 0.5341145833333333 0.5467592592592593 0.5388020833333333 0.5425925925925926 0.5489583333333333 0.5425925925925926
0 0.8580729166666666 0.5611111111111111 0.8669270833333333 0.5671296296296297 0.86875 0.5819444444444445 0.865625 0.6652777777777777 0.8630208333333333 0.6777777777777778 0.8565104166666667 0.6833333333333333 0.8411458333333334 0.6800925925925926 0.8377604166666667 0.6726851851851852 0.8369791666666667 0.663425925925926 0.8419270833333333 0.5712962962962963 0.8471354166666667 0.5615740740740741 0.8578125 0.5611111111111111
0 0.7403645833333333 0.26157407407407407 0.7458333333333333 0.2652777777777778 0.74921875 0.27175925925925926 0.7515625 0.29259259259259257 0.7528645833333333 0.3597222222222222 0.7489583333333333 0.3662037037037037 0.7447916666666666 0.36712962962962964 0.7307291666666667 0.36435185185185187 0.728125 0.3592592592592593 0.7268229166666667 0.3453703703703704 0.7255208333333333 0.275 0.7296875 0.2652777777777778 0.7401041666666667 0.26157407407407407
0 0.66171875 0.12962962962962962 0.6716145833333333 0.13333333333333333 0.6747395833333333 0.15046296296296297 0.6729166666666667 0.22870370370370371 0.6700520833333333 0.23842592592592593 0.6619791666666667 0.2449074074074074 0.6510416666666666 0.24166666666666667 0.6455729166666667 0.22685185185185186 0.6471354166666666 0.175 0.6505208333333333 0.1375 0.6546875 0.1310185185185185 0.6614583333333334 0.12962962962962962
0 0.7380208333333333 0.5453703703703704 0.7481770833333333 0.549074074074074 0.7505208333333333 0.5560185185185185 0.7497395833333333 0.6365740740740741 0.7471354166666667 0.6472222222222223 0.7385416666666667 0.6513888888888889 0.72734375 0.6486111111111111 0.72421875 0.6402777777777777 0.7252604166666666 0.5537037037037037 0.72734375 0.5481481481481482 0.7377604166666667 0.5453703703703704
0 0.12369791666666667 0.03009259259259259 0.13177083333333334 0.04351851851851852 0.13333333333333333 0.06111111111111111 0.13020833333333334 0.07824074074074074 0.12786458333333334 0.07916666666666666 0.12864583333333332 0.09490740740740741 0.1203125 0.125 0.11640625 0.1300925925925926 0.10625 0.12083333333333333 0.09557291666666666 0.12037037037037036 0.09453125 0.10185185185185185 0.10442708333333334 0.060648148148148145 0.11640625 0.05740740740740741 0.115625 0.053703703703703705 0.1171875 0.05 0.11380208333333333 0.046296296296296294 0.11458333333333333 0.040740740740740744 0.11848958333333333 0.03194444444444444 0.1234375 0.03009259259259259
0 0.58828125 0.12824074074074074 0.5955729166666667 0.1310185185185185 0.59921875 0.13657407407407407 0.6005208333333333 0.17083333333333334 0.5989583333333334 0.2222222222222222 0.5955729166666667 0.23425925925925925 0.58828125 0.24074074074074073 0.5809895833333333 0.23981481481481481 0.5744791666666667 0.23425925925925925 0.5713541666666667 0.2162037037037037 0.5744791666666667 0.13703703703703704 0.578125 0.1300925925925926 0.5880208333333333 0.12824074074074074
0 0.9330729166666667 0.5583333333333333 0.9393229166666667 0.5615740740740741 0.9427083333333334 0.5675925925925925 0.9466145833333334 0.600462962962963 0.9471354166666667 0.6685185185185185 0.94375 0.6796296296296296 0.9385416666666667 0.6828703703703703 0.9283854166666666 0.6828703703703703 0.9208333333333333 0.675 0.9184895833333333 0.6638888888888889 0.9166666666666666 0.6268518518518519 0.91640625 0.5675925925925925 0.921875 0.5597222222222222 0.9328125 0.5583333333333333
0 0.7072916666666667 0.5648148148148148 0.7119791666666667 0.5680555555555555 0.7143229166666667 0.5847222222222223 0.7140625 0.6287037037037037 0.7106770833333333 0.6328703703703704 0.6934895833333333 0.6324074074074074 0.68984375 0.6268518518518519 0.6916666666666667 0.6092592592592593 0.690625 0.5680555555555555 0.69765625 0.5643518518518519 0.70703125 0.5648148148148148
0 0.6994791666666667 0.6902777777777778 0.70625 0.6930555555555555 0.71015625 0.700462962962963 0.7122395833333334 0.7546296296296297 0.7106770833333333 0.8037037037037037 0.7083333333333334 0.8078703703703703 0.70078125 0.8097222222222222 0.6848958333333334 0.8074074074074075 0.6815104166666667 0.8009259259259259 0.684375 0.7018518518518518 0.6890625 0.6912037037037037 0.69921875 0.6902777777777778
0 0.7393229166666667 0.700925925925926 0.7440104166666667 0.7064814814814815 0.7463541666666667 0.7157407407407408 0.74921875 0.7712962962962963 0.7484375 0.7939814814814815 0.740625 0.7986111111111112 0.72734375 0.7981481481481482 0.7236979166666667 0.7935185185185185 0.7203125 0.7560185185185185 0.7192708333333333 0.712037037037037 0.7197916666666667 0.7069444444444445 0.7244791666666667 0.7023148148148148 0.7390625 0.700925925925926
0 0.52265625 0.8819444444444444 0.5268229166666667 0.8865740740740741 0.534375 0.9046296296296297 0.53515625 0.9138888888888889 0.5333333333333333 0.9212962962962963 0.4981770833333333 0.9796296296296296 0.48880208333333336 0.9888888888888889 0.48411458333333335 0.9884259259259259 0.47682291666666665 0.9777777777777777 0.47265625 0.9638888888888889 0.4734375 0.9518518518518518 0.51171875 0.8902777777777777 0.5190104166666667 0.8819444444444444 0.5223958333333333 0.8819444444444444
0 0.5825520833333333 0.6972222222222222 0.5934895833333333 0.7027777777777777 0.5955729166666667 0.7171296296296297 0.5932291666666667 0.7407407407407407 0.5932291666666667 0.8060185185185185 0.5901041666666667 0.8212962962962963 0.5807291666666666 0.8263888888888888 0.5716145833333334 0.825462962962963 0.5671875 0.8185185185185185 0.5658854166666667 0.799074074074074 0.5674479166666667 0.7930555555555555 0.5666666666666667 0.7578703703703704 0.56953125 0.7064814814814815 0.5739583333333333 0.6986111111111111 0.5822916666666667 0.6972222222222222
0 0.6278645833333333 0.5513888888888889 0.63046875 0.5560185185185185 0.6322916666666667 0.5685185185185185 0.6348958333333333 0.649537037037037 0.63125 0.6638888888888889 0.62421875 0.6685185185185185 0.6111979166666667 0.6671296296296296 0.6088541666666667 0.6648148148148149 0.60625 0.6541666666666667 0.6036458333333333 0.5671296296296297 0.6052083333333333 0.5555555555555556 0.6080729166666666 0.5518518518518518 0.6276041666666666 0.5513888888888889
0 0.58515625 0.29814814814814816 0.5966145833333333 0.3074074074074074 0.5979166666666667 0.31296296296296294 0.5966145833333333 0.32592592592592595 0.5783854166666667 0.41203703703703703 0.5747395833333333 0.4185185185185185 0.5682291666666667 0.4203703703703704 0.5606770833333333 0.41805555555555557 0.5544270833333333 0.4111111111111111 0.5518229166666667 0.4 0.5520833333333334 0.3902777777777778 0.5674479166666667 0.32407407407407407 0.57421875 0.30324074074074076 0.5778645833333333 0.2972222222222222 0.5848958333333333 0.29814814814814816
0 0.66640625 0.275 0.6713541666666667 0.2824074074074074 0.6723958333333333 0.2986111111111111 0.6708333333333333 0.35462962962962963 0.66953125 0.3592592592592593 0.6653645833333334 0.36064814814814816 0.65078125 0.36064814814814816 0.6466145833333333 0.35694444444444445 0.64609375 0.2967592592592593 0.6473958333333333 0.2814814814814815 0.6505208333333333 0.27546296296296297 0.6661458333333333 0.275
0 0.8565104166666667 0.25833333333333336 0.86171875 0.27175925925925926 0.8661458333333333 0.33935185185185185 0.8625 0.3592592592592593 0.85234375 0.36203703703703705 0.8416666666666667 0.36064814814814816 0.8385416666666666 0.35509259259259257 0.8338541666666667 0.27546296296296297 0.8346354166666666 0.2652777777777778 0.8390625 0.25833333333333336 0.8481770833333333 0.25555555555555554 0.85625 0.25833333333333336
0 0.7002604166666667 0.25787037037037036 0.7083333333333334 0.262037037037037 0.7106770833333333 0.2689814814814815 0.7114583333333333 0.34629629629629627 0.7096354166666666 0.36064814814814816 0.6997395833333333 0.36435185185185187 0.6911458333333333 0.3625 0.68671875 0.3560185185185185 0.68515625 0.27037037037037037 0.6856770833333333 0.2652777777777778 0.6893229166666667 0.25972222222222224 0.7 0.25787037037037036
0 0.77734375 0.5583333333333333 0.7854166666666667 0.562962962962963 0.7877604166666666 0.5689814814814815 0.7903645833333334 0.6282407407407408 0.7893229166666667 0.6578703703703703 0.7864583333333334 0.662962962962963 0.7794270833333333 0.6662037037037037 0.7692708333333333 0.6648148148148149 0.7638020833333333 0.6523148148148148 0.7638020833333333 0.6143518518518518 0.7611979166666667 0.575925925925926 0.76171875 0.5675925925925925 0.7653645833333333 0.5615740740740741 0.7770833333333333 0.5583333333333333
0 0.6252604166666667 0.24537037037037038 0.6346354166666667 0.25 0.6385416666666667 0.2675925925925926 0.6375 0.3486111111111111 0.6330729166666667 0.35555555555555557 0.6263020833333334 0.3578703703703704 0.6161458333333333 0.35694444444444445 0.6125 0.3509259259259259 0.61015625 0.29074074074074074 0.6111979166666667 0.25416666666666665 0.6161458333333333 0.24675925925925926 0.625 0.24537037037037038
0 0.89140625 0.5675925925925925 0.9041666666666667 0.5740740740740741 0.9067708333333333 0.6189814814814815 0.90546875 0.6648148148148149 0.9005208333333333 0.675 0.8958333333333334 0.6763888888888889 0.88359375 0.675 0.8799479166666667 0.6694444444444444 0.8770833333333333 0.625462962962963 0.8786458333333333 0.5740740740740741 0.88203125 0.5694444444444444 0.8911458333333333 0.5675925925925925
0 0.6559895833333333 0.7027777777777777 0.6708333333333333 0.7055555555555556 0.6734375 0.7134259259259259 0.6721354166666667 0.7986111111111112 0.6682291666666667 0.8115740740740741 0.6611979166666667 0.8175925925925925 0.64765625 0.8138888888888889 0.6447916666666667 0.8069444444444445 0.6434895833333333 0.7930555555555555 0.64609375 0.7152777777777778 0.6481770833333333 0.7046296296296296 0.6557291666666667 0.7027777777777777
0 0.6614583333333334 0.9805555555555555 0.66640625 0.9851851851851852 0.6708333333333333 0.999537037037037 0.6424479166666667 0.999537037037037 0.6432291666666666 0.9916666666666667 0.646875 0.9842592592592593 0.6611979166666667 0.9805555555555555
0 0.8486979166666667 0.14074074074074075 0.8572916666666667 0.14722222222222223 0.85859375 0.21712962962962962 0.85625 0.2351851851851852 0.8479166666666667 0.24027777777777778 0.8372395833333334 0.23935185185185184 0.8330729166666667 0.23564814814814813 0.8315104166666667 0.22962962962962963 0.83125 0.2064814814814815 0.8333333333333334 0.14722222222222223 0.83828125 0.14166666666666666 0.8484375 0.14074074074074075
0 0.7109375 0.38564814814814813 0.7526041666666666 0.3921296296296296 0.7552083333333334 0.39814814814814814 0.7549479166666667 0.4287037037037037 0.7526041666666666 0.43425925925925923 0.7486979166666666 0.4361111111111111 0.7197916666666667 0.4351851851851852 0.6950520833333333 0.42962962962962964 0.6927083333333334 0.41898148148148145 0.6927083333333334 0.4041666666666667 0.6950520833333333 0.39166666666666666 0.70078125 0.38657407407407407 0.7106770833333333 0.38564814814814813
0 0.6315104166666666 0.1162037037037037 0.634375 0.12175925925925926 0.6361979166666667 0.13287037037037036 0.6372395833333333 0.17777777777777778 0.6356770833333333 0.21064814814814814 0.6338541666666667 0.22037037037037038 0.62421875 0.22592592592592592 0.6143229166666667 0.22453703703703703 0.6104166666666667 0.21851851851851853 0.6088541666666667 0.16666666666666666 0.6106770833333334 0.12546296296296297 0.6130208333333333 0.11851851851851852 0.6197916666666666 0.1125 0.6270833333333333 0.1125 0.63125 0.1162037037037037
0 0.9640625 0.2569444444444444 0.9708333333333333 0.26157407407407407 0.97421875 0.26805555555555555 0.9765625 0.2967592592592593 0.9744791666666667 0.3597222222222222 0.9713541666666666 0.36574074074074076 0.9635416666666666 0.3699074074074074 0.9494791666666667 0.36574074074074076 0.94453125 0.35648148148148145 0.9432291666666667 0.34675925925925927 0.9458333333333333 0.30092592592592593 0.9440104166666666 0.27870370370370373 0.94609375 0.2675925925925926 0.9518229166666666 0.25833333333333336 0.9638020833333333 0.2569444444444444
0 0.6377604166666667 0.4337962962962963 0.6416666666666667 0.4393518518518518 0.65078125 0.4634259259259259 0.66875 0.5226851851851851 0.6671875 0.5361111111111111 0.6544270833333333 0.549074074074074 0.6502604166666667 0.5481481481481482 0.6440104166666667 0.538425925925926 0.63828125 0.5171296296296296 0.6299479166666667 0.4981481481481482 0.6190104166666667 0.4638888888888889 0.61796875 0.4527777777777778 0.6200520833333333 0.44583333333333336 0.6302083333333334 0.43472222222222223 0.6375 0.4337962962962963
0 0.6229166666666667 0.6898148148148148 0.6302083333333334 0.6935185185185185 0.6333333333333333 0.7032407407407407 0.6354166666666666 0.7703703703703704 0.6333333333333333 0.8101851851851852 0.6296875 0.8189814814814815 0.6252604166666667 0.8212962962962963 0.6091145833333333 0.8189814814814815 0.6052083333333333 0.812037037037037 0.6041666666666666 0.8041666666666667 0.6059895833333333 0.7861111111111111 0.6044270833333333 0.7546296296296297 0.60625 0.7481481481481481 0.6091145833333333 0.6995370370370371 0.6135416666666667 0.6916666666666667 0.62265625 0.6898148148148148
0 0.07161458333333333 0 0.09427083333333333 0 0.09947916666666666 0.00787037037037037 0.09895833333333333 0.01898148148148148 0.09557291666666666 0.03194444444444444 0.08828125 0.032407407407407406 0.08203125 0.027314814814814816 0.07708333333333334 0.029166666666666667 0.078125 0.034722222222222224 0.090625 0.038425925925925926 0.09270833333333334 0.04398148148148148 0.08802083333333334 0.06388888888888888 0.08203125 0.06898148148148148 0.07421875 0.07037037037037037 0.06796875 0.06388888888888888 0.06432291666666666 0.04675925925925926 0.06484375 0.03564814814814815 0.07161458333333333 0.000462962962962963
0 0.78046875 0.6898148148148148 0.7864583333333334 0.6925925925925925 0.7895833333333333 0.7055555555555556 0.7921875 0.7847222222222222 0.7901041666666667 0.8027777777777778 0.7864583333333334 0.8097222222222222 0.78125 0.8125 0.7721354166666666 0.8115740740740741 0.7643229166666666 0.8032407407407407 0.7619791666666667 0.7212962962962963 0.7619791666666667 0.7097222222222223 0.7653645833333333 0.6921296296296297 0.7802083333333333 0.6898148148148148
0 0.73984375 0.09907407407407408 0.7453125 0.10185185185185185 0.7494791666666667 0.11296296296296296 0.7481770833333333 0.20277777777777778 0.746875 0.2111111111111111 0.7432291666666667 0.2175925925925926 0.73125 0.2212962962962963 0.72265625 0.2175925925925926 0.71953125 0.20972222222222223 0.721875 0.17731481481481481 0.7213541666666666 0.12407407407407407 0.7231770833333333 0.10925925925925926 0.7270833333333333 0.10185185185185185 0.7395833333333334 0.09907407407407408
0 0.81484375 0.5569444444444445 0.8223958333333333 0.5638888888888889 0.8255208333333334 0.5953703703703703 0.825 0.6601851851851852 0.8223958333333333 0.6662037037037037 0.8171875 0.6689814814814815 0.80390625 0.6680555555555555 0.7997395833333333 0.6652777777777777 0.7984375 0.6611111111111111 0.7994791666666666 0.6148148148148148 0.796875 0.5819444444444445 0.7973958333333333 0.5675925925925925 0.80078125 0.5587962962962963 0.8145833333333333 0.5569444444444445
0 0.54453125 0.6842592592592592 0.5513020833333333 0.6888888888888889 0.5536458333333333 0.6953703703703704 0.5549479166666667 0.7615740740740741 0.553125 0.7930555555555555 0.5484375 0.8009259259259259 0.54375 0.8037037037037037 0.5325520833333334 0.8009259259259259 0.528125 0.7925925925925926 0.52734375 0.7800925925925926 0.5299479166666666 0.7328703703703704 0.5263020833333333 0.7060185185185185 0.5296875 0.6902777777777778 0.5359375 0.6851851851851852 0.5442708333333334 0.6842592592592592
0 0.8145833333333333 0.24537037037037038 0.8200520833333333 0.24814814814814815 0.82265625 0.25416666666666665 0.825 0.3060185185185185 0.8236979166666667 0.3296296296296296 0.8151041666666666 0.3347222222222222 0.8033854166666666 0.3333333333333333 0.8002604166666667 0.3282407407407407 0.80078125 0.3 0.7989583333333333 0.2712962962962963 0.7994791666666666 0.25601851851851853 0.80234375 0.24814814814814815 0.8143229166666667 0.24537037037037038
0 0.7796875 0.24351851851851852 0.7869791666666667 0.25092592592592594 0.7901041666666667 0.2652777777777778 0.78984375 0.3439814814814815 0.7872395833333333 0.35185185185185186 0.78125 0.35462962962962963 0.7671875 0.3523148148148148 0.7643229166666666 0.3458333333333333 0.7630208333333334 0.32916666666666666 0.76328125 0.25462962962962965 0.77109375 0.24351851851851852 0.7794270833333333 0.24351851851851852
0 0.8151041666666666 0.6949074074074074 0.8213541666666667 0.6976851851851852 0.8247395833333333 0.7041666666666667 0.8263020833333333 0.7449074074074075 0.825 0.7962962962962963 0.8213541666666667 0.8037037037037037 0.8151041666666666 0.8069444444444445 0.8036458333333333 0.8037037037037037 0.7997395833333333 0.7967592592592593 0.7979166666666667 0.7768518518518519 0.7986979166666667 0.7328703703703704 0.7971354166666667 0.7101851851851851 0.8018229166666667 0.6972222222222222 0.81484375 0.6949074074074074