0 0.11770833333333333 0.287962962962963 0.052083333333333336 0.04259259259259259
0 0.7041666666666667 0.24166666666666667 0.05416666666666667 0.046296296296296294
0 0.1109375 0.337037037037037 0.057291666666666664 0.040740740740740744
0 0.9385416666666667 0.575925925925926 0.05416666666666667 0.040740740740740744
0 0.5927083333333333 0.23796296296296296 0.058333333333333334 0.046296296296296294
0 0.37604166666666666 0.625 0.05416666666666667 0.04259259259259259
0 0.878125 0.3435185185185185 0.058333333333333334 0.04259259259259259
0 0.43020833333333336 0.287962962962963 0.05416666666666667 0.03888888888888889
0 0.8765625 0.2518518518518518 0.057291666666666664 0.040740740740740744
0 0.8786458333333333 0.4287037037037037 0.057291666666666664 0.04259259259259259
0 0.9416666666666667 0.6240740740740741 0.05625 0.040740740740740744
0 0.4270833333333333 0.774074074074074 0.058333333333333334 0.040740740740740744
0 0.27291666666666664 0.24074074074074073 0.05416666666666667 0.040740740740740744
0 0.9359375 0.24722222222222223 0.051041666666666666 0.03888888888888889
0 0.6864583333333333 0.5564814814814815 0.058333333333333334 0.04259259259259259
0 0.5997395833333333 0.5314814814814814 0.0609375 0.044444444444444446
0 0.7635416666666667 0.18518518518518517 0.07916666666666666 0.05185185185185185
0 0.10416666666666667 0.8675925925925926 0.06041666666666667 0.04259259259259259
0 0.9442708333333333 0.43425925925925923 0.06145833333333333 0.03888888888888889
0 0.8869791666666667 0.48148148148148145 0.06770833333333333 0.037037037037037035
0 0.2171875 0.575925925925926 0.051041666666666666 0.040740740740740744
0 0.27291666666666664 0.28888888888888886 0.05416666666666667 0.040740740740740744
0 0.9421875 0.3861111111111111 0.065625 0.03888888888888889
0 0.59375 0.7805555555555556 0.0625 0.04259259259259259
0 0.8755208333333333 0.20555555555555555 0.05520833333333333 0.040740740740740744
0 0.26875 0.3351851851851852 0.05 0.037037037037037035
0 0.5671875 0.03518518518518519 0.059375 0.044444444444444446
0 0.7630208333333334 0.38981481481481484 0.06354166666666666 0.04259259259259259
0 0.43125 0.7129629629629629 0.06458333333333334 0.040740740740740744
0 0.5994791666666667 0.5768518518518518 0.051041666666666666 0.04259259259259259
0 0.7359375 0.037037037037037035 0.059375 0.04814814814814815
0 0.37604166666666666 0.3861111111111111 0.05 0.04259259259259259
0 0.6 0.8287037037037037 0.05625 0.03888888888888889
0 0.9322916666666666 0.2 0.04791666666666667 0.040740740740740744
0 0.050520833333333334 0.7166666666666667 0.051041666666666666 0.03333333333333333
0 0.11822916666666666 0.43425925925925923 0.057291666666666664 0.03888888888888889
0 0.5390625 0.7240740740740741 0.06145833333333333 0.040740740740740744
0 0.7078125 0.7240740740740741 0.05520833333333333 0.040740740740740744
0 0.8864583333333333 0.5324074074074074 0.058333333333333334 0.03888888888888889
0 0.76875 0.6805555555555556 0.0625 0.03518518518518519
0 0.9505208333333334 0.8712962962962963 0.06354166666666666 0.04259259259259259
0 0.7635416666666667 0.5768518518518518 0.058333333333333334 0.04259259259259259
0 0.9442708333333333 0.29074074074074074 0.051041666666666666 0.037037037037037035
0 0.7598958333333333 0.3351851851851852 0.05520833333333333 0.040740740740740744
0 0.7677083333333333 0.7222222222222222 0.05625 0.037037037037037035
0 0.5354166666666667 0.8240740740740741 0.06041666666666667 0.040740740740740744
0 0.4036458333333333 0.8796296296296297 0.090625 0.05185185185185185
0 0.275 0.575925925925926 0.05 0.040740740740740744
0 0.10572916666666667 0.8175925925925925 0.05520833333333333 0.03148148148148148
0 0.540625 0.43148148148148147 0.05416666666666667 0.040740740740740744
0 0.2682291666666667 0.37962962962962965 0.051041666666666666 0.040740740740740744
0 0.2734375 0.6759259259259259 0.053125 0.040740740740740744
0 0.7614583333333333 0.8694444444444445 0.06666666666666667 0.04259259259259259
0 0.9484375 0.7703703703703704 0.05520833333333333 0.037037037037037035
0 0.26875 0.8194444444444444 0.058333333333333334 0.03888888888888889
0 0.4317708333333333 0.4305555555555556 0.05520833333333333 0.03888888888888889
0 0.3729166666666667 0.8231481481481482 0.052083333333333336 0.04259259259259259
0 0.05572916666666667 0.4824074074074074 0.05520833333333333 0.03518518518518519
0 0.11666666666666667 0.48055555555555557 0.05 0.03888888888888889
0 0.3841145833333333 0.10462962962962963 0.06197916666666667 0.05740740740740741
0 0.10520833333333333 0.5398148148148149 0.06875 0.05
0 0.11145833333333334 0.6731481481481482 0.052083333333333336 0.03888888888888889
0 0.5390625 0.3851851851851852 0.057291666666666664 0.040740740740740744
0 0.7598958333333333 0.24351851851851852 0.051041666666666666 0.03888888888888889
0 0.8817708333333333 0.575925925925926 0.051041666666666666 0.037037037037037035
0 0.22786458333333334 0.10925925925925926 0.058854166666666666 0.05
0 0.6036458333333333 0.6296296296296297 0.057291666666666664 0.040740740740740744
0 0.11979166666666667 0.38425925925925924 0.041666666666666664 0.03888888888888889
0 0.7666666666666667 0.6314814814814815 0.06041666666666667 0.040740740740740744
0 0.4359375 0.5740740740740741 0.053125 0.040740740740740744
0 0.21614583333333334 0.6222222222222222 0.051041666666666666 0.037037037037037035
0 0.26666666666666666 0.4351851851851852 0.04791666666666667 0.037037037037037035
0 0.0546875 0.6453703703703704 0.05520833333333333 0.03888888888888889
0 0.4322916666666667 0.3814814814814815 0.058333333333333334 0.037037037037037035
0 0.5390625 0.48518518518518516 0.065625 0.040740740740740744
0 0.5473958333333333 0.6296296296296297 0.051041666666666666 0.040740740740740744
0 0.7536458333333333 0.4888888888888889 0.04895833333333333 0.040740740740740744
0 0.10572916666666667 0.7694444444444445 0.04895833333333333 0.03888888888888889
0 0.534375 0.8851851851851852 0.0625 0.044444444444444446
0 0.21302083333333333 0.7675925925925926 0.051041666666666666 0.03518518518518519
0 0.6973958333333333 0.1935185185185185 0.04895833333333333 0.06111111111111111
0 0.5817708333333333 0.9518518518518518 0.057291666666666664 0.044444444444444446
0 0.5416666666666666 0.10694444444444444 0.057291666666666664 0.05462962962962963
0 0.057291666666666664 0.4351851851851852 0.05 0.037037037037037035
0 0.8875 0.8203703703703704 0.05625 0.040740740740740744
0 0.7635416666666667 0.8212962962962963 0.052083333333333336 0.03518518518518519
0 0.01875 0.030555555555555555 0.0375 0.05
0 0.2682291666666667 0.48055555555555557 0.05520833333333333 0.03888888888888889
0 0.6028645833333334 0.3375 0.07552083333333333 0.05648148148148148
0 0.1125 0.7212962962962963 0.035416666666666666 0.03518518518518519
0 0.43697916666666664 0.6296296296296297 0.05520833333333333 0.04814814814814815
0 0.6010416666666667 0.42685185185185187 0.058333333333333334 0.046296296296296294
0 0.378125 0.33425925925925926 0.04583333333333333 0.03888888888888889
0 0.20625 0.8777777777777778 0.05 0.044444444444444446
0 0.11979166666666667 0.24259259259259258 0.04791666666666667 0.037037037037037035
0 0.95 0.8212962962962963 0.05625 0.03518518518518519
0 0.26875 0.8712962962962963 0.05625 0.03888888888888889
0 0.8875 0.7722222222222223 0.052083333333333336 0.037037037037037035
0 0.8731770833333333 0.10555555555555556 0.0609375 0.053703703703703705
0 0.057291666666666664 0.29444444444444445 0.05625 0.040740740740740744
0 0.3890625 0.24814814814814815 0.03854166666666667 0.037037037037037035
0 0.06614583333333333 0.24814814814814815 0.04895833333333333 0.037037037037037035
0 0.6984375 0.4722222222222222 0.059375 0.04814814814814815
0 0.215625 0.8194444444444444 0.041666666666666664 0.03888888888888889
0 0.7640625 0.7731481481481481 0.059375 0.04259259259259259
0 0.7052083333333333 0.6305555555555555 0.05416666666666667 0.03888888888888889
0 0.8817708333333333 0.625 0.057291666666666664 0.04259259259259259
0 0.7015625 0.2972222222222222 0.051041666666666666 0.04259259259259259
0 0.04895833333333333 0.5805555555555556 0.05625 0.03888888888888889
0 0.38177083333333334 0.19166666666666668 0.051041666666666666 0.053703703703703705
0 0.21822916666666667 0.33425925925925926 0.04479166666666667 0.03888888888888889
0 0.4322916666666667 0.48148148148148145 0.052083333333333336 0.040740740740740744
0 0.21927083333333333 0.5287037037037037 0.051041666666666666 0.03888888888888889
0 0.7 0.387037037037037 0.05625 0.040740740740740744
0 0.21770833333333334 0.3851851851851852 0.05 0.040740740740740744
0 0.9442708333333333 0.725 0.065625 0.05
0 0.8911458333333333 0.8740740740740741 0.06145833333333333 0.04814814814814815
0 0.049479166666666664 0.7694444444444445 0.05520833333333333 0.04259259259259259
0 0.06875 0.19074074074074074 0.05625 0.040740740740740744
0 0.70625 0.7722222222222223 0.05625 0.044444444444444446