0 0.1125 0.3388888888888889 0.05625 0.040740740740740744
0 0.7052083333333333 0.24074074074074073 0.052083333333333336 0.044444444444444446
0 0.9348958333333334 0.2490740740740741 0.051041666666666666 0.03888888888888889
0 0.11979166666666667 0.2898148148148148 0.05416666666666667 0.04259259259259259
0 0.5927083333333333 0.24166666666666667 0.058333333333333334 0.04259259259259259
0 0.940625 0.625462962962963 0.057291666666666664 0.04537037037037037
0 0.9385416666666667 0.575925925925926 0.05625 0.040740740740740744
0 0.6 0.5305555555555556 0.06041666666666667 0.03888888888888889
0 0.43072916666666666 0.28888888888888886 0.051041666666666666 0.040740740740740744
0 0.8765625 0.3435185185185185 0.057291666666666664 0.04259259259259259
0 0.8791666666666667 0.4305555555555556 0.05625 0.046296296296296294
0 0.9442708333333333 0.43703703703703706 0.06145833333333333 0.040740740740740744
0 0.8755208333333333 0.25555555555555554 0.057291666666666664 0.044444444444444446
0 0.2755208333333333 0.2916666666666667 0.051041666666666666 0.03888888888888889
0 0.3765625 0.3861111111111111 0.051041666666666666 0.04259259259259259
0 0.9416666666666667 0.3861111111111111 0.06458333333333334 0.03888888888888889
0 0.40520833333333334 0.8796296296296297 0.09166666666666666 0.05185185185185185
0 0.10625 0.8694444444444445 0.058333333333333334 0.03888888888888889
0 0.540625 0.7240740740740741 0.0625 0.040740740740740744
0 0.2703125 0.337037037037037 0.046875 0.037037037037037035
0 0.8864583333333333 0.48148148148148145 0.06666666666666667 0.037037037037037035
0 0.2755208333333333 0.575925925925926 0.051041666666666666 0.040740740740740744
0 0.4296875 0.774074074074074 0.059375 0.040740740740740744
0 0.7635416666666667 0.39166666666666666 0.0625 0.046296296296296294
0 0.275 0.6759259259259259 0.05625 0.044444444444444446
0 0.9322916666666666 0.20185185185185187 0.05 0.040740740740740744
0 0.6 0.5805555555555556 0.05 0.03888888888888889
0 0.21875 0.575925925925926 0.05 0.040740740740740744
0 0.0515625 0.5277777777777778 0.05520833333333333 0.037037037037037035
0 0.4125 0.975925925925926 0.0625 0.04814814814814815
0 0.7604166666666666 0.3351851851851852 0.05416666666666667 0.040740740740740744
0 0.7635416666666667 0.18703703703703703 0.07916666666666666 0.05185185185185185
0 0.7072916666666667 0.7240740740740741 0.05416666666666667 0.040740740740740744
0 0.378125 0.6277777777777778 0.052083333333333336 0.044444444444444446
0 0.8864583333333333 0.5324074074074074 0.058333333333333334 0.03888888888888889
0 0.7635416666666667 0.5796296296296296 0.058333333333333334 0.040740740740740744
0 0.058333333333333334 0.43425925925925923 0.052083333333333336 0.03888888888888889
0 0.2786458333333333 0.24259259259259258 0.04479166666666667 0.040740740740740744
0 0.05364583333333333 0.7166666666666667 0.053125 0.03333333333333333
0 0.5359375 0.8222222222222222 0.059375 0.044444444444444446
0 0.76875 0.6805555555555556 0.0625 0.03518518518518519
0 0.4317708333333333 0.7148148148148148 0.06354166666666666 0.040740740740740744
0 0.1203125 0.4351851851851852 0.05520833333333333 0.037037037037037035
0 0.7671875 0.7222222222222222 0.05520833333333333 0.037037037037037035
0 0.7614583333333333 0.8675925925925926 0.06666666666666667 0.04259259259259259
0 0.125 0.387037037037037 0.0375 0.040740740740740744
0 0.7010416666666667 0.30092592592592593 0.05 0.04259259259259259
0 0.43697916666666664 0.5740740740740741 0.05520833333333333 0.040740740740740744
0 0.9421875 0.29259259259259257 0.05520833333333333 0.040740740740740744
0 0.2708333333333333 0.37962962962962965 0.04791666666666667 0.040740740740740744
0 0.95 0.8712962962962963 0.0625 0.04259259259259259
0 0.2296875 0.9592592592592593 0.05520833333333333 0.040740740740740744
0 0.6041666666666666 0.6296296296296297 0.05625 0.040740740740740744
0 0.37395833333333334 0.8203703703703704 0.052083333333333336 0.040740740740740744
0 0.05677083333333333 0.48333333333333334 0.05520833333333333 0.037037037037037035
0 0.10677083333333333 0.5416666666666666 0.06770833333333333 0.046296296296296294
0 0.27291666666666664 0.8175925925925925 0.05625 0.03518518518518519
0 0.5359375 0.8851851851851852 0.06145833333333333 0.044444444444444446
0 0.5390625 0.38425925925925924 0.057291666666666664 0.03888888888888889
0 0.9484375 0.7712962962962963 0.05520833333333333 0.03888888888888889
0 0.7671875 0.6314814814814815 0.059375 0.040740740740740744
0 0.11302083333333333 0.6731481481481482 0.051041666666666666 0.03888888888888889
0 0.8760416666666667 0.20462962962962963 0.052083333333333336 0.03888888888888889
0 0.5395833333333333 0.48518518518518516 0.06458333333333334 0.040740740740740744
0 0.10989583333333333 0.8175925925925925 0.053125 0.03148148148148148
0 0.4328125 0.43148148148148147 0.05520833333333333 0.037037037037037035
0 0.8822916666666667 0.575925925925926 0.05 0.037037037037037035
0 0.11666666666666667 0.48055555555555557 0.05 0.03888888888888889
0 0.7578125 0.24444444444444444 0.051041666666666666 0.040740740740740744
0 0.7510416666666667 0.487962962962963 0.05 0.04259259259259259
0 0.5953125 0.7787037037037037 0.059375 0.04259259259259259
0 0.3807291666666667 0.337037037037037 0.04895833333333333 0.040740740740740744
0 0.4348958333333333 0.38425925925925924 0.05520833333333333 0.03888888888888889
0 0.8875 0.8194444444444444 0.052083333333333336 0.03888888888888889
0 0.8723958333333334 0.10092592592592593 0.06145833333333333 0.06851851851851852
0 0.11145833333333334 0.7212962962962963 0.04583333333333333 0.03518518518518519
0 0.21666666666666667 0.7685185185185185 0.052083333333333336 0.037037037037037035
0 0.26875 0.4351851851851852 0.05 0.037037037037037035
0 0.22942708333333334 0.1111111111111111 0.06302083333333333 0.05555555555555555
0 0.7635416666666667 0.8212962962962963 0.052083333333333336 0.03518518518518519
0 0.6072916666666667 0.3365740740740741 0.075 0.05462962962962963
0 0.06145833333333333 0.2962962962962963 0.052083333333333336 0.040740740740740744
0 0.6010416666666667 0.42685185185185187 0.058333333333333334 0.046296296296296294
0 0.3859375 0.24722222222222223 0.04895833333333333 0.03888888888888889
0 0.3848958333333333 0.19814814814814816 0.04479166666666667 0.040740740740740744
0 0.546875 0.6296296296296297 0.05 0.040740740740740744
0 0.26927083333333335 0.8694444444444445 0.05520833333333333 0.03888888888888889
0 0.2078125 0.8777777777777778 0.04895833333333333 0.044444444444444446
0 0.9494791666666667 0.8194444444444444 0.057291666666666664 0.03888888888888889
0 0.721875 0.5425925925925926 0.06458333333333334 0.04814814814814815
0 0.06875 0.2490740740740741 0.05 0.03888888888888889
0 0.28125 0.022222222222222223 0.05625 0.040740740740740744
0 0.44114583333333335 0.1935185185185185 0.05520833333333333 0.04259259259259259
0 0.05572916666666667 0.6453703703703704 0.05520833333333333 0.03888888888888889
0 0.5421875 0.43333333333333335 0.053125 0.040740740740740744
0 0.2703125 0.47962962962962963 0.057291666666666664 0.040740740740740744
0 0.8869791666666667 0.7722222222222223 0.05520833333333333 0.037037037037037035
0 0.1078125 0.7675925925925926 0.046875 0.03888888888888889
0 0.43125 0.48148148148148145 0.04791666666666667 0.040740740740740744
0 0.21875 0.387037037037037 0.05 0.040740740740740744
0 0.5416666666666666 0.10925925925925926 0.05520833333333333 0.053703703703703705
0 0.2203125 0.337037037037037 0.046875 0.040740740740740744
0 0.050520833333333334 0.5805555555555556 0.05520833333333333 0.03888888888888889
0 0.7640625 0.7731481481481481 0.059375 0.04259259259259259
0 0.7052083333333333 0.6305555555555555 0.05416666666666667 0.03888888888888889
0 0.053125 0.7694444444444445 0.05416666666666667 0.04259259259259259
0 0.38671875 0.10601851851851851 0.0609375 0.05277777777777778
0 0.6953125 0.19166666666666668 0.04895833333333333 0.046296296296296294
0 0.21927083333333333 0.6222222222222222 0.051041666666666666 0.037037037037037035
0 0.22083333333333333 0.2916666666666667 0.04791666666666667 0.04259259259259259
0 0.43802083333333336 0.6287037037037037 0.05520833333333333 0.05
0 0.12447916666666667 0.2462962962962963 0.051041666666666666 0.037037037037037035
0 0.6994791666666667 0.387037037037037 0.05520833333333333 0.040740740740740744
0 0.21770833333333334 0.8185185185185185 0.041666666666666664 0.037037037037037035
0 0.9421875 0.7245370370370371 0.06979166666666667 0.04537037037037037
0 0.6015625 0.8310185185185185 0.059375 0.03981481481481482
0 0.8911458333333333 0.8722222222222222 0.06354166666666666 0.044444444444444446
0 0.9885416666666667 0.21851851851851853 0.020833333333333332 0.09259259259259259
0 0.7067708333333333 0.7722222222222223 0.05520833333333333 0.044444444444444446