0 0.88671875 0.125 0.8940104166666667 0.1287037037037037 0.8955729166666667 0.13425925925925927 0.89921875 0.20046296296296295 0.8958333333333334 0.2375 0.884375 0.24212962962962964 0.8765625 0.24166666666666667 0.8731770833333333 0.23842592592592593 0.86953125 0.22407407407407406 0.8705729166666667 0.19490740740740742 0.86875 0.15046296296296297 0.87265625 0.12916666666666668 0.8864583333333333 0.125
0 0.8138020833333334 0.1050925925925926 0.8190104166666666 0.1125 0.8208333333333333 0.11944444444444445 0.8231770833333333 0.14351851851851852 0.8231770833333333 0.1712962962962963 0.8200520833333333 0.19907407407407407 0.8143229166666667 0.2050925925925926 0.8088541666666667 0.20601851851851852 0.7994791666666666 0.20277777777777778 0.7955729166666666 0.1935185185185185 0.796875 0.16620370370370371 0.7940104166666667 0.1259259259259259 0.8002604166666667 0.10740740740740741 0.80546875 0.10416666666666667 0.8135416666666667 0.1050925925925926
0 0.62421875 0.6847222222222222 0.63046875 0.687962962962963 0.6333333333333333 0.6967592592592593 0.6364583333333333 0.7652777777777777 0.63359375 0.8041666666666667 0.6299479166666667 0.8125 0.6265625 0.8143518518518519 0.6109375 0.8125 0.6067708333333334 0.8069444444444445 0.6052083333333333 0.8 0.60703125 0.7787037037037037 0.6041666666666666 0.7481481481481481 0.6067708333333334 0.7351851851851852 0.6091145833333333 0.6930555555555555 0.6127604166666667 0.687037037037037 0.6239583333333333 0.6847222222222222
0 0.7825520833333334 0.5527777777777778 0.7869791666666667 0.5574074074074075 0.7895833333333333 0.5745370370370371 0.7908854166666667 0.6361111111111111 0.7888020833333333 0.6537037037037037 0.7794270833333333 0.6592592592592592 0.7697916666666667 0.6578703703703703 0.7653645833333333 0.6504629629629629 0.7619791666666667 0.5726851851851852 0.7627604166666667 0.5606481481481481 0.7651041666666667 0.5560185185185185 0.7723958333333333 0.5518518518518518 0.7822916666666667 0.5527777777777778
0 0.74296875 0.25601851851851853 0.74921875 0.26296296296296295 0.7515625 0.27361111111111114 0.7536458333333333 0.34629629629629627 0.7515625 0.35694444444444445 0.7416666666666667 0.36018518518518516 0.7309895833333333 0.3574074074074074 0.7276041666666667 0.3490740740740741 0.7265625 0.29212962962962963 0.7244791666666667 0.2726851851851852 0.7307291666666667 0.25787037037037036 0.7427083333333333 0.25601851851851853
0 0.7 0.2513888888888889 0.7067708333333333 0.2537037037037037 0.7104166666666667 0.2587962962962963 0.71171875 0.2814814814814815 0.7114583333333333 0.3486111111111111 0.7083333333333334 0.35462962962962963 0.70078125 0.35694444444444445 0.6924479166666667 0.3560185185185185 0.6875 0.35 0.6856770833333333 0.2861111111111111 0.6856770833333333 0.2675925925925926 0.6877604166666667 0.2550925925925926 0.6997395833333333 0.2513888888888889
0 0.9598958333333333 0.12453703703703704 0.9705729166666667 0.1300925925925926 0.9744791666666667 0.13842592592592592 0.9747395833333333 0.22777777777777777 0.9692708333333333 0.23472222222222222 0.9583333333333334 0.23564814814814813 0.95234375 0.23194444444444445 0.9479166666666666 0.22268518518518518 0.94609375 0.14305555555555555 0.9505208333333334 0.12962962962962962 0.9596354166666666 0.125
0 0.85078125 0.13518518518518519 0.8565104166666667 0.1375 0.859375 0.14583333333333334 0.8588541666666667 0.2199074074074074 0.8544270833333333 0.2310185185185185 0.84609375 0.23425925925925925 0.83515625 0.23148148148148148 0.8328125 0.2263888888888889 0.8328125 0.1439814814814815 0.8341145833333333 0.13796296296296295 0.8375 0.13518518518518519 0.8505208333333333 0.13518518518518519
0 0.85859375 0.6921296296296297 0.8666666666666667 0.6962962962962963 0.8700520833333333 0.7037037037037037 0.8716145833333333 0.7148148148148148 0.8731770833333333 0.8037037037037037 0.8697916666666666 0.8106481481481481 0.8638020833333333 0.812962962962963 0.8481770833333333 0.8092592592592592 0.84375 0.7902777777777777 0.84453125 0.7407407407407407 0.8416666666666667 0.7208333333333333 0.8419270833333333 0.7087962962962963 0.84765625 0.6953703703703704 0.8583333333333333 0.6921296296296297
0 0.9223958333333333 0.4074074074074074 0.9598958333333333 0.4324074074074074 0.9703125 0.4439814814814815 0.9705729166666667 0.46435185185185185 0.96484375 0.47962962962962963 0.9606770833333333 0.48333333333333334 0.93203125 0.4671296296296296 0.9065104166666667 0.44537037037037036 0.9065104166666667 0.425 0.9111979166666667 0.412962962962963 0.9145833333333333 0.4078703703703704 0.9221354166666667 0.4074074074074074
0 0.5479166666666667 0.5356481481481481 0.5580729166666667 0.5388888888888889 0.5598958333333334 0.5458333333333333 0.5578125 0.600925925925926 0.5591145833333333 0.6300925925925925 0.5572916666666666 0.6472222222222223 0.5513020833333333 0.6537037037037037 0.5361979166666667 0.6513888888888889 0.5328125 0.6467592592592593 0.5317708333333333 0.6407407407407407 0.53203125 0.6157407407407407 0.534375 0.5990740740740741 0.5348958333333333 0.5398148148148149 0.5388020833333333 0.5361111111111111 0.54765625 0.5356481481481481
0 0.6234375 0.5425925925925926 0.6291666666666667 0.5458333333333333 0.6317708333333333 0.5537037037037037 0.63515625 0.6333333333333333 0.6341145833333334 0.6513888888888889 0.63046875 0.6583333333333333 0.62421875 0.6615740740740741 0.6130208333333333 0.6606481481481481 0.6078125 0.6532407407407408 0.6044270833333333 0.5763888888888888 0.6044270833333333 0.5564814814814815 0.6065104166666667 0.5472222222222223 0.6127604166666667 0.5430555555555555 0.6231770833333333 0.5425925925925926
0 0.8963541666666667 0.5615740740740741 0.9020833333333333 0.5643518518518519 0.9057291666666667 0.5708333333333333 0.9078125 0.649074074074074 0.9041666666666667 0.6652777777777777 0.9010416666666666 0.6694444444444444 0.8947916666666667 0.6708333333333333 0.8833333333333333 0.6689814814814815 0.8799479166666667 0.662962962962963 0.8783854166666667 0.6074074074074074 0.8796875 0.5657407407407408 0.8861979166666667 0.5615740740740741 0.89609375 0.5615740740740741
0 0.6666666666666666 0.12361111111111112 0.671875 0.12638888888888888 0.6747395833333333 0.1375 0.6752604166666667 0.21296296296296297 0.6739583333333333 0.2273148148148148 0.6614583333333334 0.23842592592592593 0.6518229166666667 0.23564814814814813 0.6473958333333333 0.2300925925925926 0.64609375 0.20972222222222223 0.65078125 0.13287037037037036 0.6544270833333333 0.125 0.66640625 0.12361111111111112
0 0.5924479166666666 0.12222222222222222 0.5971354166666667 0.12453703703703704 0.6 0.13055555555555556 0.5994791666666667 0.21898148148148147 0.5940104166666667 0.23055555555555557 0.5875 0.23425925925925925 0.5778645833333333 0.2310185185185185 0.57265625 0.22037037037037038 0.5744791666666667 0.13657407407407407 0.5755208333333334 0.12731481481481483 0.578125 0.12361111111111112 0.5921875 0.12222222222222222
0 0.85234375 0.5537037037037037 0.865625 0.5574074074074075 0.86875 0.5643518518518519 0.8682291666666667 0.6337962962962963 0.8658854166666666 0.6611111111111111 0.86328125 0.6712962962962963 0.8572916666666667 0.6768518518518518 0.8450520833333334 0.6754629629629629 0.84140625 0.6726851851851852 0.8380208333333333 0.662962962962963 0.8416666666666667 0.5740740740740741 0.8453125 0.5592592592592592 0.8481770833333333 0.5546296296296296 0.8520833333333333 0.5541666666666667
0 0.5825520833333333 0.6902777777777778 0.5934895833333333 0.6953703703703704 0.596875 0.7134259259259259 0.5934895833333333 0.8004629629629629 0.590625 0.812962962962963 0.5841145833333333 0.8189814814814815 0.5705729166666667 0.8157407407407408 0.5666666666666667 0.8106481481481481 0.565625 0.8009259259259259 0.5703125 0.6995370370370371 0.5739583333333333 0.6916666666666667 0.5822916666666667 0.6902777777777778
0 0.7059895833333333 0.5574074074074075 0.7119791666666667 0.5601851851851852 0.7140625 0.5708333333333333 0.7151041666666667 0.6171296296296296 0.7135416666666666 0.624537037037037 0.71015625 0.625462962962963 0.6940104166666666 0.625462962962963 0.690625 0.6199074074074075 0.6911458333333333 0.562037037037037 0.6966145833333334 0.5574074074074075 0.7057291666666666 0.5574074074074075
0 0.7013020833333333 0.6837962962962963 0.7088541666666667 0.6888888888888889 0.7125 0.7032407407407407 0.7119791666666667 0.7736111111111111 0.7104166666666667 0.7962962962962963 0.70625 0.8023148148148148 0.6875 0.8009259259259259 0.6833333333333333 0.7962962962962963 0.6815104166666667 0.7898148148148149 0.6841145833333333 0.75 0.6848958333333334 0.6930555555555555 0.6890625 0.6847222222222222 0.7010416666666667 0.6837962962962963
0 0.74140625 0.6953703703703704 0.7447916666666666 0.7 0.7471354166666667 0.7138888888888889 0.7497395833333333 0.7828703703703703 0.7484375 0.7875 0.73984375 0.7916666666666666 0.7283854166666667 0.7916666666666666 0.72421875 0.7861111111111111 0.72265625 0.7509259259259259 0.71953125 0.7273148148148149 0.71953125 0.7069444444444445 0.72109375 0.6995370370370371 0.7236979166666667 0.6967592592592593 0.7317708333333334 0.6939814814814815 0.7411458333333333 0.6953703703703704
0 0.5479166666666667 0.6787037037037037 0.5536458333333333 0.6861111111111111 0.5546875 0.6953703703703704 0.5549479166666667 0.7712962962962963 0.5518229166666667 0.7898148148148149 0.5432291666666667 0.7962962962962963 0.5330729166666667 0.7939814814814815 0.5283854166666667 0.7851851851851852 0.5265625 0.7555555555555555 0.5265625 0.6939814814814815 0.5283854166666667 0.6837962962962963 0.5328125 0.6787037037037037 0.54765625 0.6787037037037037
0 0.9997395833333333 0.059722222222222225 0.9997395833333333 0.0875 0.9979166666666667 0.08796296296296297 0.9979166666666667 0.09212962962962963 0.9997395833333333 0.09259259259259259 0.9997395833333333 0.16620370370370371 0.9947916666666666 0.16157407407407406 0.9927083333333333 0.15462962962962962 0.99296875 0.12916666666666668 0.9901041666666667 0.11666666666666667 0.9903645833333333 0.09861111111111111 0.98828125 0.08194444444444444 0.9911458333333333 0.06712962962962964 0.9994791666666667 0.059722222222222225
0 0.7002604166666667 0.12407407407407407 0.7072916666666667 0.1259259259259259 0.7098958333333333 0.1300925925925926 0.7111979166666667 0.18564814814814815 0.709375 0.2162037037037037 0.7 0.2222222222222222 0.6893229166666667 0.22083333333333333 0.68515625 0.20972222222222223 0.6861979166666666 0.13287037037037036 0.6890625 0.12685185185185185 0.7 0.12407407407407407
0 0.6598958333333333 0.2662037037037037 0.6677083333333333 0.26805555555555555 0.6708333333333333 0.2722222222222222 0.6729166666666667 0.29814814814814816 0.6708333333333333 0.34814814814814815 0.6677083333333333 0.3527777777777778 0.659375 0.3541666666666667 0.6481770833333333 0.35185185185185186 0.6466145833333333 0.34120370370370373 0.6481770833333333 0.324537037037037 0.64765625 0.2759259259259259 0.6513020833333333 0.2675925925925926 0.6596354166666667 0.2662037037037037
0 0.7760416666666666 0.11990740740740741 0.7817708333333333 0.12268518518518519 0.7838541666666666 0.12731481481481483 0.7859375 0.19907407407407407 0.7833333333333333 0.2162037037037037 0.7794270833333333 0.22175925925925927 0.77265625 0.22407407407407406 0.7630208333333334 0.22083333333333333 0.7622395833333333 0.21342592592592594 0.7580729166666667 0.2101851851851852 0.7567708333333333 0.14027777777777778 0.7583333333333333 0.1287037037037037 0.7611979166666667 0.12222222222222222 0.77578125 0.11990740740740741
0 0.5901041666666667 0.24305555555555555 0.59921875 0.2462962962962963 0.6005208333333333 0.27037037037037037 0.6057291666666667 0.28194444444444444 0.6020833333333333 0.2986111111111111 0.6013020833333333 0.35555555555555557 0.5984375 0.362962962962963 0.5916666666666667 0.3685185185185185 0.5809895833333333 0.3680555555555556 0.5744791666666667 0.36018518518518516 0.571875 0.3106481481481482 0.5736979166666667 0.29768518518518516 0.57421875 0.2601851851851852 0.5763020833333333 0.2490740740740741 0.5796875 0.24444444444444444 0.58984375 0.24305555555555555
0 0.8002604166666667 0.4041666666666667 0.8315104166666667 0.4097222222222222 0.8403645833333333 0.41435185185185186 0.84296875 0.4287037037037037 0.8421875 0.4486111111111111 0.8390625 0.4550925925925926 0.8328125 0.4583333333333333 0.78359375 0.45231481481481484 0.77578125 0.44675925925925924 0.77265625 0.4356481481481482 0.7723958333333333 0.4236111111111111 0.7760416666666666 0.4097222222222222 0.7825520833333334 0.4046296296296296 0.8 0.4041666666666667
0 0.9325520833333333 0.5509259259259259 0.9393229166666667 0.5532407407407407 0.94375 0.5606481481481481 0.94765625 0.5953703703703703 0.9481770833333333 0.6620370370370371 0.9442708333333333 0.6731481481481482 0.9380208333333333 0.6759259259259259 0.9234375 0.6717592592592593 0.9205729166666666 0.6648148148148149 0.91796875 0.6449074074074074 0.9161458333333333 0.5638888888888889 0.9182291666666667 0.5569444444444445 0.921875 0.5532407407407407 0.9322916666666666 0.5509259259259259
0 0.4513020833333333 0.024537037037037038 0.45338541666666665 0.02824074074074074 0.45338541666666665 0.0587962962962963 0.45286458333333335 0.06342592592592593 0.44973958333333336 0.06574074074074074 0.44609375 0.06296296296296296 0.4440104166666667 0.046296296296296294 0.44609375 0.029166666666666667 0.4510416666666667 0.024537037037037038
0 0.665625 0.9888888888888889 0.671875 0.999537037037037 0.6466145833333333 0.999537037037037 0.6484375 0.9935185185185185 0.6541666666666667 0.9879629629629629 0.6653645833333334 0.9888888888888889
0 0.85234375 0.24861111111111112 0.85703125 0.2513888888888889 0.8619791666666666 0.2625 0.8661458333333333 0.31805555555555554 0.8661458333333333 0.3398148148148148 0.86328125 0.3523148148148148 0.85 0.35555555555555557 0.8419270833333333 0.3537037037037037 0.83984375 0.34814814814814815 0.8346354166666666 0.26296296296296295 0.8385416666666666 0.25277777777777777 0.8520833333333333 0.24861111111111112
0 0.78359375 0.23935185185185184 0.7875 0.24444444444444444 0.78984375 0.25277777777777777 0.790625 0.3277777777777778 0.7885416666666667 0.3421296296296296 0.78046875 0.3476851851851852 0.7684895833333333 0.3458333333333333 0.7643229166666666 0.3384259259259259 0.7625 0.2611111111111111 0.7643229166666666 0.24537037037037038 0.7677083333333333 0.23981481481481481 0.7734375 0.2361111111111111 0.7833333333333333 0.23935185185185184
0 0.73984375 0.538425925925926 0.7473958333333334 0.5416666666666666 0.7502604166666667 0.5467592592592593 0.7502604166666667 0.5902777777777778 0.7518229166666667 0.6018518518518519 0.74921875 0.6370370370370371 0.7401041666666667 0.6444444444444445 0.7309895833333333 0.6435185185185185 0.72578125 0.6375 0.7260416666666667 0.612037037037037 0.72421875 0.5990740740740741 0.7263020833333333 0.5439814814814815 0.73125 0.5393518518518519 0.7395833333333334 0.538425925925926
0 0.6268229166666667 0.10555555555555556 0.6348958333333333 0.11388888888888889 0.6380208333333334 0.15787037037037038 0.6354166666666666 0.20972222222222223 0.63046875 0.21712962962962962 0.6247395833333333 0.21898148148148147 0.615625 0.2175925925925926 0.6106770833333334 0.20833333333333334 0.6109375 0.12314814814814815 0.6125 0.11342592592592593 0.615625 0.1087962962962963 0.6265625 0.10555555555555556
0 0.9669270833333333 0.25092592592592594 0.97109375 0.25416666666666665 0.9752604166666666 0.26435185185185184 0.9760416666666667 0.33611111111111114 0.9739583333333334 0.35555555555555557 0.9638020833333333 0.36342592592592593 0.9510416666666667 0.3592592592592593 0.9440104166666666 0.3449074074074074 0.9458333333333333 0.29907407407407405 0.9442708333333333 0.2726851851851852 0.95078125 0.25324074074074077 0.95703125 0.25 0.9666666666666667 0.25092592592592594
0 0.8166666666666667 0.5509259259259259 0.8213541666666667 0.5541666666666667 0.8244791666666667 0.5666666666666667 0.82578125 0.6458333333333334 0.8236979166666667 0.6578703703703703 0.81484375 0.6625 0.80390625 0.6611111111111111 0.7989583333333333 0.6541666666666667 0.7997395833333333 0.6162037037037037 0.7971354166666667 0.5736111111111111 0.8002604166666667 0.5527777777777778 0.81640625 0.5509259259259259
0 0.6643229166666667 0.6958333333333333 0.6713541666666667 0.6986111111111111 0.6736979166666667 0.7041666666666667 0.6739583333333333 0.7550925925925925 0.6721354166666667 0.7925925925925926 0.6674479166666667 0.8069444444444445 0.66171875 0.8111111111111111 0.6513020833333333 0.8087962962962963 0.6463541666666667 0.8027777777777778 0.6455729166666667 0.7532407407407408 0.6466145833333333 0.7111111111111111 0.6486979166666667 0.6995370370370371 0.6520833333333333 0.6953703703703704 0.6640625 0.6958333333333333
0 0.6822916666666666 0.38055555555555554 0.6859375 0.3837962962962963 0.6890625 0.39305555555555555 0.70546875 0.4625 0.7036458333333333 0.47962962962962963 0.6901041666666666 0.4898148148148148 0.6822916666666666 0.48564814814814816 0.67890625 0.47638888888888886 0.6682291666666667 0.4361111111111111 0.6622395833333333 0.4046296296296296 0.6622395833333333 0.39675925925925926 0.6661458333333333 0.387037037037037 0.6721354166666667 0.3824074074074074 0.68203125 0.38055555555555554
0 0.78515625 0.6847222222222222 0.7877604166666666 0.687962962962963 0.7903645833333334 0.6986111111111111 0.7924479166666667 0.7828703703703703 0.7903645833333334 0.7962962962962963 0.7864583333333334 0.8027777777777778 0.7807291666666667 0.8055555555555556 0.76875 0.8018518518518518 0.7651041666666667 0.7930555555555555 0.7627604166666667 0.7023148148148148 0.7653645833333333 0.6856481481481481 0.7716145833333333 0.6828703703703703 0.7848958333333333 0.6847222222222222
0 0.8151041666666666 0.2388888888888889 0.8200520833333333 0.2412037037037037 0.82265625 0.24814814814814815 0.82578125 0.2986111111111111 0.8244791666666667 0.3226851851851852 0.8135416666666667 0.3277777777777778 0.8052083333333333 0.32685185185185184 0.8010416666666667 0.3212962962962963 0.8020833333333334 0.2953703703703704 0.79921875 0.2537037037037037 0.8028645833333333 0.2412037037037037 0.81484375 0.2388888888888889
0 0.90078125 0.25833333333333336 0.9083333333333333 0.26851851851851855 0.9111979166666667 0.2898148148148148 0.9140625 0.29814814814814816 0.9119791666666667 0.31203703703703706 0.9125 0.3597222222222222 0.909375 0.36666666666666664 0.90078125 0.37037037037037035 0.8895833333333333 0.36898148148148147 0.8815104166666666 0.3587962962962963 0.8830729166666667 0.3189814814814815 0.8815104166666666 0.2967592592592593 0.8783854166666667 0.2875 0.8802083333333334 0.2740740740740741 0.8848958333333333 0.26157407407407407 0.8908854166666667 0.25787037037037036 0.9005208333333333 0.25833333333333336
0 0.6268229166666667 0.2388888888888889 0.6364583333333333 0.24537037037037038 0.6390625 0.26435185185185184 0.63828125 0.34074074074074073 0.63515625 0.34814814814814815 0.628125 0.35138888888888886 0.61484375 0.3490740740740741 0.6125 0.3449074074074074 0.61171875 0.33425925925925926 0.6119791666666666 0.24814814814814815 0.6161458333333333 0.2412037037037037 0.6265625 0.2388888888888889
0 0.815625 0.6884259259259259 0.8223958333333333 0.6921296296296297 0.82578125 0.6990740740740741 0.8265625 0.7550925925925925 0.825 0.7912037037037037 0.82109375 0.7972222222222223 0.8161458333333333 0.799537037037037 0.803125 0.7953703703703704 0.79921875 0.7824074074074074 0.7984375 0.7694444444444445 0.7989583333333333 0.6962962962962963 0.8057291666666667 0.6888888888888889 0.8153645833333333 0.6884259259259259