0 0.1171875 0.287962962962963 0.053125 0.04259259259259259
0 0.43020833333333336 0.287962962962963 0.05416666666666667 0.03888888888888889
0 0.9380208333333333 0.575925925925926 0.05520833333333333 0.040740740740740744
0 0.1109375 0.3351851851851852 0.057291666666666664 0.040740740740740744
0 0.8760416666666667 0.2518518518518518 0.058333333333333334 0.040740740740740744
0 0.8786458333333333 0.4287037037037037 0.05520833333333333 0.04259259259259259
0 0.8765625 0.3435185185185185 0.059375 0.04259259259259259
0 0.10364583333333334 0.8675925925925926 0.059375 0.04259259259259259
0 0.7036458333333333 0.23981481481481481 0.05520833333333333 0.04259259259259259
0 0.9385416666666667 0.6240740740740741 0.058333333333333334 0.040740740740740744
0 0.37604166666666666 0.625 0.05416666666666667 0.04259259259259259
0 0.4265625 0.774074074074074 0.059375 0.040740740740740744
0 0.5927083333333333 0.23796296296296296 0.058333333333333334 0.04259259259259259
0 0.21666666666666667 0.575925925925926 0.05 0.040740740740740744
0 0.5997395833333333 0.5319444444444444 0.0609375 0.04537037037037037
0 0.9442708333333333 0.43425925925925923 0.06145833333333333 0.03888888888888889
0 0.43125 0.7129629629629629 0.0625 0.040740740740740744
0 0.9416666666666667 0.3861111111111111 0.06458333333333334 0.03888888888888889
0 0.9354166666666667 0.24722222222222223 0.05 0.03888888888888889
0 0.26875 0.3351851851851852 0.05 0.037037037037037035
0 0.7645833333333333 0.18518518518518517 0.08125 0.05185185185185185
0 0.27239583333333334 0.287962962962963 0.053125 0.04259259259259259
0 0.5942708333333333 0.7805555555555556 0.06145833333333333 0.04259259259259259
0 0.7583333333333333 0.3351851851851852 0.05625 0.040740740740740744
0 0.5994791666666667 0.5796296296296296 0.051041666666666666 0.040740740740740744
0 0.7630208333333334 0.5768518518518518 0.057291666666666664 0.04259259259259259
0 0.050520833333333334 0.7166666666666667 0.051041666666666666 0.03333333333333333
0 0.8869791666666667 0.4842592592592593 0.06354166666666666 0.03888888888888889
0 0.76875 0.6805555555555556 0.0625 0.03518518518518519
0 0.27291666666666664 0.24074074074074073 0.05416666666666667 0.040740740740740744
0 0.8864583333333333 0.5324074074074074 0.058333333333333334 0.03888888888888889
0 0.7625 0.38796296296296295 0.0625 0.046296296296296294
0 0.5390625 0.43333333333333335 0.05520833333333333 0.040740740740740744
0 0.5348958333333333 0.8240740740740741 0.06145833333333333 0.040740740740740744
0 0.7015625 0.2972222222222222 0.051041666666666666 0.04259259259259259
0 0.11822916666666666 0.43425925925925923 0.057291666666666664 0.03888888888888889
0 0.275 0.575925925925926 0.05 0.040740740740740744
0 0.7614583333333333 0.8694444444444445 0.06666666666666667 0.04259259259259259
0 0.9317708333333333 0.20277777777777778 0.04895833333333333 0.04259259259259259
0 0.7666666666666667 0.7222222222222222 0.05625 0.037037037037037035
0 0.7067708333333333 0.7240740740740741 0.05520833333333333 0.040740740740740744
0 0.9505208333333334 0.8712962962962963 0.06354166666666666 0.04259259259259259
0 0.3729166666666667 0.8231481481481482 0.052083333333333336 0.04259259259259259
0 0.9432291666666667 0.29074074074074074 0.05520833333333333 0.037037037037037035
0 0.875 0.20555555555555555 0.052083333333333336 0.040740740740740744
0 0.37552083333333336 0.3861111111111111 0.04895833333333333 0.04259259259259259
0 0.6765625 0.5555555555555556 0.06354166666666666 0.044444444444444446
0 0.10625 0.8157407407407408 0.05 0.03518518518518519
0 0.5994791666666667 0.8287037037037037 0.057291666666666664 0.03888888888888889
0 0.4317708333333333 0.4305555555555556 0.05520833333333333 0.03888888888888889
0 0.2671875 0.38564814814814813 0.05625 0.05092592592592592
0 0.5385416666666667 0.7240740740740741 0.0625 0.040740740740740744
0 0.9479166666666666 0.7703703703703704 0.05625 0.037037037037037035
0 0.115625 0.48055555555555557 0.05 0.03888888888888889
0 0.43697916666666664 0.6296296296296297 0.05520833333333333 0.04814814814814815
0 0.4046875 0.8796296296296297 0.09479166666666666 0.05185185185185185
0 0.4359375 0.5740740740740741 0.053125 0.040740740740740744
0 0.26875 0.8194444444444444 0.058333333333333334 0.03888888888888889
0 0.05 0.525 0.05625 0.03888888888888889
0 0.7661458333333333 0.6314814814814815 0.059375 0.040740740740740744
0 0.215625 0.6222222222222222 0.05 0.037037037037037035
0 0.22864583333333333 0.10787037037037037 0.06145833333333333 0.05462962962962963
0 0.534375 0.8851851851851852 0.06458333333333334 0.044444444444444446
0 0.38177083333333334 0.10601851851851851 0.057291666666666664 0.06018518518518518
0 0.2734375 0.6759259259259259 0.053125 0.040740740740740744
0 0.49114583333333334 0.032407407407407406 0.059375 0.046296296296296294
0 0.11770833333333333 0.3851851851851852 0.04791666666666667 0.037037037037037035
0 0.2640625 0.43333333333333335 0.04895833333333333 0.037037037037037035
0 0.6036458333333333 0.6296296296296297 0.05520833333333333 0.040740740740740744
0 0.5390625 0.3851851851851852 0.057291666666666664 0.040740740740740744
0 0.11041666666666666 0.6731481481481482 0.052083333333333336 0.03888888888888889
0 0.6854166666666667 0.03611111111111111 0.07291666666666667 0.046296296296296294
0 0.6979166666666666 0.4722222222222222 0.0625 0.05185185185185185
0 0.5401041666666667 0.10787037037037037 0.05520833333333333 0.06018518518518518
0 0.10520833333333333 0.5398148148148149 0.06875 0.04259259259259259
0 0.759375 0.24351851851851852 0.05 0.03888888888888889
0 0.4322916666666667 0.3824074074074074 0.058333333333333334 0.03888888888888889
0 0.6947916666666667 0.18703703703703703 0.05 0.04814814814814815
0 0.8822916666666667 0.575925925925926 0.052083333333333336 0.037037037037037035
0 0.05677083333333333 0.4351851851851852 0.051041666666666666 0.037037037037037035
0 0.546875 0.6296296296296297 0.05 0.040740740740740744
0 0.05416666666666667 0.6453703703703704 0.05625 0.03888888888888889
0 0.7635416666666667 0.8212962962962963 0.052083333333333336 0.03518518518518519
0 0.4395833333333333 0.19166666666666668 0.05625 0.046296296296296294
0 0.21302083333333333 0.7685185185185185 0.051041666666666666 0.037037037037037035
0 0.05520833333333333 0.4824074074074074 0.05416666666666667 0.03518518518518519
0 0.7536458333333333 0.4888888888888889 0.04895833333333333 0.040740740740740744
0 0.9494791666666667 0.8212962962962963 0.057291666666666664 0.03888888888888889
0 0.10572916666666667 0.7712962962962963 0.04895833333333333 0.03518518518518519
0 0.6010416666666667 0.42685185185185187 0.058333333333333334 0.046296296296296294
0 0.5385416666666667 0.48518518518518516 0.06458333333333334 0.040740740740740744
0 0.6208333333333333 0.9388888888888889 0.05625 0.05925925925925926
0 0.059895833333333336 0.29259259259259257 0.053125 0.044444444444444446
0 0.3765625 0.33425925925925926 0.046875 0.03888888888888889
0 0.11145833333333334 0.7203703703703703 0.0375 0.037037037037037035
0 0.8875 0.8203703703703704 0.052083333333333336 0.040740740740740744
0 0.6049479166666667 0.3365740740740741 0.07552083333333333 0.05462962962962963
0 0.2682291666666667 0.47962962962962963 0.05520833333333333 0.040740740740740744
0 0.20625 0.8777777777777778 0.05 0.044444444444444446
0 0.2682291666666667 0.8712962962962963 0.05520833333333333 0.03888888888888889
0 0.7635416666666667 0.7731481481481481 0.058333333333333334 0.04259259259259259
0 0.8869791666666667 0.7722222222222223 0.051041666666666666 0.037037037037037035
0 0.11927083333333334 0.24259259259259258 0.04895833333333333 0.037037037037037035
0 0.384375 0.24814814814814815 0.05 0.037037037037037035
0 0.38125 0.19074074074074074 0.05 0.05185185185185185
0 0.8752604166666667 0.10601851851851851 0.0609375 0.05277777777777778
0 0.21354166666666666 0.8194444444444444 0.041666666666666664 0.03888888888888889
0 0.4348958333333333 0.48148148148148145 0.057291666666666664 0.040740740740740744
0 0.04895833333333333 0.5805555555555556 0.05625 0.03888888888888889
0 0.0640625 0.2462962962962963 0.04895833333333333 0.037037037037037035
0 0.21875 0.5287037037037037 0.05 0.03888888888888889
0 0.88125 0.625 0.05625 0.04259259259259259
0 0.7052083333333333 0.6305555555555555 0.05416666666666667 0.03888888888888889
0 0.06875 0.19074074074074074 0.05625 0.040740740740740744
0 0.9447916666666667 0.7245370370370371 0.06145833333333333 0.04351851851851852
0 0.21770833333333334 0.33425925925925926 0.04791666666666667 0.03888888888888889
0 0.8921875 0.8740740740740741 0.06354166666666666 0.04814814814814815
0 0.6989583333333333 0.387037037037037 0.05625 0.040740740740740744
0 0.70625 0.7722222222222223 0.05625 0.044444444444444446
0 0.26848958333333334 0.1912037037037037 0.049479166666666664 0.05092592592592592
0 0.04895833333333333 0.7694444444444445 0.05416666666666667 0.04259259259259259