0 0.8872395833333333 0.12453703703703704 0.8942708333333333 0.12824074074074074 0.8955729166666667 0.13240740740740742 0.8994791666666667 0.19953703703703704 0.8958333333333334 0.2375 0.8869791666666667 0.24166666666666667 0.8763020833333334 0.24074074074074073 0.8708333333333333 0.23055555555555557 0.87109375 0.18564814814814815 0.86875 0.16203703703703703 0.86875 0.15 0.8721354166666667 0.1300925925925926 0.8765625 0.12546296296296297 0.8869791666666667 0.12453703703703704
0 0.8125 0.1037037037037037 0.8192708333333333 0.1125 0.82109375 0.11944444444444445 0.8236979166666667 0.16296296296296298 0.8216145833333334 0.19537037037037036 0.8174479166666667 0.20277777777777778 0.8125 0.2050925925925926 0.8002604166666667 0.20324074074074075 0.79609375 0.1962962962962963 0.796875 0.15046296296296297 0.7940104166666667 0.13240740740740742 0.7953125 0.11944444444444445 0.8002604166666667 0.10694444444444444 0.8122395833333333 0.1037037037037037
0 0.6231770833333333 0.6847222222222222 0.6299479166666667 0.687962962962963 0.6328125 0.6953703703703704 0.63515625 0.7263888888888889 0.6356770833333333 0.7699074074074074 0.63359375 0.8041666666666667 0.62890625 0.8138888888888889 0.6208333333333333 0.8152777777777778 0.6122395833333333 0.8138888888888889 0.6057291666666667 0.8064814814814815 0.6049479166666667 0.7592592592592593 0.6072916666666667 0.7347222222222223 0.6072916666666667 0.7064814814814815 0.609375 0.6930555555555555 0.6125 0.6875 0.6229166666666667 0.6847222222222222
0 0.7442708333333333 0.2564814814814815 0.7489583333333333 0.26342592592592595 0.7518229166666667 0.2791666666666667 0.7536458333333333 0.3458333333333333 0.7515625 0.3574074074074074 0.7411458333333333 0.36018518518518516 0.7307291666666667 0.3574074074074074 0.728125 0.35138888888888886 0.7270833333333333 0.29305555555555557 0.7244791666666667 0.274537037037037 0.73046875 0.25787037037037036 0.7356770833333334 0.2550925925925926 0.7440104166666667 0.2564814814814815
0 0.7013020833333333 0.2513888888888889 0.7080729166666667 0.25462962962962965 0.7111979166666667 0.262037037037037 0.7111979166666667 0.3490740740740741 0.7072916666666667 0.35509259259259257 0.7 0.35648148148148145 0.6924479166666667 0.35555555555555557 0.6875 0.34953703703703703 0.6856770833333333 0.26851851851851855 0.6890625 0.25324074074074077 0.7010416666666667 0.2513888888888889
0 0.96171875 0.12453703703703704 0.9713541666666666 0.12962962962962962 0.9752604166666666 0.14074074074074075 0.97578125 0.22361111111111112 0.97109375 0.23333333333333334 0.9661458333333334 0.2361111111111111 0.953125 0.23194444444444445 0.9486979166666667 0.22453703703703703 0.9473958333333333 0.2162037037037037 0.94765625 0.16435185185185186 0.9455729166666667 0.15648148148148147 0.94609375 0.14305555555555555 0.9505208333333334 0.12962962962962962 0.9614583333333333 0.12453703703703704
0 0.8502604166666666 0.13425925925925927 0.85625 0.13703703703703704 0.8591145833333333 0.14351851851851852 0.86015625 0.2 0.8583333333333333 0.22361111111111112 0.8544270833333333 0.2310185185185185 0.8479166666666667 0.2337962962962963 0.8380208333333333 0.23287037037037037 0.8333333333333334 0.2273148148148148 0.8328125 0.1537037037037037 0.83515625 0.1361111111111111 0.85 0.13425925925925927
0 0.8114583333333333 0.55 0.8213541666666667 0.5537037037037037 0.8244791666666667 0.5657407407407408 0.82578125 0.5814814814814815 0.82578125 0.6532407407407408 0.821875 0.6611111111111111 0.8153645833333333 0.663425925925926 0.8036458333333333 0.6615740740740741 0.8 0.6578703703703703 0.7986979166666667 0.6513888888888889 0.7984375 0.5597222222222222 0.80078125 0.5523148148148148 0.8111979166666666 0.55
0 0.6875 0.4111111111111111 0.6927083333333334 0.4185185185185185 0.6963541666666667 0.4532407407407407 0.6984375 0.5023148148148148 0.6955729166666667 0.5166666666666667 0.6833333333333333 0.5226851851851851 0.6755208333333333 0.5189814814814815 0.671875 0.5106481481481482 0.6666666666666666 0.42685185185185187 0.6682291666666667 0.41805555555555557 0.6721354166666667 0.4125 0.6872395833333333 0.4111111111111111
0 0.8653645833333333 0.6944444444444444 0.86953125 0.700462962962963 0.871875 0.711574074074074 0.8736979166666666 0.7935185185185185 0.8731770833333333 0.8064814814814815 0.8651041666666667 0.8134259259259259 0.84921875 0.8106481481481481 0.8442708333333333 0.7967592592592593 0.8450520833333334 0.7444444444444445 0.8421875 0.7185185185185186 0.84375 0.7027777777777777 0.8479166666666667 0.6953703703703704 0.8520833333333333 0.6930555555555555 0.8651041666666667 0.6944444444444444
0 0.9010416666666666 0.25787037037037036 0.9052083333333333 0.26157407407407407 0.9096354166666667 0.27175925925925926 0.9143229166666667 0.3 0.9125 0.31157407407407406 0.9135416666666667 0.35462962962962963 0.9122395833333333 0.3625 0.9080729166666667 0.3680555555555556 0.8997395833333334 0.37037037037037035 0.8872395833333333 0.3675925925925926 0.8817708333333333 0.35833333333333334 0.88125 0.3486111111111111 0.8833333333333333 0.3402777777777778 0.8828125 0.29907407407407405 0.8786458333333333 0.2861111111111111 0.8848958333333333 0.26157407407407407 0.8919270833333334 0.2574074074074074 0.90078125 0.25787037037037036
0 0.6205729166666667 0.5425925925925926 0.6286458333333333 0.5458333333333333 0.6317708333333333 0.5541666666666667 0.63515625 0.6356481481481482 0.6330729166666667 0.6541666666666667 0.6302083333333334 0.6592592592592592 0.6234375 0.6620370370370371 0.61171875 0.6601851851851852 0.6072916666666667 0.6513888888888889 0.6041666666666666 0.575462962962963 0.6044270833333333 0.5560185185185185 0.6065104166666667 0.5472222222222223 0.6203125 0.5425925925925926
0 0.896875 0.5615740740740741 0.9033854166666667 0.5652777777777778 0.90625 0.5708333333333333 0.9080729166666667 0.6212962962962963 0.9067708333333333 0.6597222222222222 0.9026041666666667 0.6689814814814815 0.8971354166666666 0.6708333333333333 0.8830729166666667 0.6694444444444444 0.8809895833333333 0.6657407407407407 0.8791666666666667 0.6203703703703703 0.8802083333333334 0.5666666666666667 0.8869791666666667 0.5615740740740741 0.8966145833333333 0.5615740740740741
0 0.6627604166666666 0.12268518518518519 0.6721354166666667 0.12638888888888888 0.67421875 0.13333333333333333 0.6752604166666667 0.2111111111111111 0.6734375 0.22685185185185186 0.66171875 0.23796296296296296 0.653125 0.2361111111111111 0.6481770833333333 0.23148148148148148 0.64609375 0.22407407407407406 0.6458333333333334 0.2101851851851852 0.65078125 0.13240740740740742 0.6546875 0.12453703703703704 0.6625 0.12268518518518519
0 0.7791666666666667 0.5518518518518518 0.7861979166666667 0.5560185185185185 0.78828125 0.562037037037037 0.7908854166666667 0.6277777777777778 0.7901041666666667 0.6509259259259259 0.7861979166666667 0.6569444444444444 0.7794270833333333 0.6597222222222222 0.7700520833333333 0.6583333333333333 0.7653645833333333 0.65 0.7619791666666667 0.586574074074074 0.7619791666666667 0.5666666666666667 0.7640625 0.5578703703703703 0.7690104166666667 0.5532407407407407 0.77890625 0.5518518518518518
0 0.5908854166666667 0.12129629629629629 0.5973958333333333 0.12407407407407407 0.6 0.1310185185185185 0.5994791666666667 0.2175925925925926 0.59296875 0.23148148148148148 0.58515625 0.23425925925925925 0.5778645833333333 0.2310185185185185 0.5723958333333333 0.22037037037037038 0.5744791666666667 0.1300925925925926 0.5783854166666667 0.12268518518518519 0.590625 0.12129629629629629
0 0.5903645833333333 0.24259259259259258 0.5994791666666667 0.24814814814814815 0.6018229166666667 0.2884259259259259 0.6015625 0.35509259259259257 0.5986979166666667 0.36574074074074076 0.5924479166666666 0.3685185185185185 0.5778645833333333 0.3662037037037037 0.57421875 0.3597222222222222 0.5729166666666666 0.3490740740740741 0.5747395833333333 0.2550925925925926 0.578125 0.24537037037037038 0.5901041666666667 0.24259259259259258
0 0.9377604166666667 0.5523148148148148 0.94375 0.5597222222222222 0.9463541666666667 0.5708333333333333 0.9489583333333333 0.6504629629629629 0.9486979166666667 0.6643518518518519 0.9466145833333334 0.6708333333333333 0.9377604166666667 0.6763888888888889 0.925 0.6736111111111112 0.9208333333333333 0.6652777777777777 0.9182291666666667 0.65 0.9161458333333333 0.5722222222222222 0.9166666666666666 0.5611111111111111 0.9213541666666667 0.5537037037037037 0.9375 0.5523148148148148
0 0.5888020833333333 0.6921296296296297 0.5940104166666667 0.6972222222222222 0.59609375 0.7055555555555556 0.5966145833333333 0.7175925925925926 0.59453125 0.7291666666666666 0.5958333333333333 0.7402777777777778 0.59453125 0.7657407407407407 0.5958333333333333 0.7689814814814815 0.5908854166666667 0.8143518518518519 0.5809895833333333 0.8203703703703704 0.5713541666666667 0.8189814814814815 0.56640625 0.8078703703703703 0.5690104166666666 0.7111111111111111 0.5708333333333333 0.6967592592592593 0.5731770833333333 0.6930555555555555 0.5885416666666666 0.6921296296296297
0 0.7033854166666667 0.6847222222222222 0.7104166666666667 0.6916666666666667 0.7125 0.7041666666666667 0.7106770833333333 0.7949074074074074 0.7088541666666667 0.8009259259259259 0.7033854166666667 0.8032407407407407 0.6875 0.8013888888888889 0.6833333333333333 0.7972222222222223 0.6817708333333333 0.7912037037037037 0.68515625 0.6925925925925925 0.6908854166666667 0.6842592592592592 0.703125 0.6847222222222222
0 0.7403645833333333 0.6953703703703704 0.7447916666666666 0.7 0.7466145833333333 0.7078703703703704 0.75 0.7833333333333333 0.74609375 0.7912037037037037 0.7377604166666667 0.7930555555555555 0.7270833333333333 0.7916666666666666 0.72421875 0.7861111111111111 0.71953125 0.7078703703703704 0.7213541666666666 0.6995370370370371 0.7236979166666667 0.6972222222222222 0.7401041666666667 0.6953703703703704
0 0.54765625 0.6791666666666667 0.5526041666666667 0.6842592592592592 0.5544270833333333 0.6953703703703704 0.5552083333333333 0.7689814814814815 0.55234375 0.7893518518518519 0.5432291666666667 0.7967592592592593 0.5322916666666667 0.7944444444444444 0.528125 0.7861111111111111 0.5263020833333333 0.6990740740740741 0.528125 0.6856481481481481 0.5322916666666667 0.6800925925925926 0.5372395833333333 0.6773148148148148 0.5473958333333333 0.6791666666666667
0 0.6604166666666667 0.2657407407407407 0.6674479166666667 0.2675925925925926 0.6708333333333333 0.27175925925925926 0.6729166666666667 0.2912037037037037 0.67109375 0.3458333333333333 0.6682291666666667 0.3527777777777778 0.6635416666666667 0.3541666666666667 0.65 0.35324074074074074 0.6466145833333333 0.3476851851851852 0.6473958333333333 0.27685185185185185 0.65078125 0.2675925925925926 0.66015625 0.2657407407407407
0 0.7799479166666666 0.12037037037037036 0.7838541666666666 0.12638888888888888 0.78515625 0.1439814814814815 0.7859375 0.20277777777777778 0.7833333333333333 0.2162037037037037 0.7807291666666667 0.22037037037037038 0.7708333333333334 0.22314814814814815 0.76328125 0.22037037037037038 0.7627604166666667 0.21342592592592594 0.7578125 0.20972222222222223 0.7567708333333333 0.13796296296296295 0.75859375 0.12685185185185185 0.76171875 0.12129629629629629 0.7796875 0.12037037037037036
0 0.5526041666666667 0.5365740740740741 0.5583333333333333 0.5393518518518519 0.5596354166666667 0.5458333333333333 0.5578125 0.5953703703703703 0.5588541666666667 0.6310185185185185 0.5559895833333334 0.6504629629629629 0.5473958333333333 0.6546296296296297 0.5361979166666667 0.6518518518518519 0.53203125 0.6439814814814815 0.5322916666666667 0.6162037037037037 0.534375 0.5995370370370371 0.53359375 0.5638888888888889 0.5356770833333333 0.537962962962963 0.55234375 0.5365740740740741
0 0.8002604166666667 0.4041666666666667 0.8315104166666667 0.4097222222222222 0.8411458333333334 0.4148148148148148 0.8432291666666667 0.4310185185185185 0.8421875 0.45 0.8375 0.4564814814814815 0.8315104166666667 0.4583333333333333 0.7825520833333334 0.45185185185185184 0.7760416666666666 0.44675925925925924 0.7723958333333333 0.4356481481481482 0.7723958333333333 0.42268518518518516 0.77578125 0.4101851851851852 0.7838541666666666 0.4041666666666667 0.8 0.4041666666666667
0 0.6268229166666667 0.23842592592592593 0.6346354166666667 0.24212962962962964 0.63828125 0.2513888888888889 0.6372395833333333 0.30416666666666664 0.6393229166666666 0.324537037037037 0.6372395833333333 0.3449074074074074 0.6268229166666667 0.35138888888888886 0.6143229166666667 0.34814814814814815 0.6119791666666666 0.3421296296296296 0.6114583333333333 0.33194444444444443 0.61171875 0.24953703703703703 0.61328125 0.2439814814814815 0.6171875 0.24027777777777778 0.6265625 0.23842592592592593
0 0.42994791666666665 0.47314814814814815 0.4356770833333333 0.4810185185185185 0.4390625 0.49074074074074076 0.4395833333333333 0.5009259259259259 0.43776041666666665 0.5092592592592593 0.40859375 0.549074074074074 0.3932291666666667 0.5638888888888889 0.38697916666666665 0.5606481481481481 0.38046875 0.5458333333333333 0.37916666666666665 0.5351851851851852 0.38177083333333334 0.5254629629629629 0.41692708333333334 0.47962962962962963 0.425 0.4726851851851852 0.4296875 0.47314814814814815
0 0.6625 0.9828703703703704 0.6682291666666667 0.987037037037037 0.6731770833333334 0.999537037037037 0.6458333333333334 0.999537037037037 0.6505208333333333 0.9837962962962963 0.6622395833333333 0.9828703703703704
0 0.8526041666666667 0.24861111111111112 0.8591145833333333 0.25416666666666665 0.8625 0.26481481481481484 0.86640625 0.33564814814814814 0.8638020833333333 0.35185185185185186 0.8510416666666667 0.35509259259259257 0.8450520833333334 0.35509259259259257 0.8401041666666667 0.3486111111111111 0.8346354166666666 0.2652777777777778 0.83828125 0.25324074074074077 0.85234375 0.24861111111111112
0 0.7799479166666666 0.23657407407407408 0.7864583333333334 0.24166666666666667 0.7901041666666667 0.2513888888888889 0.7908854166666667 0.3212962962962963 0.7888020833333333 0.3416666666666667 0.7802083333333333 0.3476851851851852 0.76875 0.3458333333333333 0.7645833333333333 0.3388888888888889 0.7625 0.2791666666666667 0.76328125 0.25092592592592594 0.7651041666666667 0.24305555555555555 0.7721354166666666 0.2361111111111111 0.7796875 0.23657407407407408
0 0.7416666666666667 0.5388888888888889 0.7489583333333333 0.5430555555555555 0.7505208333333333 0.5504629629629629 0.7502604166666667 0.6305555555555555 0.74765625 0.6402777777777777 0.7390625 0.6449074074074074 0.7307291666666667 0.6439814814814815 0.72578125 0.6370370370370371 0.7260416666666667 0.5458333333333333 0.7302083333333333 0.5398148148148149 0.74140625 0.5388888888888889
0 0.6268229166666667 0.1050925925925926 0.6348958333333333 0.11296296296296296 0.63828125 0.1527777777777778 0.6361979166666667 0.20694444444444443 0.63359375 0.21388888888888888 0.62578125 0.21851851851851853 0.6158854166666666 0.2175925925925926 0.6125 0.21435185185185185 0.61015625 0.2023148148148148 0.6109375 0.11851851851851852 0.6122395833333333 0.1125 0.6161458333333333 0.10787037037037037 0.6265625 0.1050925925925926
0 0.9674479166666666 0.25092592592592594 0.9752604166666666 0.262037037037037 0.97578125 0.3013888888888889 0.978125 0.325 0.9739583333333334 0.35648148148148145 0.96484375 0.362962962962963 0.9528645833333333 0.36018518518518516 0.94453125 0.3453703703703704 0.9466145833333334 0.30648148148148147 0.9447916666666667 0.2722222222222222 0.9510416666666667 0.25324074074074077 0.9565104166666667 0.25 0.9671875 0.25092592592592594
0 0.8565104166666667 0.5541666666666667 0.8671875 0.5587962962962963 0.8692708333333333 0.5731481481481482 0.8661458333333333 0.6583333333333333 0.8635416666666667 0.6708333333333333 0.8567708333333334 0.6773148148148148 0.8419270833333333 0.6731481481481482 0.8380208333333333 0.6611111111111111 0.8419270833333333 0.575462962962963 0.8450520833333334 0.5601851851851852 0.8481770833333333 0.5550925925925926 0.85625 0.5541666666666667
0 0.6596354166666667 0.6953703703703704 0.671875 0.6990740740740741 0.6736979166666667 0.7046296296296296 0.67265625 0.7898148148148149 0.6692708333333334 0.8041666666666667 0.6627604166666666 0.8111111111111111 0.6494791666666667 0.8083333333333333 0.6466145833333333 0.8046296296296296 0.6455729166666667 0.7967592592592593 0.6471354166666666 0.7087962962962963 0.6505208333333333 0.6976851851851852 0.659375 0.6953703703703704
0 0.7044270833333334 0.5574074074074075 0.71171875 0.5601851851851852 0.7140625 0.5675925925925925 0.71484375 0.6212962962962963 0.7109375 0.6259259259259259 0.6932291666666667 0.625462962962963 0.6908854166666667 0.6208333333333333 0.6921875 0.5953703703703703 0.6911458333333333 0.5625 0.6953125 0.5583333333333333 0.7041666666666667 0.5574074074074075
0 0.7838541666666666 0.6837962962962963 0.78828125 0.6884259259259259 0.7903645833333334 0.6962962962962963 0.7932291666666667 0.7833333333333333 0.7893229166666667 0.8004629629629629 0.7794270833333333 0.8064814814814815 0.7692708333333333 0.8032407407407407 0.7653645833333333 0.7962962962962963 0.7619791666666667 0.7412037037037037 0.7627604166666667 0.7055555555555556 0.765625 0.6861111111111111 0.78359375 0.6837962962962963
0 0.70234375 0.12407407407407407 0.7083333333333334 0.12638888888888888 0.7106770833333333 0.1361111111111111 0.7106770833333333 0.2101851851851852 0.7072916666666667 0.21898148148148147 0.6981770833333333 0.2222222222222222 0.6890625 0.2199074074074074 0.6854166666666667 0.2101851851851852 0.6859375 0.13287037037037036 0.6895833333333333 0.12638888888888888 0.7020833333333333 0.12407407407407407
0 0.815625 0.23842592592592593 0.8203125 0.24074074074074073 0.82265625 0.24675925925925926 0.82578125 0.2967592592592593 0.8247395833333333 0.3212962962962963 0.821875 0.32546296296296295 0.8143229166666667 0.32731481481481484 0.80546875 0.3263888888888889 0.8010416666666667 0.32083333333333336 0.8020833333333334 0.2949074074074074 0.79921875 0.25462962962962965 0.8002604166666667 0.2462962962962963 0.803125 0.24074074074074073 0.8153645833333333 0.23842592592592593
0 0.8153645833333333 0.6888888888888889 0.82265625 0.6925925925925925 0.82578125 0.6986111111111111 0.8270833333333333 0.7541666666666667 0.8255208333333334 0.7916666666666666 0.8213541666666667 0.7976851851851852 0.815625 0.8004629629629629 0.8067708333333333 0.7981481481481482 0.8018229166666667 0.7930555555555555 0.7994791666666666 0.7810185185185186 0.7984375 0.7513888888888889 0.79921875 0.6962962962962963 0.8049479166666667 0.6898148148148148 0.8151041666666666 0.6888888888888889