0 0.8895833333333333 0.11481481481481481 0.8963541666666667 0.1175925925925926 0.8984375 0.12361111111111112 0.9020833333333333 0.18287037037037038 0.8989583333333333 0.22407407407407406 0.8947916666666667 0.22962962962962963 0.8872395833333333 0.23194444444444445 0.878125 0.2310185185185185 0.8723958333333334 0.22037037037037038 0.8729166666666667 0.16712962962962963 0.8703125 0.1398148148148148 0.8755208333333333 0.11851851851851852 0.8893229166666666 0.11481481481481481
0 0.8109375 0.09351851851851851 0.8171875 0.09537037037037037 0.821875 0.10185185185185185 0.8255208333333334 0.1287037037037037 0.82578125 0.16111111111111112 0.8236979166666667 0.18564814814814815 0.8213541666666667 0.19212962962962962 0.8145833333333333 0.19537037037037036 0.80234375 0.19305555555555556 0.7986979166666667 0.18425925925925926 0.7994791666666666 0.15138888888888888 0.79765625 0.11342592592592593 0.803125 0.09675925925925925 0.8106770833333333 0.09351851851851851
0 0.628125 0.6754629629629629 0.63359375 0.6796296296296296 0.6364583333333333 0.6893518518518519 0.63828125 0.7560185185185185 0.6348958333333333 0.7958333333333333 0.6268229166666667 0.8041666666666667 0.61640625 0.8037037037037037 0.6109375 0.8004629629629629 0.6078125 0.7949074074074074 0.6088541666666667 0.7643518518518518 0.60625 0.7430555555555556 0.6088541666666667 0.7208333333333333 0.6088541666666667 0.6953703703703704 0.6119791666666666 0.6819444444444445 0.61796875 0.675 0.6278645833333333 0.6754629629629629
0 0.746875 0.24675925925925926 0.7518229166666667 0.25416666666666665 0.7533854166666667 0.262037037037037 0.75546875 0.3421296296296296 0.7520833333333333 0.3486111111111111 0.7453125 0.350462962962963 0.7348958333333333 0.35 0.73046875 0.3425925925925926 0.72734375 0.2675925925925926 0.7283854166666667 0.25787037037037036 0.7330729166666666 0.24814814814814815 0.7390625 0.2449074074074074 0.7466145833333333 0.24675925925925926
0 0.7010416666666667 0.2412037037037037 0.71171875 0.24583333333333332 0.7145833333333333 0.26990740740740743 0.7138020833333333 0.3375 0.7114583333333333 0.3435185185185185 0.7067708333333333 0.34629629629629627 0.6924479166666667 0.3453703703703704 0.6890625 0.3351851851851852 0.6885416666666667 0.2523148148148148 0.69140625 0.2439814814814815 0.70078125 0.2412037037037037
0 0.9666666666666667 0.11527777777777778 0.9744791666666667 0.12129629629629629 0.97734375 0.12731481481481483 0.9786458333333333 0.2101851851851852 0.97734375 0.21851851851851853 0.9747395833333333 0.2222222222222222 0.9638020833333333 0.2263888888888889 0.95546875 0.22268518518518518 0.9502604166666667 0.20879629629629629 0.95078125 0.17916666666666667 0.9484375 0.14305555555555555 0.9494791666666667 0.12962962962962962 0.9533854166666667 0.11898148148148148 0.9596354166666666 0.11481481481481481 0.96640625 0.11527777777777778
0 0.85 0.12407407407407407 0.85625 0.125 0.8606770833333334 0.12962962962962962 0.8622395833333333 0.1574074074074074 0.8611979166666667 0.21296296296296297 0.8578125 0.2212962962962963 0.8505208333333333 0.22407407407407406 0.83828125 0.22175925925925927 0.8348958333333333 0.21388888888888888 0.8364583333333333 0.1300925925925926 0.83828125 0.1259259259259259 0.8497395833333333 0.12407407407407407
0 0.8184895833333333 0.5407407407407407 0.8223958333333333 0.5425925925925926 0.8260416666666667 0.5532407407407407 0.8286458333333333 0.6032407407407407 0.8276041666666667 0.6439814814814815 0.82421875 0.6504629629629629 0.81796875 0.6523148148148148 0.80546875 0.6509259259259259 0.8013020833333333 0.6444444444444445 0.7997395833333333 0.5574074074074075 0.80234375 0.5430555555555555 0.8182291666666667 0.5407407407407407
0 0.8625 0.6828703703703703 0.8697916666666666 0.6875 0.8731770833333333 0.6986111111111111 0.8747395833333333 0.7273148148148149 0.875 0.7902777777777777 0.8731770833333333 0.7976851851851852 0.8645833333333334 0.8018518518518518 0.8505208333333333 0.799074074074074 0.84453125 0.7833333333333333 0.846875 0.7351851851851852 0.8440104166666667 0.6962962962962963 0.8505208333333333 0.6842592592592592 0.8622395833333333 0.6828703703703703
0 0.853125 0.23842592592592593 0.8606770833333334 0.24259259259259258 0.8651041666666667 0.2523148148148148 0.86875 0.32222222222222224 0.8661458333333333 0.34074074074074073 0.8513020833333333 0.3458333333333333 0.8432291666666667 0.3421296296296296 0.8403645833333333 0.3314814814814815 0.8369791666666667 0.25462962962962965 0.8377604166666667 0.24768518518518517 0.840625 0.24305555555555555 0.8528645833333334 0.23842592592592593
0 0.5942708333333333 0.1111111111111111 0.6 0.11481481481481481 0.60234375 0.12175925925925926 0.60234375 0.1865740740740741 0.59921875 0.21574074074074073 0.5953125 0.2222222222222222 0.58984375 0.22407407407407406 0.5802083333333333 0.22083333333333333 0.5744791666666667 0.2064814814814815 0.5765625 0.13518518518518519 0.578125 0.11574074074074074 0.5841145833333333 0.11157407407407408 0.5940104166666667 0.1111111111111111
0 0.58515625 0.9888888888888889 0.5916666666666667 0.9921296296296296 0.59296875 0.999537037037037 0.56640625 0.999537037037037 0.5674479166666667 0.9944444444444445 0.5713541666666667 0.9907407407407407 0.5848958333333333 0.9888888888888889
0 0.66171875 0.9629629629629629 0.66640625 0.9657407407407408 0.6729166666666667 0.9773148148148149 0.67421875 0.999537037037037 0.6442708333333333 0.999537037037037 0.646875 0.9712962962962963 0.65078125 0.9652777777777778 0.6614583333333334 0.9629629629629629
0 0.5533854166666666 0.5259259259259259 0.5604166666666667 0.5287037037037037 0.5619791666666667 0.5324074074074074 0.5619791666666667 0.6162037037037037 0.559375 0.6375 0.5510416666666667 0.6439814814814815 0.5372395833333333 0.6402777777777777 0.53515625 0.6365740740740741 0.5341145833333333 0.625462962962963 0.5364583333333334 0.5328703703703703 0.5403645833333334 0.5263888888888889 0.553125 0.5259259259259259
0 0.6265625 0.09490740740740741 0.6338541666666667 0.09814814814814815 0.6385416666666667 0.10972222222222222 0.6403645833333333 0.15601851851851853 0.6375 0.20185185185185187 0.6302083333333334 0.20787037037037037 0.6192708333333333 0.2074074074074074 0.61484375 0.20277777777777778 0.6122395833333333 0.1925925925925926 0.61171875 0.14907407407407408 0.6135416666666667 0.13518518518518519 0.6135416666666667 0.10925925925925926 0.6184895833333334 0.09861111111111111 0.6263020833333334 0.09537037037037037
0 0.6265625 0.5328703703703703 0.63125 0.5356481481481481 0.6341145833333334 0.5462962962962963 0.6372395833333333 0.6342592592592593 0.6325520833333333 0.6476851851851851 0.6236979166666666 0.6518518518518519 0.61328125 0.649074074074074 0.609375 0.6393518518518518 0.6057291666666667 0.5555555555555556 0.6067708333333334 0.5430555555555555 0.609375 0.5356481481481481 0.6263020833333334 0.5328703703703703
0 0.9361979166666666 0.5412037037037037 0.9434895833333333 0.5462962962962963 0.9473958333333333 0.5574074074074075 0.9497395833333333 0.5824074074074074 0.95 0.6365740740740741 0.95 0.6523148148148148 0.9479166666666666 0.6615740740740741 0.9453125 0.6652777777777777 0.93671875 0.6666666666666666 0.9270833333333334 0.6652777777777777 0.921875 0.6509259259259259 0.9182291666666667 0.5708333333333333 0.9182291666666667 0.5537037037037037 0.9208333333333333 0.5467592592592593 0.9260416666666667 0.5425925925925926 0.9359375 0.5412037037037037
0 0.6723958333333333 0.11388888888888889 0.6760416666666667 0.11944444444444445 0.6786458333333333 0.14305555555555555 0.6763020833333333 0.18981481481481483 0.6778645833333333 0.21435185185185185 0.675 0.22083333333333333 0.6630208333333333 0.22777777777777777 0.6536458333333334 0.225 0.6489583333333333 0.2162037037037037 0.6494791666666667 0.15787037037037038 0.65390625 0.11851851851851852 0.6611979166666667 0.1125 0.6721354166666667 0.11388888888888889
0 0.7809895833333333 0.5416666666666666 0.7885416666666667 0.5467592592592593 0.790625 0.5537037037037037 0.7934895833333333 0.6300925925925925 0.78984375 0.6453703703703704 0.7778645833333333 0.649074074074074 0.7716145833333333 0.6476851851851851 0.7661458333333333 0.6333333333333333 0.7645833333333333 0.5555555555555556 0.7653645833333333 0.549537037037037 0.7692708333333333 0.5444444444444444 0.7807291666666667 0.5416666666666666
0 0.5953125 0.2324074074074074 0.6010416666666667 0.23564814814814813 0.6026041666666667 0.24166666666666667 0.6036458333333333 0.33935185185185185 0.6028645833333334 0.34675925925925927 0.5989583333333334 0.35462962962962963 0.5921875 0.35833333333333334 0.5815104166666667 0.35694444444444445 0.5763020833333333 0.3472222222222222 0.5770833333333333 0.25324074074074077 0.5778645833333333 0.23935185185185184 0.5796875 0.23564814814814813 0.5875 0.23148148148148148 0.5950520833333334 0.2324074074074074
0 0.7098958333333333 0.5472222222222223 0.7153645833333333 0.5523148148148148 0.7177083333333333 0.5740740740740741 0.7169270833333333 0.612037037037037 0.7106770833333333 0.6157407407407407 0.6953125 0.6152777777777778 0.6924479166666667 0.6125 0.6940104166666666 0.5893518518518519 0.6927083333333334 0.5537037037037037 0.6955729166666667 0.549074074074074 0.7096354166666666 0.5472222222222223
0 0.6989583333333333 0.6731481481481482 0.71015625 0.6777777777777778 0.7135416666666666 0.6902777777777778 0.7143229166666667 0.7416666666666667 0.7125 0.7861111111111111 0.7072916666666667 0.7921296296296296 0.6890625 0.7902777777777777 0.68515625 0.7865740740740741 0.6838541666666667 0.7805555555555556 0.6861979166666666 0.6893518518518519 0.6903645833333333 0.6754629629629629 0.6986979166666667 0.6731481481481482
0 0.7380208333333333 0.6833333333333333 0.7466145833333333 0.6893518518518519 0.7497395833333333 0.7101851851851851 0.7518229166666667 0.7708333333333334 0.7497395833333333 0.7777777777777778 0.74296875 0.7814814814814814 0.72734375 0.7787037037037037 0.7223958333333333 0.7208333333333333 0.7231770833333333 0.6893518518518519 0.7278645833333334 0.6851851851851852 0.7377604166666667 0.6833333333333333
0 0.5458333333333333 0.6666666666666666 0.5533854166666666 0.6712962962962963 0.5557291666666667 0.6787037037037037 0.5567708333333333 0.7662037037037037 0.5533854166666666 0.7800925925925926 0.5453125 0.7851851851851852 0.5348958333333333 0.7833333333333333 0.53046875 0.7759259259259259 0.52890625 0.6847222222222222 0.5322916666666667 0.6708333333333333 0.5455729166666666 0.6666666666666666
0 0.6658854166666667 0.2564814814814815 0.6731770833333334 0.262037037037037 0.6752604166666667 0.274537037037037 0.6736979166666667 0.3365740740740741 0.6721354166666667 0.34305555555555556 0.6684895833333333 0.34444444444444444 0.6510416666666666 0.3425925925925926 0.6486979166666667 0.33564814814814814 0.6505208333333333 0.26342592592592595 0.65390625 0.25787037037037036 0.665625 0.2564814814814815
0 0.7802083333333333 0.10925925925925926 0.78671875 0.1162037037037037 0.7890625 0.17175925925925925 0.78671875 0.2037037037037037 0.78359375 0.2101851851851852 0.77734375 0.2125 0.7677083333333333 0.20972222222222223 0.7614583333333333 0.20046296296296295 0.7614583333333333 0.15694444444444444 0.759375 0.12546296296296297 0.76171875 0.11435185185185186 0.7643229166666666 0.1111111111111111 0.7799479166666666 0.10925925925925926
0 0.5869791666666667 0.6805555555555556 0.5953125 0.6851851851851852 0.5981770833333333 0.6967592592592593 0.5953125 0.7912037037037037 0.5927083333333333 0.8013888888888889 0.5861979166666667 0.8083333333333333 0.5729166666666666 0.8046296296296296 0.5690104166666666 0.7962962962962963 0.5677083333333334 0.7828703703703703 0.5697916666666667 0.7722222222222223 0.5690104166666666 0.7546296296296297 0.5716145833333334 0.7412037037037037 0.5705729166666667 0.7291666666666666 0.5736979166666667 0.6861111111111111 0.5778645833333333 0.6810185185185185 0.58671875 0.6805555555555556
0 0.8114583333333333 0.37824074074074077 0.8486979166666667 0.38657407407407407 0.85625 0.3921296296296296 0.8578125 0.3972222222222222 0.8572916666666667 0.41898148148148145 0.85390625 0.43148148148148147 0.85 0.43333333333333335 0.821875 0.4300925925925926 0.7955729166666666 0.4217592592592593 0.7932291666666667 0.4152777777777778 0.7932291666666667 0.4046296296296296 0.7966145833333333 0.38333333333333336 0.80234375 0.37824074074074077 0.8111979166666666 0.37824074074074077
0 0.8942708333333333 0.5504629629629629 0.9028645833333333 0.5532407407407407 0.9078125 0.5606481481481481 0.9091145833333333 0.5949074074074074 0.90859375 0.6472222222222223 0.9033854166666667 0.6583333333333333 0.89765625 0.6611111111111111 0.8828125 0.6574074074074074 0.8802083333333334 0.6092592592592593 0.88125 0.5578703703703703 0.884375 0.5527777777777778 0.8940104166666667 0.5504629629629629
0 0.5442708333333334 0.9907407407407407 0.55078125 0.9935185185185185 0.5533854166666666 0.999537037037037 0.53125 0.999537037037037 0.5333333333333333 0.9935185185185185 0.5440104166666667 0.9907407407407407
0 0.7830729166666667 0.2273148148148148 0.7901041666666667 0.23472222222222222 0.7932291666666667 0.25092592592592594 0.7934895833333333 0.3106481481481482 0.79140625 0.33194444444444443 0.7830729166666667 0.3384259259259259 0.771875 0.3365740740740741 0.7671875 0.3282407407407407 0.7651041666666667 0.2564814814814815 0.765625 0.24027777777777778 0.76875 0.2310185185185185 0.7755208333333333 0.22685185185185186 0.7828125 0.2273148148148148
0 0.74140625 0.5282407407407408 0.7489583333333333 0.5314814814814814 0.7520833333333333 0.5370370370370371 0.7528645833333333 0.5875 0.7520833333333333 0.625 0.7489583333333333 0.6314814814814815 0.7419270833333333 0.6347222222222222 0.7309895833333333 0.6324074074074074 0.7268229166666667 0.6231481481481481 0.7286458333333333 0.5356481481481481 0.7307291666666667 0.5310185185185186 0.7411458333333333 0.5282407407407408
0 0.96875 0.24074074074074073 0.9747395833333333 0.2449074074074074 0.9783854166666667 0.25462962962962965 0.9799479166666667 0.2949074074074074 0.9778645833333334 0.34120370370370373 0.9739583333333334 0.3490740740740741 0.9671875 0.3527777777777778 0.953125 0.34953703703703703 0.9466145833333334 0.3347222222222222 0.9486979166666667 0.29212962962962963 0.946875 0.26342592592592595 0.94921875 0.25092592592592594 0.953125 0.24305555555555555 0.95859375 0.23981481481481481 0.9684895833333333 0.24074074074074073
0 0.8591145833333333 0.5439814814814815 0.86953125 0.55 0.87109375 0.5652777777777778 0.8674479166666667 0.6546296296296297 0.8627604166666667 0.6652777777777777 0.8591145833333333 0.6666666666666666 0.8453125 0.6648148148148149 0.8408854166666667 0.6583333333333333 0.8395833333333333 0.6467592592592593 0.84453125 0.5569444444444445 0.8489583333333334 0.5449074074074074 0.8588541666666667 0.5439814814814815
0 0.8572916666666667 0.986574074074074 0.8658854166666666 0.9902777777777778 0.86953125 0.999537037037037 0.8424479166666666 0.999537037037037 0.8455729166666667 0.9898148148148148 0.85703125 0.986574074074074
0 0.65703125 0.6851851851851852 0.6734375 0.6893518518518519 0.67578125 0.6958333333333333 0.6763020833333333 0.7078703703703704 0.6747395833333333 0.7796296296296297 0.6690104166666667 0.7976851851851852 0.6614583333333334 0.8004629629629629 0.65 0.7962962962962963 0.6463541666666667 0.7759259259259259 0.6489583333333333 0.7449074074074075 0.6489583333333333 0.700925925925926 0.6518229166666667 0.6884259259259259 0.6567708333333333 0.6851851851851852
0 0.7552083333333334 0 0.8171875 0 0.8106770833333333 0.008333333333333333 0.7940104166666667 0.007407407407407408 0.7684895833333333 0.014351851851851852 0.7591145833333334 0.012037037037037037 0.7552083333333334 0.000462962962962963
0 0.41119791666666666 0 0.43828125 0 0.4348958333333333 0.02962962962962963 0.4317708333333333 0.03657407407407407 0.42578125 0.04212962962962963 0.41770833333333335 0.040740740740740744 0.4114583333333333 0.02962962962962963 0.41015625 0.021296296296296296 0.41119791666666666 0.000462962962962963
0 0.71328125 0.43425925925925923 0.7174479166666666 0.43703703703703706 0.7203125 0.4439814814814815 0.7229166666666667 0.4666666666666667 0.7205729166666667 0.4740740740740741 0.7122395833333334 0.4810185185185185 0.6682291666666667 0.5032407407407408 0.6611979166666667 0.5018518518518519 0.6565104166666667 0.49444444444444446 0.6536458333333334 0.4773148148148148 0.6559895833333333 0.46296296296296297 0.6614583333333334 0.4564814814814815 0.6778645833333333 0.4476851851851852 0.7130208333333333 0.43425925925925923
0 0.7841145833333333 0.6726851851851852 0.7888020833333333 0.6754629629629629 0.79140625 0.6819444444444445 0.7934895833333333 0.700925925925926 0.7940104166666667 0.7407407407407407 0.7934895833333333 0.7805555555555556 0.78984375 0.7916666666666666 0.78515625 0.7949074074074074 0.7760416666666666 0.7949074074074074 0.76953125 0.7902777777777777 0.7666666666666667 0.7824074074074074 0.76484375 0.7601851851851852 0.7666666666666667 0.7449074074074075 0.76484375 0.7277777777777777 0.76640625 0.6787037037037037 0.76953125 0.6736111111111112 0.7838541666666666 0.6726851851851852
0 0.7002604166666667 0.11342592592592593 0.71015625 0.1162037037037037 0.7130208333333333 0.12314814814814815 0.7143229166666667 0.16712962962962963 0.7135416666666666 0.19722222222222222 0.71171875 0.2050925925925926 0.7078125 0.2101851851851852 0.7010416666666667 0.2125 0.690625 0.20972222222222223 0.6877604166666667 0.19953703703703704 0.6890625 0.11990740740740741 0.6919270833333333 0.11574074074074074 0.7 0.11342592592592593
0 0.82109375 0.22962962962962963 0.825 0.23657407407407408 0.8265625 0.2462962962962963 0.8270833333333333 0.30787037037037035 0.8244791666666667 0.3148148148148148 0.8153645833333333 0.3175925925925926 0.8075520833333333 0.31712962962962965 0.803125 0.3111111111111111 0.8036458333333333 0.28379629629629627 0.8015625 0.24444444444444444 0.8020833333333334 0.2375 0.80546875 0.23055555555555557 0.8208333333333333 0.22962962962962963
0 0.8973958333333333 0.24722222222222223 0.9044270833333333 0.24861111111111112 0.9096354166666667 0.25555555555555554 0.9158854166666667 0.2875 0.9158854166666667 0.33055555555555555 0.91328125 0.35462962962962963 0.9075520833333334 0.3592592592592593 0.8963541666666667 0.36018518518518516 0.8901041666666667 0.3578703703703704 0.88359375 0.3490740740740741 0.88359375 0.3347222222222222 0.8861979166666667 0.3277777777777778 0.8859375 0.31342592592592594 0.884375 0.28888888888888886 0.88046875 0.274537037037037 0.88671875 0.25324074074074077 0.8911458333333333 0.24861111111111112 0.8971354166666666 0.24768518518518517
0 0.6309895833333333 0.22916666666666666 0.6372395833333333 0.23287037037037037 0.6408854166666667 0.24444444444444444 0.63984375 0.2800925925925926 0.6411458333333333 0.325 0.6388020833333333 0.337037037037037 0.62734375 0.34120370370370373 0.6192708333333333 0.33935185185185185 0.61484375 0.33194444444444443 0.6140625 0.23981481481481481 0.6153645833333333 0.23425925925925925 0.6190104166666667 0.23055555555555557 0.6307291666666667 0.22916666666666666
0 0.9997395833333333 0.43194444444444446 0.9997395833333333 0.47962962962962963 0.9635416666666666 0.5055555555555555 0.9565104166666667 0.5018518518518519 0.9513020833333333 0.4912037037037037 0.9489583333333333 0.4777777777777778 0.9502604166666667 0.4671296296296296 0.9614583333333333 0.45555555555555555 0.9903645833333333 0.4351851851851852 0.9994791666666667 0.43194444444444446
0 0.8182291666666667 0.6782407407407407 0.8270833333333333 0.6865740740740741 0.8286458333333333 0.7416666666666667 0.82734375 0.7791666666666667 0.8234375 0.7861111111111111 0.8153645833333333 0.7893518518518519 0.803125 0.7833333333333333 0.8002604166666667 0.7731481481481481 0.8018229166666667 0.7199074074074074 0.7997395833333333 0.6930555555555555 0.80390625 0.6810185185185185 0.81796875 0.6782407407407407