0 0.1109375 0.33611111111111114 0.057291666666666664 0.04259259259259259
0 0.42916666666666664 0.28888888888888886 0.05625 0.040740740740740744
0 0.5927083333333333 0.24259259259259258 0.058333333333333334 0.04814814814814815
0 0.115625 0.287962962962963 0.052083333333333336 0.04259259259259259
0 0.9411458333333333 0.3888888888888889 0.065625 0.040740740740740744
0 0.9380208333333333 0.5777777777777777 0.05520833333333333 0.040740740740740744
0 0.94375 0.4361111111111111 0.0625 0.03888888888888889
0 0.2677083333333333 0.337037037037037 0.052083333333333336 0.037037037037037035
0 0.7604166666666666 0.337037037037037 0.05416666666666667 0.040740740740740744
0 0.9317708333333333 0.25 0.04895833333333333 0.037037037037037035
0 0.8760416666666667 0.4324074074074074 0.06041666666666667 0.046296296296296294
0 0.8864583333333333 0.48518518518518516 0.06458333333333334 0.037037037037037035
0 0.7140625 0.5361111111111111 0.06145833333333333 0.03888888888888889
0 0.7020833333333333 0.24259259259259258 0.05416666666666667 0.044444444444444446
0 0.42864583333333334 0.7759259259259259 0.059375 0.040740740740740744
0 0.21666666666666667 0.575 0.052083333333333336 0.03888888888888889
0 0.7072916666666667 0.725925925925926 0.052083333333333336 0.040740740740740744
0 0.7609375 0.8712962962962963 0.065625 0.04259259259259259
0 0.7661458333333333 0.725 0.05520833333333333 0.03148148148148148
0 0.8854166666666666 0.5351851851851852 0.06041666666666667 0.037037037037037035
0 0.37552083333333336 0.38796296296296295 0.04895833333333333 0.04259259259259259
0 0.8755208333333333 0.34444444444444444 0.057291666666666664 0.040740740740740744
0 0.7625 0.5796296296296296 0.05625 0.040740740740740744
0 0.5986979166666667 0.5324074074074074 0.058854166666666666 0.04259259259259259
0 0.27239583333333334 0.24351851851851852 0.05520833333333333 0.03888888888888889
0 0.5994791666666667 0.5824074074074074 0.051041666666666666 0.03888888888888889
0 0.275 0.575925925925926 0.05 0.040740740740740744
0 0.9494791666666667 0.8722222222222222 0.06354166666666666 0.044444444444444446
0 0.59375 0.7805555555555556 0.0625 0.04259259259259259
0 0.11822916666666666 0.4351851851851852 0.057291666666666664 0.037037037037037035
0 0.9385416666666667 0.6259259259259259 0.05625 0.040740740740740744
0 0.3723958333333333 0.8222222222222222 0.053125 0.040740740740740744
0 0.4359375 0.575 0.053125 0.03888888888888889
0 0.5385416666666667 0.387037037037037 0.05625 0.040740740740740744
0 0.9453125 0.7731481481481481 0.057291666666666664 0.03888888888888889
0 0.27239583333333334 0.2916666666666667 0.051041666666666666 0.03888888888888889
0 0.540625 0.725 0.06666666666666667 0.04259259259259259
0 0.9307291666666667 0.20555555555555555 0.051041666666666666 0.040740740740740744
0 0.8744791666666667 0.2574074074074074 0.05520833333333333 0.040740740740740744
0 0.8822916666666667 0.5777777777777777 0.05 0.037037037037037035
0 0.7625 0.3907407407407407 0.0625 0.044444444444444446
0 0.10364583333333334 0.8703703703703703 0.059375 0.040740740740740744
0 0.940625 0.29444444444444445 0.05625 0.040740740740740744
0 0.7619791666666667 0.18888888888888888 0.07604166666666666 0.05185185185185185
0 0.10572916666666667 0.7712962962962963 0.04895833333333333 0.03518518518518519
0 0.1140625 0.387037037037037 0.04895833333333333 0.040740740740740744
0 0.534375 0.825925925925926 0.06041666666666667 0.044444444444444446
0 0.43125 0.7157407407407408 0.0625 0.03888888888888889
0 0.1140625 0.4824074074074074 0.046875 0.03518518518518519
0 0.11041666666666666 0.674074074074074 0.052083333333333336 0.040740740740740744
0 0.050520833333333334 0.5277777777777778 0.057291666666666664 0.037037037037037035
0 0.26614583333333336 0.3824074074074074 0.05520833333333333 0.03888888888888889
0 0.4036458333333333 0.8833333333333333 0.09270833333333334 0.05185185185185185
0 0.43072916666666666 0.43148148148148147 0.05520833333333333 0.037037037037037035
0 0.05625 0.43425925925925923 0.05 0.03888888888888889
0 0.2140625 0.6240740740740741 0.051041666666666666 0.040740740740740744
0 0.7677083333333333 0.6814814814814815 0.06041666666666667 0.037037037037037035
0 0.7625 0.8203703703703704 0.052083333333333336 0.037037037037037035
0 0.1046875 0.5416666666666666 0.06770833333333333 0.046296296296296294
0 0.37552083333333336 0.6277777777777778 0.051041666666666666 0.044444444444444446
0 0.7598958333333333 0.24537037037037038 0.04895833333333333 0.03888888888888889
0 0.0546875 0.48333333333333334 0.05520833333333333 0.037037037037037035
0 0.4317708333333333 0.38425925925925924 0.057291666666666664 0.03888888888888889
0 0.26458333333333334 0.4351851851851852 0.04791666666666667 0.037037037037037035
0 0.9489583333333333 0.8231481481481482 0.05625 0.03888888888888889
0 0.7645833333333333 0.6351851851851852 0.06041666666666667 0.040740740740740744
0 0.378125 0.337037037037037 0.04791666666666667 0.040740740740740744
0 0.8869791666666667 0.7722222222222223 0.051041666666666666 0.037037037037037035
0 0.2682291666666667 0.8203703703703704 0.057291666666666664 0.037037037037037035
0 0.534375 0.8870370370370371 0.06041666666666667 0.044444444444444446
0 0.5994791666666667 0.4305555555555556 0.057291666666666664 0.046296296296296294
0 0.065625 0.2490740740740741 0.04791666666666667 0.03888888888888889
0 0.43645833333333334 0.6296296296296297 0.05416666666666667 0.04814814814814815
0 0.27239583333333334 0.6777777777777778 0.053125 0.044444444444444446
0 0.5390625 0.4351851851851852 0.05520833333333333 0.040740740740740744
0 0.5453125 0.6305555555555555 0.051041666666666666 0.04259259259259259
0 0.05 0.7175925925925926 0.05 0.03148148148148148
0 0.7005208333333334 0.30092592592592593 0.04895833333333333 0.04259259259259259
0 0.8744791666666667 0.2064814814814815 0.051041666666666666 0.03888888888888889
0 0.7510416666666667 0.4925925925925926 0.04791666666666667 0.037037037037037035
0 0.11197916666666667 0.7231481481481481 0.036458333333333336 0.03888888888888889
0 0.5375 0.487962962962963 0.0625 0.046296296296296294
0 0.2125 0.7694444444444445 0.05 0.03888888888888889
0 0.10520833333333333 0.8175925925925925 0.05 0.03518518518518519
0 0.7630208333333334 0.774074074074074 0.057291666666666664 0.040740740740740744
0 0.22916666666666666 0.1125 0.0625 0.058333333333333334
0 0.7020833333333333 0.6324074074074074 0.05416666666666667 0.03888888888888889
0 0.8869791666666667 0.8231481481481482 0.05520833333333333 0.03888888888888889
0 0.6049479166666667 0.3365740740740741 0.07760416666666667 0.05462962962962963
0 0.6015625 0.6324074074074074 0.05520833333333333 0.03888888888888889
0 0.2682291666666667 0.8731481481481481 0.05520833333333333 0.03888888888888889
0 0.596875 0.8268518518518518 0.058333333333333334 0.03888888888888889
0 0.20625 0.8787037037037037 0.05 0.04259259259259259
0 0.0515625 0.6481481481481481 0.05520833333333333 0.040740740740740744
0 0.434375 0.48518518518518516 0.05625 0.040740740740740744
0 0.9450520833333333 0.725462962962963 0.0640625 0.04722222222222222
0 0.11979166666666667 0.2462962962962963 0.05 0.037037037037037035
0 0.2682291666666667 0.4824074074074074 0.05520833333333333 0.03888888888888889
0 0.05677083333333333 0.2962962962962963 0.05520833333333333 0.040740740740740744
0 0.8716145833333333 0.09953703703703703 0.06197916666666667 0.049074074074074076
0 0.88125 0.6296296296296297 0.05625 0.040740740740740744
0 0.21666666666666667 0.387037037037037 0.05 0.040740740740740744
0 0.21822916666666667 0.33611111111111114 0.04895833333333333 0.03888888888888889
0 0.38177083333333334 0.19814814814814816 0.04895833333333333 0.040740740740740744
0 0.7 0.3861111111111111 0.05625 0.03888888888888889
0 0.21875 0.5305555555555556 0.052083333333333336 0.03888888888888889
0 0.4359375 0.10231481481481482 0.05 0.05648148148148148
0 0.7046875 0.7759259259259259 0.051041666666666666 0.044444444444444446
0 0.3828125 0.2490740740740741 0.04895833333333333 0.03888888888888889
0 0.5427083333333333 0.11018518518518519 0.0625 0.053703703703703705
0 0.04791666666666667 0.5824074074074074 0.058333333333333334 0.03888888888888889