0 0.58671875 0.9902777777777778 0.5919270833333333 0.9939814814814815 0.5927083333333333 0.999537037037037 0.5666666666666667 0.999537037037037 0.56796875 0.9949074074074075 0.5723958333333333 0.9912037037037037 0.5864583333333333 0.9902777777777778
0 0.89375 0.1162037037037037 0.8979166666666667 0.12037037037037036 0.8989583333333333 0.12638888888888888 0.9 0.1685185185185185 0.9018229166666667 0.17962962962962964 0.9002604166666667 0.2162037037037037 0.896875 0.22824074074074074 0.8841145833333334 0.2324074074074074 0.8765625 0.2300925925925926 0.8723958333333334 0.22037037037037038 0.8731770833333333 0.1726851851851852 0.8700520833333333 0.14027777777777778 0.8760416666666667 0.11851851851851852 0.8822916666666667 0.11527777777777778 0.8934895833333333 0.1162037037037037
0 0.8153645833333333 0.09444444444444444 0.81953125 0.09768518518518518 0.8231770833333333 0.10601851851851851 0.8260416666666667 0.14907407407407408 0.8234375 0.18796296296296297 0.8216145833333334 0.1925925925925926 0.8153645833333333 0.19583333333333333 0.8041666666666667 0.19444444444444445 0.79921875 0.18935185185185185 0.79765625 0.12129629629629629 0.7984375 0.10972222222222222 0.803125 0.09722222222222222 0.8151041666666666 0.09444444444444444
0 0.6236979166666666 0.6754629629629629 0.6315104166666666 0.6782407407407407 0.6359375 0.6861111111111111 0.63828125 0.7523148148148148 0.6372395833333333 0.7842592592592592 0.6348958333333333 0.7962962962962963 0.6309895833333333 0.8027777777777778 0.625 0.8050925925925926 0.6122395833333333 0.8032407407407407 0.6067708333333334 0.7935185185185185 0.6088541666666667 0.7652777777777777 0.6072916666666667 0.7476851851851852 0.6109375 0.6851851851851852 0.6153645833333333 0.6773148148148148 0.6234375 0.6754629629629629
0 0.74453125 0.24583333333333332 0.7489583333333333 0.2490740740740741 0.7528645833333333 0.25833333333333336 0.75546875 0.3398148148148148 0.7526041666666666 0.3490740740740741 0.74296875 0.35185185185185186 0.734375 0.3509259259259259 0.73046875 0.34305555555555556 0.7270833333333333 0.26342592592592595 0.73046875 0.2518518518518518 0.7338541666666667 0.24768518518518517 0.7442708333333333 0.24583333333333332
0 0.4046875 0.1259259259259259 0.41484375 0.12962962962962962 0.41848958333333336 0.13425925925925927 0.4192708333333333 0.15231481481481482 0.41119791666666666 0.23472222222222222 0.4078125 0.24305555555555555 0.4010416666666667 0.24537037037037038 0.38828125 0.23842592592592593 0.38619791666666664 0.2222222222222222 0.39401041666666664 0.15 0.3984375 0.12962962962962962 0.4044270833333333 0.1259259259259259
0 0.9703125 0.1175925925925926 0.97578125 0.12314814814814815 0.9776041666666667 0.12916666666666668 0.9786458333333333 0.21157407407407408 0.9776041666666667 0.21805555555555556 0.9739583333333334 0.22361111111111112 0.9669270833333333 0.22685185185185186 0.95625 0.22453703703703703 0.9513020833333333 0.21388888888888888 0.9486979166666667 0.1439814814814815 0.9497395833333333 0.1300925925925926 0.9536458333333333 0.11944444444444445 0.9622395833333334 0.11527777777777778 0.9700520833333334 0.1175925925925926
0 0.8549479166666667 0.125 0.86015625 0.1287037037037037 0.8619791666666666 0.1398148148148148 0.8625 0.20462962962962963 0.8596354166666667 0.21944444444444444 0.8526041666666667 0.22453703703703703 0.84140625 0.22407407407407406 0.8364583333333333 0.22037037037037038 0.8346354166666666 0.21342592592592594 0.8346354166666666 0.1986111111111111 0.8369791666666667 0.12962962962962962 0.84140625 0.12546296296296297 0.8546875 0.125
0 0.8200520833333333 0.5421296296296296 0.8244791666666667 0.5476851851851852 0.82734375 0.5666666666666667 0.828125 0.6393518518518518 0.8252604166666667 0.6504629629629629 0.8158854166666667 0.6537037037037037 0.8041666666666667 0.6513888888888889 0.80078125 0.6439814814814815 0.7997395833333333 0.5550925925925926 0.803125 0.5430555555555555 0.8197916666666667 0.5421296296296296
0 0.7026041666666667 0.24212962962962964 0.7098958333333333 0.24444444444444444 0.7122395833333334 0.24814814814814815 0.71484375 0.2800925925925926 0.7138020833333333 0.3388888888888889 0.7098958333333333 0.3458333333333333 0.7033854166666667 0.3476851851851852 0.6934895833333333 0.34675925925925927 0.6895833333333333 0.3416666666666667 0.6877604166666667 0.2967592592592593 0.6890625 0.25 0.6927083333333334 0.24351851851851852 0.70234375 0.24212962962962964
0 0.8619791666666666 0.6837962962962963 0.8697916666666666 0.6875 0.8721354166666667 0.6949074074074074 0.875 0.7310185185185185 0.875 0.7921296296296296 0.8716145833333333 0.8004629629629629 0.86484375 0.8032407407407407 0.85 0.8 0.84453125 0.7833333333333333 0.846875 0.737037037037037 0.8434895833333333 0.7037037037037037 0.8442708333333333 0.6958333333333333 0.8513020833333333 0.6842592592592592 0.86171875 0.6837962962962963
0 0.8979166666666667 0.24768518518518517 0.9059895833333333 0.25046296296296294 0.9106770833333333 0.25833333333333336 0.9161458333333333 0.28888888888888886 0.91484375 0.35185185185185186 0.9114583333333334 0.3578703703703704 0.9010416666666666 0.3611111111111111 0.8908854166666667 0.3592592592592593 0.8833333333333333 0.3486111111111111 0.88359375 0.3351851851851852 0.8861979166666667 0.3314814814814815 0.8861979166666667 0.3138888888888889 0.8848958333333333 0.2884259259259259 0.8807291666666667 0.27685185185185185 0.8869791666666667 0.25416666666666665 0.890625 0.24953703703703703 0.89765625 0.24768518518518517
0 0.59296875 0.23287037037037037 0.6005208333333333 0.23564814814814813 0.6028645833333334 0.24722222222222223 0.6036458333333333 0.3384259259259259 0.603125 0.34814814814814815 0.5989583333333334 0.35555555555555557 0.5893229166666667 0.3592592592592593 0.5802083333333333 0.3560185185185185 0.57578125 0.34629629629629627 0.5768229166666666 0.2537037037037037 0.5786458333333333 0.23703703703703705 0.5854166666666667 0.23287037037037037 0.5927083333333333 0.23287037037037037
0 0.5481770833333334 0.5254629629629629 0.5572916666666666 0.5277777777777778 0.5614583333333333 0.5328703703703703 0.56015625 0.6333333333333333 0.5578125 0.6412037037037037 0.5510416666666667 0.6449074074074074 0.5361979166666667 0.6407407407407407 0.5338541666666666 0.6310185185185185 0.53671875 0.5324074074074074 0.5395833333333333 0.5273148148148148 0.5479166666666667 0.5254629629629629
0 0.625 0.5337962962962963 0.6309895833333333 0.5361111111111111 0.63359375 0.5430555555555555 0.6372395833333333 0.6282407407407408 0.634375 0.6458333333333334 0.6299479166666667 0.6513888888888889 0.625 0.6527777777777778 0.6145833333333334 0.6513888888888889 0.609375 0.6421296296296296 0.6059895833333333 0.562037037037037 0.6067708333333334 0.5430555555555555 0.609375 0.5365740740740741 0.6247395833333333 0.5337962962962963
0 0.6497395833333334 0.44722222222222224 0.6716145833333333 0.45092592592592595 0.6768229166666667 0.45694444444444443 0.67734375 0.4824074074074074 0.67578125 0.4912037037037037 0.6614583333333334 0.49722222222222223 0.6158854166666666 0.49537037037037035 0.6091145833333333 0.4847222222222222 0.60859375 0.46620370370370373 0.6127604166666667 0.45231481481481484 0.6208333333333333 0.44814814814814813 0.6494791666666667 0.44722222222222224
0 0.6708333333333333 0.11388888888888889 0.6760416666666667 0.11944444444444445 0.678125 0.13657407407407407 0.6763020833333333 0.1912037037037037 0.678125 0.21435185185185185 0.6744791666666666 0.22175925925925927 0.6611979166666667 0.22870370370370371 0.65078125 0.22268518518518518 0.6479166666666667 0.2111111111111111 0.6520833333333333 0.12685185185185185 0.65390625 0.11898148148148148 0.6578125 0.11435185185185186 0.6705729166666666 0.11388888888888889
0 0.78125 0.5425925925925926 0.7872395833333333 0.5458333333333333 0.7911458333333333 0.5578703703703703 0.7934895833333333 0.6097222222222223 0.79296875 0.6305555555555555 0.790625 0.6444444444444445 0.7869791666666667 0.6486111111111111 0.78046875 0.65 0.7708333333333334 0.6476851851851851 0.765625 0.6328703703703704 0.7643229166666666 0.5574074074074075 0.7671875 0.5467592592592593 0.7809895833333333 0.5425925925925926
0 0.9364583333333333 0.5421296296296296 0.9427083333333334 0.5462962962962963 0.9471354166666667 0.5569444444444445 0.95 0.5879629629629629 0.9502604166666667 0.6365740740740741 0.9502604166666667 0.6537037037037037 0.9473958333333333 0.6643518518518519 0.9364583333333333 0.6680555555555555 0.9265625 0.6657407407407407 0.9216145833333333 0.6513888888888889 0.9182291666666667 0.5671296296296297 0.9184895833333333 0.5537037037037037 0.9216145833333333 0.5467592592592593 0.9361979166666666 0.5421296296296296
0 0.69921875 0.674074074074074 0.709375 0.6782407407407407 0.7135416666666666 0.6916666666666667 0.7135416666666666 0.7759259259259259 0.7119791666666667 0.7898148148148149 0.7065104166666667 0.7939814814814815 0.68828125 0.7907407407407407 0.6838541666666667 0.7828703703703703 0.6864583333333333 0.6861111111111111 0.6908854166666667 0.6754629629629629 0.6989583333333333 0.674074074074074
0 0.7411458333333333 0.6847222222222222 0.7458333333333333 0.6888888888888889 0.7481770833333333 0.6981481481481482 0.7520833333333333 0.7569444444444444 0.7515625 0.7754629629629629 0.7484375 0.7805555555555556 0.7419270833333333 0.7828703703703703 0.7268229166666667 0.7791666666666667 0.721875 0.700462962962963 0.7223958333333333 0.6921296296296297 0.7268229166666667 0.6865740740740741 0.7408854166666666 0.6847222222222222
0 0.5440104166666667 0.6675925925925926 0.5526041666666667 0.6712962962962963 0.55546875 0.6787037037037037 0.55703125 0.7611111111111111 0.5541666666666667 0.7796296296296297 0.5450520833333333 0.7865740740740741 0.5361979166666667 0.7851851851851852 0.5315104166666667 0.7800925925925926 0.5294270833333333 0.7731481481481481 0.5283854166666667 0.7425925925925926 0.5294270833333333 0.6777777777777778 0.5330729166666667 0.6708333333333333 0.54375 0.6675925925925926
0 0.6653645833333334 0.2569444444444444 0.6721354166666667 0.26064814814814813 0.6752604166666667 0.274537037037037 0.6739583333333333 0.3351851851851852 0.6729166666666667 0.3425925925925926 0.66953125 0.3449074074074074 0.65078125 0.3435185185185185 0.6484375 0.33564814814814814 0.6502604166666667 0.2652777777777778 0.6549479166666666 0.25787037037037036 0.6651041666666667 0.2569444444444444
0 0.7830729166666667 0.1111111111111111 0.7864583333333334 0.11805555555555555 0.7885416666666667 0.14305555555555555 0.7875 0.19953703703703704 0.7841145833333333 0.21064814814814814 0.7760416666666666 0.21388888888888888 0.7661458333333333 0.2101851851851852 0.76171875 0.2013888888888889 0.7614583333333333 0.1537037037037037 0.759375 0.12453703703703704 0.7619791666666667 0.11435185185185186 0.765625 0.11064814814814815 0.7828125 0.1111111111111111
0 0.7744791666666667 0.375 0.8109375 0.38287037037037036 0.8140625 0.38981481481481484 0.8140625 0.40879629629629627 0.8111979166666666 0.42407407407407405 0.8072916666666666 0.42685185185185187 0.7580729166666667 0.4217592592592593 0.7515625 0.4166666666666667 0.7502604166666667 0.3976851851851852 0.7528645833333333 0.3800925925925926 0.7572916666666667 0.37546296296296294 0.77421875 0.375
0 0.6307291666666667 0.22962962962962963 0.6369791666666667 0.2337962962962963 0.640625 0.2462962962962963 0.64140625 0.325 0.6385416666666667 0.3384259259259259 0.63046875 0.3416666666666667 0.6192708333333333 0.3402777777777778 0.6145833333333334 0.33194444444444443 0.6145833333333334 0.26805555555555555 0.6130208333333333 0.24814814814814815 0.6158854166666666 0.23333333333333334 0.63046875 0.22962962962962963
0 0.8940104166666667 0.5513888888888889 0.9020833333333333 0.5537037037037037 0.9078125 0.5625 0.9091145833333333 0.6430555555555556 0.9059895833333333 0.6546296296296297 0.9026041666666667 0.6601851851851852 0.8981770833333333 0.6620370370370371 0.8861979166666667 0.6606481481481481 0.8822916666666667 0.6555555555555556 0.88046875 0.6078703703703704 0.8809895833333333 0.5597222222222222 0.88359375 0.5537037037037037 0.89375 0.5518518518518518
0 0.6625 0.9648148148148148 0.6723958333333333 0.9773148148148149 0.6747395833333333 0.9925925925925926 0.6739583333333333 0.999537037037037 0.6455729166666667 0.999537037037037 0.6455729166666667 0.9736111111111111 0.65078125 0.9662037037037037 0.6622395833333333 0.9648148148148148
0 0.8583333333333333 0.24074074074074073 0.8625 0.24444444444444444 0.8651041666666667 0.2523148148148148 0.8690104166666667 0.324537037037037 0.8658854166666666 0.3421296296296296 0.8557291666666667 0.3458333333333333 0.8455729166666667 0.3453703703703704 0.840625 0.33425925925925926 0.8372395833333334 0.2523148148148148 0.8388020833333333 0.2462962962962963 0.8453125 0.23981481481481481 0.8580729166666666 0.24074074074074073
0 0.78046875 0.2273148148148148 0.7859375 0.22962962962962963 0.7903645833333334 0.2361111111111111 0.7932291666666667 0.25046296296296294 0.7924479166666667 0.32731481481481484 0.78984375 0.33611111111111114 0.78359375 0.3388888888888889 0.7747395833333334 0.3384259259259259 0.76953125 0.3347222222222222 0.7666666666666667 0.3263888888888889 0.7658854166666667 0.3138888888888889 0.765625 0.2412037037037037 0.7690104166666667 0.23194444444444445 0.7802083333333333 0.2273148148148148
0 0.74375 0.5296296296296297 0.7515625 0.5356481481481481 0.7526041666666666 0.5398148148148149 0.753125 0.5888888888888889 0.7520833333333333 0.6236111111111111 0.7479166666666667 0.6333333333333333 0.74140625 0.6356481481481482 0.7307291666666667 0.6333333333333333 0.7270833333333333 0.6263888888888889 0.7276041666666667 0.5430555555555555 0.73046875 0.5319444444444444 0.7434895833333334 0.5296296296296297
0 0.6299479166666667 0.0962962962962963 0.6354166666666666 0.10138888888888889 0.63828125 0.10925925925925926 0.63828125 0.1300925925925926 0.6403645833333333 0.14583333333333334 0.6380208333333334 0.20092592592592592 0.6338541666666667 0.20694444444444443 0.6276041666666666 0.20925925925925926 0.6177083333333333 0.2074074074074074 0.6135416666666667 0.2 0.6119791666666666 0.14953703703703702 0.6145833333333334 0.10555555555555556 0.6197916666666666 0.09768518518518518 0.6296875 0.0962962962962963
0 0.9682291666666667 0.2412037037037037 0.9744791666666667 0.24537037037037038 0.9778645833333334 0.2537037037037037 0.9796875 0.2953703703703704 0.978125 0.34120370370370373 0.97421875 0.34953703703703703 0.9671875 0.35324074074074074 0.953125 0.35 0.9473958333333333 0.3384259259259259 0.9489583333333333 0.2800925925925926 0.946875 0.26342592592592595 0.953125 0.2439814814814815 0.959375 0.24027777777777778 0.96796875 0.2412037037037037
0 0.853125 0.5444444444444444 0.8684895833333334 0.549537037037037 0.8705729166666667 0.5546296296296296 0.8716145833333333 0.5680555555555555 0.8671875 0.6550925925925926 0.86328125 0.6648148148148149 0.8598958333333333 0.6671296296296296 0.8450520833333334 0.6652777777777777 0.8395833333333333 0.6541666666666667 0.8440104166666667 0.5606481481481481 0.8479166666666667 0.5467592592592593 0.8528645833333334 0.5444444444444444
0 0.8588541666666667 0.9879629629629629 0.8653645833333333 0.9907407407407407 0.8690104166666667 0.999537037037037 0.8427083333333333 0.999537037037037 0.8471354166666667 0.9893518518518518 0.85859375 0.9879629629629629
0 0.5924479166666666 0.1111111111111111 0.59921875 0.11435185185185186 0.60234375 0.12268518518518519 0.6026041666666667 0.16666666666666666 0.60078125 0.2064814814814815 0.5986979166666667 0.21666666666666667 0.5919270833333333 0.22407407407407406 0.5848958333333333 0.22407407407407406 0.578125 0.21898148148148147 0.5747395833333333 0.2101851851851852 0.57421875 0.2 0.5770833333333333 0.11944444444444445 0.58203125 0.11296296296296296 0.5921875 0.1111111111111111
0 0.6645833333333333 0.6861111111111111 0.6723958333333333 0.6888888888888889 0.6763020833333333 0.6986111111111111 0.6768229166666667 0.7592592592592593 0.67578125 0.7773148148148148 0.671875 0.7939814814814815 0.66796875 0.799074074074074 0.6614583333333334 0.8009259259259259 0.65078125 0.7976851851851852 0.6471354166666666 0.7898148148148149 0.64609375 0.7759259259259259 0.6484375 0.7449074074074075 0.6471354166666666 0.7273148148148149 0.6484375 0.700925925925926 0.6510416666666666 0.6884259259259259 0.6643229166666667 0.6861111111111111
0 0.7369791666666666 0 0.8020833333333334 0 0.79296875 0.012037037037037037 0.7518229166666667 0.027777777777777776 0.74453125 0.027314814814814816 0.7408854166666666 0.023148148148148147 0.7375 0.011111111111111112 0.7369791666666666 0.000462962962962963
0 0.115625 0 0.14166666666666666 0 0.14270833333333333 0.004166666666666667 0.14140625 0.017592592592592594 0.13776041666666666 0.02638888888888889 0.12994791666666666 0.07083333333333333 0.1265625 0.07824074074074074 0.121875 0.07962962962962963 0.1109375 0.07314814814814814 0.1078125 0.06481481481481481 0.10859375 0.047685185185185185 0.11354166666666667 0.043055555555555555 0.11171875 0.03148148148148148 0.11354166666666667 0.011111111111111112 0.109375 0.005092592592592593 0.115625 0.000462962962962963
0 0.709375 0.5481481481481482 0.7151041666666667 0.5532407407407407 0.7174479166666666 0.5699074074074074 0.7169270833333333 0.6111111111111112 0.7140625 0.6162037037037037 0.6958333333333333 0.6162037037037037 0.6924479166666667 0.6129629629629629 0.6942708333333333 0.5949074074074074 0.6927083333333334 0.5537037037037037 0.6958333333333333 0.549537037037037 0.7091145833333333 0.5481481481481482
0 0.7841145833333333 0.6736111111111112 0.7903645833333334 0.6791666666666667 0.79375 0.700925925925926 0.79375 0.7782407407407408 0.78984375 0.7930555555555555 0.7799479166666666 0.7967592592592593 0.7705729166666667 0.7930555555555555 0.7669270833333334 0.7847222222222222 0.7645833333333333 0.7592592592592593 0.7658854166666667 0.7444444444444445 0.76484375 0.6921296296296297 0.7677083333333333 0.6754629629629629 0.7838541666666666 0.6736111111111112
0 0.7059895833333333 0.11481481481481481 0.7098958333333333 0.11666666666666667 0.7127604166666667 0.12685185185185185 0.7135416666666666 0.19768518518518519 0.7104166666666667 0.20787037037037037 0.7 0.21296296296296297 0.69140625 0.21064814814814814 0.6880208333333333 0.2037037037037037 0.6888020833333334 0.12268518518518519 0.69296875 0.11574074074074074 0.7057291666666666 0.11481481481481481
0 0.5869791666666667 0.6814814814814815 0.59375 0.6842592592592592 0.5973958333333333 0.6893518518518519 0.59921875 0.7064814814814815 0.596875 0.725 0.5953125 0.7902777777777777 0.5924479166666666 0.8023148148148148 0.5854166666666667 0.8092592592592592 0.5716145833333334 0.8050925925925926 0.56875 0.7967592592592593 0.56796875 0.7824074074074074 0.5697916666666667 0.7708333333333334 0.56875 0.7546296296296297 0.5708333333333333 0.7416666666666667 0.5700520833333333 0.7305555555555555 0.57265625 0.6888888888888889 0.5770833333333333 0.6819444444444445 0.58671875 0.6814814814814815
0 0.815625 0.22870370370370371 0.8213541666666667 0.23055555555555557 0.8247395833333333 0.2361111111111111 0.82734375 0.25833333333333336 0.8268229166666666 0.3101851851851852 0.8244791666666667 0.31527777777777777 0.8177083333333334 0.31805555555555554 0.80703125 0.3175925925925926 0.8026041666666667 0.30694444444444446 0.80390625 0.28194444444444444 0.8015625 0.25416666666666665 0.8020833333333334 0.23842592592592593 0.8057291666666667 0.23055555555555557 0.8153645833333333 0.22870370370370371
0 0.9807291666666667 0.4324074074074074 0.99453125 0.4064814814814815 0.9997395833333333 0.40324074074074073 0.9997395833333333 0.4699074074074074 0.9911458333333333 0.47129629629629627 0.9825520833333333 0.46064814814814814 0.9778645833333334 0.4462962962962963 0.9778645833333334 0.4388888888888889 0.9807291666666667 0.43287037037037035
0 0.81875 0.6796296296296296 0.8255208333333334 0.6837962962962963 0.82734375 0.6898148148148148 0.828125 0.7722222222222223 0.8268229166666666 0.7828703703703703 0.8174479166666667 0.7912037037037037 0.8052083333333333 0.7865740740740741 0.80234375 0.7828703703703703 0.8 0.7722222222222223 0.8020833333333334 0.725462962962963 0.8 0.6921296296296297 0.8036458333333333 0.6814814814814815 0.8184895833333333 0.6796296296296296