0 0.88828125 0.13194444444444445 0.89296875 0.13703703703703704 0.8947916666666667 0.15787037037037038 0.8955729166666667 0.2375 0.8919270833333334 0.24583333333333332 0.8838541666666667 0.24861111111111112 0.8731770833333333 0.24722222222222223 0.8684895833333334 0.23703703703703705 0.8671875 0.15601851851851853 0.8690104166666667 0.13842592592592592 0.8716145833333333 0.1337962962962963 0.8880208333333334 0.13194444444444445
0 0.7760416666666666 0.1259259259259259 0.7802083333333333 0.1287037037037037 0.7828125 0.13796296296296295 0.7846354166666667 0.1925925925925926 0.7830729166666667 0.22083333333333333 0.77265625 0.2300925925925926 0.7643229166666666 0.2273148148148148 0.7627604166666667 0.21898148148148147 0.7575520833333333 0.21481481481481482 0.7557291666666667 0.14351851851851852 0.7591145833333334 0.12824074074074074 0.77578125 0.1259259259259259
0 0.6234375 0.6912037037037037 0.6278645833333333 0.6935185185185185 0.6309895833333333 0.7 0.634375 0.7412037037037037 0.6325520833333333 0.7537037037037037 0.63359375 0.7689814814814815 0.63125 0.8111111111111111 0.6286458333333333 0.8175925925925925 0.6205729166666667 0.8208333333333333 0.60859375 0.8189814814814815 0.60390625 0.8106481481481481 0.6041666666666666 0.7791666666666667 0.60234375 0.7611111111111111 0.6049479166666667 0.7166666666666667 0.6080729166666666 0.6967592592592593 0.6122395833333333 0.6916666666666667 0.6231770833333333 0.6912037037037037
0 0.6994791666666667 0.1300925925925926 0.7075520833333333 0.13657407407407407 0.709375 0.20277777777777778 0.7072916666666667 0.2212962962962963 0.6971354166666667 0.22824074074074074 0.6880208333333333 0.2273148148148148 0.6838541666666667 0.21944444444444444 0.6841145833333333 0.14444444444444443 0.6864583333333333 0.13333333333333333 0.69921875 0.1300925925925926
0 0.7385416666666667 0.2611111111111111 0.74609375 0.2675925925925926 0.7494791666666667 0.2851851851851852 0.7515625 0.35555555555555557 0.75 0.362962962962963 0.7455729166666667 0.36666666666666664 0.7299479166666667 0.3638888888888889 0.7268229166666667 0.3592592592592593 0.7255208333333333 0.34814814814814815 0.7236979166666667 0.274537037037037 0.7276041666666667 0.2652777777777778 0.73828125 0.2611111111111111
0 0.9611979166666667 0.13194444444444445 0.97109375 0.14074074074074075 0.9736979166666667 0.16666666666666666 0.9734375 0.22777777777777777 0.96953125 0.23796296296296296 0.9614583333333333 0.24305555555555555 0.9513020833333333 0.23935185185185184 0.9447916666666667 0.2273148148148148 0.9453125 0.20555555555555555 0.9427083333333334 0.15787037037037038 0.9442708333333333 0.14537037037037037 0.9479166666666666 0.1361111111111111 0.9528645833333333 0.13194444444444445 0.9609375 0.13194444444444445
0 0.8075520833333333 0.11018518518518519 0.8138020833333334 0.11342592592592593 0.8184895833333333 0.12268518518518519 0.8213541666666667 0.1537037037037037 0.81875 0.20277777777777778 0.8145833333333333 0.20972222222222223 0.8109375 0.2111111111111111 0.7986979166666667 0.20972222222222223 0.7940104166666667 0.20277777777777778 0.7924479166666667 0.14537037037037037 0.7934895833333333 0.12731481481481483 0.79921875 0.1125 0.8072916666666666 0.11018518518518519
0 0.7770833333333333 0.5578703703703703 0.7825520833333334 0.5606481481481481 0.7854166666666667 0.5671296296296297 0.7885416666666667 0.6236111111111111 0.7872395833333333 0.6578703703703703 0.7846354166666667 0.6625 0.7778645833333333 0.6652777777777777 0.7684895833333333 0.6648148148148149 0.7638020833333333 0.6583333333333333 0.7619791666666667 0.649537037037037 0.7604166666666666 0.611574074074074 0.76015625 0.5703703703703704 0.7614583333333333 0.5638888888888889 0.7658854166666667 0.5592592592592592 0.7768229166666667 0.5578703703703703
0 0.8572916666666667 0.6990740740740741 0.8635416666666667 0.7023148148148148 0.86875 0.7157407407407408 0.8708333333333333 0.7828703703703703 0.8697916666666666 0.8134259259259259 0.86640625 0.8175925925925925 0.8578125 0.8189814814814815 0.8450520833333334 0.8148148148148148 0.8411458333333334 0.8009259259259259 0.8416666666666667 0.7569444444444444 0.8393229166666667 0.7240740740740741 0.8421875 0.7055555555555556 0.8481770833333333 0.6995370370370371 0.85703125 0.6990740740740741
0 0.8981770833333333 0.26435185185185184 0.9057291666666667 0.2726851851851852 0.9078125 0.2810185185185185 0.9083333333333333 0.2967592592592593 0.9114583333333334 0.30694444444444446 0.909375 0.31296296296296294 0.91015625 0.3662037037037037 0.9078125 0.3731481481481482 0.9010416666666666 0.3768518518518518 0.88671875 0.37592592592592594 0.8794270833333333 0.36574074074074076 0.8786458333333333 0.36018518518518516 0.8809895833333333 0.3398148148148148 0.8799479166666667 0.3050925925925926 0.8768229166666667 0.2935185185185185 0.87734375 0.2861111111111111 0.8833333333333333 0.26805555555555555 0.8979166666666667 0.26435185185185184
0 0.6213541666666667 0.549074074074074 0.6270833333333333 0.5518518518518518 0.6299479166666667 0.562037037037037 0.6330729166666667 0.6472222222222223 0.6302083333333334 0.6620370370370371 0.6203125 0.6685185185185185 0.609375 0.6666666666666666 0.6052083333333333 0.6578703703703703 0.6020833333333333 0.5708333333333333 0.6028645833333334 0.5569444444444445 0.6052083333333333 0.5518518518518518 0.62109375 0.549074074074074
0 0.53125 0.4060185185185185 0.5442708333333334 0.4217592592592593 0.5453125 0.43194444444444446 0.5440104166666667 0.43796296296296294 0.5096354166666667 0.513425925925926 0.5026041666666666 0.5194444444444445 0.4979166666666667 0.5189814814814815 0.48880208333333336 0.5078703703703704 0.4861979166666667 0.4981481481481482 0.48671875 0.4861111111111111 0.5002604166666667 0.4537037037037037 0.5190104166666667 0.4185185185185185 0.5260416666666666 0.4074074074074074 0.5309895833333333 0.4060185185185185
0 0.8575520833333333 0.5611111111111111 0.8661458333333333 0.5685185185185185 0.8666666666666667 0.6055555555555555 0.8638020833333333 0.6675925925925926 0.8591145833333333 0.6814814814814815 0.8541666666666666 0.6833333333333333 0.8393229166666667 0.6791666666666667 0.8361979166666667 0.6736111111111112 0.83515625 0.662962962962963 0.8390625 0.5879629629629629 0.8419270833333333 0.5671296296296297 0.8453125 0.5606481481481481 0.8572916666666667 0.5611111111111111
0 0.6677083333333333 0.13055555555555556 0.6708333333333333 0.1337962962962963 0.6731770833333334 0.14675925925925926 0.6721354166666667 0.2263888888888889 0.6682291666666667 0.23796296296296296 0.65859375 0.2439814814814815 0.65 0.2412037037037037 0.64375 0.2273148148148148 0.6473958333333333 0.15 0.64921875 0.1361111111111111 0.65234375 0.1300925925925926 0.6674479166666667 0.13055555555555556
0 0.5885416666666666 0.12731481481481483 0.5942708333333333 0.1300925925925926 0.5971354166666667 0.13518518518518519 0.5989583333333334 0.15648148148148147 0.5958333333333333 0.22592592592592592 0.5921875 0.23564814814814813 0.5854166666666667 0.23935185185185184 0.5768229166666666 0.23796296296296296 0.57109375 0.22916666666666666 0.5697916666666667 0.22037037037037038 0.5703125 0.18055555555555555 0.5736979166666667 0.13240740740740742 0.5778645833333333 0.12824074074074074 0.58828125 0.12731481481481483
0 0.17916666666666667 0.6472222222222223 0.18854166666666666 0.6527777777777778 0.19088541666666667 0.6578703703703703 0.19114583333333332 0.6648148148148149 0.1828125 0.7444444444444445 0.17994791666666668 0.7509259259259259 0.17578125 0.7527777777777778 0.16119791666666666 0.7486111111111111 0.15911458333333334 0.7444444444444445 0.15807291666666667 0.7296296296296296 0.16145833333333334 0.6916666666666667 0.16067708333333333 0.6814814814814815 0.16536458333333334 0.6615740740740741 0.17135416666666667 0.649537037037037 0.17890625 0.6472222222222223
0 0.934375 0.5587962962962963 0.93984375 0.5638888888888889 0.9432291666666667 0.575925925925926 0.9458333333333333 0.6263888888888889 0.9447916666666667 0.6712962962962963 0.94140625 0.6796296296296296 0.9341145833333333 0.6824074074074075 0.921875 0.6791666666666667 0.9174479166666667 0.6689814814814815 0.91328125 0.5773148148148148 0.9143229166666667 0.5671296296296297 0.9182291666666667 0.5606481481481481 0.9244791666666666 0.5578703703703703 0.9341145833333333 0.5587962962962963
0 0.7026041666666667 0.5634259259259259 0.7088541666666667 0.5662037037037037 0.7109375 0.5708333333333333 0.71328125 0.6166666666666667 0.7119791666666667 0.6296296296296297 0.7098958333333333 0.6319444444444444 0.6903645833333333 0.6314814814814815 0.6877604166666667 0.6263888888888889 0.6895833333333333 0.6064814814814815 0.6890625 0.5666666666666667 0.70234375 0.5634259259259259
0 0.69765625 0.6893518518518519 0.70625 0.6944444444444444 0.7104166666666667 0.7087962962962963 0.71015625 0.7777777777777778 0.7083333333333334 0.8032407407407407 0.7067708333333333 0.8074074074074075 0.6997395833333333 0.8092592592592592 0.6833333333333333 0.8064814814814815 0.6802083333333333 0.8027777777777778 0.6791666666666667 0.7967592592592593 0.68203125 0.7023148148148148 0.6864583333333333 0.6912037037037037 0.6973958333333333 0.6893518518518519
0 0.73828125 0.700462962962963 0.7424479166666667 0.7055555555555556 0.7447916666666666 0.7194444444444444 0.7479166666666667 0.7837962962962963 0.7455729166666667 0.7939814814814815 0.73515625 0.7981481481481482 0.7255208333333333 0.7976851851851852 0.72265625 0.7935185185185185 0.71953125 0.762962962962963 0.7200520833333334 0.7407407407407407 0.7177083333333333 0.7097222222222223 0.71875 0.7055555555555556 0.7234375 0.7018518518518518 0.7380208333333333 0.700462962962963
0 0.6377604166666667 0.41712962962962963 0.6440104166666667 0.42453703703703705 0.6513020833333333 0.449537037037037 0.6518229166666667 0.46111111111111114 0.6640625 0.5148148148148148 0.6638020833333333 0.5222222222222223 0.6614583333333334 0.5273148148148148 0.6489583333333333 0.5370370370370371 0.6440104166666667 0.5365740740740741 0.6395833333333333 0.5287037037037037 0.6197916666666666 0.4439814814814815 0.6197916666666666 0.4324074074074074 0.6223958333333334 0.42685185185185187 0.6375 0.41712962962962963
0 0.6622395833333333 0.27314814814814814 0.6690104166666667 0.27870370370370373 0.6705729166666666 0.2953703703703704 0.6682291666666667 0.3560185185185185 0.6614583333333334 0.36064814814814816 0.64765625 0.3592592592592593 0.6447916666666667 0.35555555555555557 0.6440104166666667 0.3476851851851852 0.64609375 0.2800925925925926 0.6518229166666667 0.2726851851851852 0.6619791666666667 0.27314814814814814
0 0.5455729166666666 0.5416666666666666 0.5549479166666667 0.5439814814814815 0.5575520833333333 0.5518518518518518 0.5567708333333333 0.6439814814814815 0.5536458333333333 0.6555555555555556 0.546875 0.6601851851851852 0.5322916666666667 0.6555555555555556 0.5294270833333333 0.6439814814814815 0.5328125 0.5458333333333333 0.5361979166666667 0.5425925925925926 0.5453125 0.5416666666666666
0 0.7002604166666667 0.2574074074074074 0.70859375 0.26481481481481484 0.7104166666666667 0.29259259259259257 0.7098958333333333 0.3537037037037037 0.7080729166666667 0.3625 0.7026041666666667 0.36435185185185187 0.6924479166666667 0.36435185185185187 0.68515625 0.3578703703703704 0.6830729166666667 0.2935185185185185 0.6833333333333333 0.2722222222222222 0.6854166666666667 0.262037037037037 0.6908854166666667 0.25787037037037036 0.7 0.2574074074074074
0 0.6252604166666667 0.24444444444444444 0.6330729166666667 0.24814814814814815 0.6359375 0.2550925925925926 0.6375 0.32685185185185184 0.63515625 0.34953703703703703 0.6299479166666667 0.3560185185185185 0.6231770833333333 0.3574074074074074 0.6140625 0.3560185185185185 0.61015625 0.3486111111111111 0.6088541666666667 0.25833333333333336 0.6143229166666667 0.24675925925925926 0.625 0.24444444444444444
0 0.8924479166666667 0.5675925925925925 0.9020833333333333 0.5731481481481482 0.9044270833333333 0.5847222222222223 0.9044270833333333 0.6611111111111111 0.8989583333333333 0.674074074074074 0.8955729166666667 0.6759259259259259 0.8833333333333333 0.675 0.8783854166666667 0.6699074074074074 0.878125 0.6435185185185185 0.8755208333333333 0.6273148148148148 0.8765625 0.5736111111111111 0.8802083333333334 0.5689814814814815 0.8921875 0.5675925925925925
0 0.7380208333333333 0.5449074074074074 0.7458333333333333 0.5481481481481482 0.7484375 0.5560185185185185 0.7489583333333333 0.6129629629629629 0.7458333333333333 0.6449074074074074 0.7361979166666667 0.6509259259259259 0.7270833333333333 0.649074074074074 0.72265625 0.6416666666666667 0.7223958333333333 0.5671296296296297 0.7244791666666667 0.549074074074074 0.7377604166666667 0.5449074074074074
0 0.659375 0.9800925925925926 0.6661458333333333 0.986574074074074 0.6690104166666667 0.999537037037037 0.6419270833333334 0.999537037037037 0.6450520833333333 0.9842592592592593 0.6505208333333333 0.9805555555555555 0.6591145833333333 0.9800925925925926
0 0.84921875 0.2550925925925926 0.8565104166666667 0.2601851851851852 0.86015625 0.2712962962962963 0.8640625 0.3314814814814815 0.8622395833333333 0.35648148148148145 0.8598958333333333 0.3597222222222222 0.8494791666666667 0.36157407407407405 0.8416666666666667 0.36064814814814816 0.8375 0.35555555555555557 0.8322916666666667 0.28194444444444444 0.8322916666666667 0.27175925925925926 0.8348958333333333 0.2611111111111111 0.8401041666666667 0.25601851851851853 0.8489583333333334 0.2550925925925926
0 0.84921875 0.14074074074074075 0.8544270833333333 0.14351851851851852 0.8567708333333334 0.15 0.8567708333333334 0.2212962962962963 0.8544270833333333 0.2351851851851852 0.84453125 0.23981481481481481 0.8341145833333333 0.23842592592592593 0.8309895833333333 0.23287037037037037 0.8309895833333333 0.1486111111111111 0.8354166666666667 0.14166666666666666 0.8489583333333334 0.14074074074074075
0 0.6255208333333333 0.11157407407407408 0.6296875 0.11481481481481481 0.6341145833333334 0.12638888888888888 0.6356770833333333 0.1685185185185185 0.6333333333333333 0.21666666666666667 0.6236979166666666 0.22453703703703703 0.6125 0.22361111111111112 0.6091145833333333 0.21898148148148147 0.6078125 0.16712962962962963 0.6091145833333333 0.12268518518518519 0.6161458333333333 0.1125 0.6252604166666667 0.11157407407407408
0 0.9627604166666667 0.2569444444444444 0.9700520833333334 0.26296296296296295 0.97265625 0.27175925925925926 0.9729166666666667 0.2861111111111111 0.9755208333333333 0.2962962962962963 0.9755208333333333 0.34120370370370373 0.97421875 0.35462962962962963 0.9708333333333333 0.362962962962963 0.9625 0.36944444444444446 0.9497395833333333 0.36666666666666664 0.9416666666666667 0.3523148148148148 0.9447916666666667 0.29444444444444445 0.9421875 0.28379629629629627 0.9424479166666667 0.27361111111111114 0.9497395833333333 0.25833333333333336 0.9625 0.2569444444444444
0 0.6611979166666667 0.7027777777777777 0.6684895833333333 0.7046296296296296 0.671875 0.711574074074074 0.6721354166666667 0.7449074074074075 0.6690104166666667 0.8060185185185185 0.66484375 0.8134259259259259 0.6604166666666667 0.8162037037037037 0.6466145833333333 0.8138888888888889 0.6434895833333333 0.8069444444444445 0.6424479166666667 0.787962962962963 0.64453125 0.7555555555555555 0.6442708333333333 0.7097222222222223 0.64765625 0.7023148148148148 0.6609375 0.7027777777777777
0 0.7171875 0.38564814814814813 0.74140625 0.38981481481481484 0.7453125 0.39351851851851855 0.7453125 0.4287037037037037 0.7427083333333333 0.43333333333333335 0.7375 0.43472222222222223 0.6921875 0.4324074074074074 0.6854166666666667 0.42777777777777776 0.6833333333333333 0.4078703703703704 0.6856770833333333 0.3907407407407407 0.6940104166666666 0.38564814814814813 0.7169270833333333 0.38564814814814813
0 0.7833333333333333 0.6921296296296297 0.78671875 0.6986111111111111 0.78828125 0.7129629629629629 0.78984375 0.7856481481481481 0.7875 0.8046296296296296 0.7799479166666666 0.812037037037037 0.7692708333333333 0.8106481481481481 0.7622395833333333 0.8037037037037037 0.7606770833333333 0.7092592592592593 0.76171875 0.6958333333333333 0.765625 0.6898148148148148 0.7778645833333333 0.6893518518518519 0.7830729166666667 0.6921296296296297
0 0.7380208333333333 0.09861111111111111 0.74453125 0.10231481481481482 0.7473958333333334 0.10925925925925926 0.7484375 0.1648148148148148 0.7458333333333333 0.2101851851851852 0.7421875 0.2175925925925926 0.7356770833333334 0.22083333333333333 0.72109375 0.21712962962962962 0.7184895833333333 0.20972222222222223 0.7184895833333333 0.19583333333333333 0.7205729166666667 0.17592592592592593 0.71953125 0.15416666666666667 0.7221354166666667 0.10925925925925926 0.7270833333333333 0.10046296296296296 0.7377604166666667 0.09861111111111111
0 0.815625 0.5578703703703703 0.81875 0.5606481481481481 0.821875 0.5708333333333333 0.8236979166666667 0.6458333333333334 0.8221354166666667 0.6638888888888889 0.8122395833333333 0.6689814814814815 0.8 0.6666666666666666 0.7971354166666667 0.6611111111111111 0.7981770833333334 0.6300925925925925 0.7950520833333333 0.5791666666666667 0.7963541666666667 0.5638888888888889 0.7986979166666667 0.5587962962962963 0.8028645833333333 0.5564814814814815 0.8153645833333333 0.5578703703703703
0 0.540625 0.6833333333333333 0.5497395833333333 0.6888888888888889 0.5513020833333333 0.6935185185185185 0.553125 0.7625 0.553125 0.7847222222222222 0.5510416666666667 0.7935185185185185 0.546875 0.8004629629629629 0.540625 0.8023148148148148 0.52890625 0.7986111111111112 0.5255208333333333 0.788425925925926 0.5247395833333334 0.7615740740740741 0.528125 0.7263888888888889 0.52421875 0.7101851851851851 0.5244791666666667 0.6962962962962963 0.5265625 0.6888888888888889 0.5328125 0.6842592592592592 0.5403645833333334 0.6833333333333333
0 0.8122395833333333 0.2449074074074074 0.8190104166666666 0.24814814814814815 0.8208333333333333 0.25277777777777777 0.8234375 0.28935185185185186 0.82265625 0.32731481481481484 0.8208333333333333 0.3314814814814815 0.8145833333333333 0.3347222222222222 0.8020833333333334 0.33287037037037037 0.79921875 0.324537037037037 0.7979166666666667 0.25601851851851853 0.8026041666666667 0.2462962962962963 0.8119791666666667 0.2449074074074074
0 0.7770833333333333 0.24305555555555555 0.78359375 0.24722222222222223 0.7875 0.2569444444444444 0.7895833333333333 0.32407407407407407 0.78671875 0.35 0.7778645833333333 0.35462962962962963 0.765625 0.3523148148148148 0.7627604166666667 0.3453703703703704 0.7604166666666666 0.2912037037037037 0.7619791666666667 0.2513888888888889 0.7690104166666667 0.24351851851851852 0.7768229166666667 0.24305555555555555
0 0.81796875 0.6962962962962963 0.8216145833333334 0.700462962962963 0.8229166666666666 0.7097222222222223 0.825 0.749537037037037 0.8244791666666667 0.7828703703703703 0.821875 0.8004629629629629 0.8145833333333333 0.8055555555555556 0.8036458333333333 0.8046296296296296 0.7984375 0.7962962962962963 0.7966145833333333 0.7032407407407407 0.7986979166666667 0.6981481481481482 0.8026041666666667 0.6958333333333333 0.8177083333333334 0.6962962962962963
0 0.5825520833333333 0.6967592592592593 0.5893229166666667 0.7 0.5932291666666667 0.7074074074074074 0.5916666666666667 0.7393518518518518 0.5927083333333333 0.7555555555555555 0.5911458333333334 0.7620370370370371 0.5895833333333333 0.8175925925925925 0.5856770833333333 0.8236111111111111 0.5791666666666667 0.825925925925926 0.56796875 0.8226851851851852 0.5638020833333334 0.812037037037037 0.56328125 0.8018518518518518 0.56875 0.7032407407407407 0.57421875 0.6967592592592593 0.5822916666666667 0.6967592592592593