0 0.88828125 0.1259259259259259 0.8940104166666667 0.12916666666666668 0.8958333333333334 0.1375 0.8984375 0.20324074074074075 0.8963541666666667 0.2351851851851852 0.8940104166666667 0.23981481481481481 0.8880208333333334 0.24212962962962964 0.8760416666666667 0.24166666666666667 0.8713541666666667 0.23472222222222222 0.8692708333333333 0.22407407407407406 0.8682291666666667 0.16944444444444445 0.86953125 0.13935185185185187 0.871875 0.13055555555555556 0.878125 0.1259259259259259 0.8880208333333334 0.1259259259259259
0 0.8138020833333334 0.10555555555555556 0.81875 0.1125 0.8205729166666667 0.11944444444444445 0.8231770833333333 0.16527777777777777 0.8197916666666667 0.19907407407407407 0.8177083333333334 0.20324074074074075 0.8111979166666666 0.20601851851851852 0.8005208333333333 0.20416666666666666 0.7953125 0.19583333333333333 0.796875 0.16574074074074074 0.7940104166666667 0.12638888888888888 0.8002604166666667 0.10787037037037037 0.80546875 0.10462962962962963 0.8135416666666667 0.10555555555555556
0 0.6252604166666667 0.6856481481481481 0.6302083333333334 0.6884259259259259 0.6328125 0.6958333333333333 0.6354166666666666 0.7657407407407407 0.6333333333333333 0.8037037037037037 0.6299479166666667 0.812962962962963 0.621875 0.8152777777777778 0.6091145833333333 0.8125 0.6052083333333333 0.8064814814814815 0.6049479166666667 0.7685185185185185 0.60703125 0.7587962962962963 0.6067708333333334 0.7134259259259259 0.6091145833333333 0.6925925925925925 0.6158854166666666 0.6861111111111111 0.625 0.6856481481481481
0 0.7828125 0.5537037037037037 0.7875 0.5606481481481481 0.7895833333333333 0.5800925925925926 0.7901041666666667 0.6486111111111111 0.78828125 0.6550925925925926 0.77890625 0.6601851851851852 0.76953125 0.6587962962962963 0.7643229166666666 0.6472222222222223 0.7619791666666667 0.5694444444444444 0.7627604166666667 0.5611111111111111 0.765625 0.5560185185185185 0.77265625 0.5523148148148148 0.7825520833333334 0.5537037037037037
0 0.7416666666666667 0.25601851851851853 0.74921875 0.26342592592592595 0.7520833333333333 0.28425925925925927 0.753125 0.3523148148148148 0.7513020833333334 0.35833333333333334 0.7453125 0.3611111111111111 0.7333333333333333 0.36018518518518516 0.72890625 0.35509259259259257 0.7270833333333333 0.3476851851851852 0.7247395833333333 0.2722222222222222 0.73046875 0.25833333333333336 0.74140625 0.25601851851851853
0 0.030729166666666665 0.3425925925925926 0.0375 0.3449074074074074 0.040364583333333336 0.3490740740740741 0.041666666666666664 0.35509259259259257 0.040625 0.3773148148148148 0.034375 0.41435185185185186 0.03515625 0.42824074074074076 0.0296875 0.44537037037037036 0.023177083333333334 0.45046296296296295 0.0125 0.44722222222222224 0.007291666666666667 0.4398148148148148 0.00859375 0.40046296296296297 0.018229166666666668 0.34629629629629627 0.022916666666666665 0.3425925925925926 0.03046875 0.3425925925925926
0 0.7041666666666667 0.25324074074074077 0.7083333333333334 0.2564814814814815 0.7109375 0.2638888888888889 0.7111979166666667 0.3486111111111111 0.7065104166666667 0.35648148148148145 0.6997395833333333 0.3578703703703704 0.6916666666666667 0.3560185185185185 0.6872395833333333 0.350462962962963 0.6856770833333333 0.2638888888888889 0.6895833333333333 0.2537037037037037 0.70390625 0.25324074074074077
0 0.9640625 0.1259259259259259 0.97109375 0.13194444444444445 0.9744791666666667 0.14027777777777778 0.97578125 0.19907407407407407 0.9744791666666667 0.22824074074074074 0.9705729166666667 0.23425925925925925 0.96484375 0.23657407407407408 0.9546875 0.23472222222222222 0.9479166666666666 0.22453703703703703 0.94609375 0.19074074074074074 0.946875 0.16435185185185186 0.9450520833333333 0.15787037037037038 0.9463541666666667 0.14027777777777778 0.95078125 0.12962962962962962 0.9565104166666667 0.12546296296296297 0.9638020833333333 0.1259259259259259
0 0.8466145833333333 0.13518518518518519 0.8572916666666667 0.13935185185185187 0.859375 0.16944444444444445 0.8580729166666666 0.2222222222222222 0.853125 0.23287037037037037 0.8463541666666666 0.23472222222222222 0.8348958333333333 0.23194444444444445 0.8317708333333333 0.22083333333333333 0.8330729166666667 0.14027777777777778 0.8361979166666667 0.1361111111111111 0.8463541666666666 0.13518518518518519
0 0.6825520833333333 0.38564814814814813 0.6854166666666667 0.3875 0.6895833333333333 0.3972222222222222 0.7044270833333334 0.4703703703703704 0.703125 0.48564814814814816 0.690625 0.49583333333333335 0.68359375 0.4949074074074074 0.67890625 0.4875 0.6635416666666667 0.4111111111111111 0.66484375 0.39537037037037037 0.6755208333333333 0.38657407407407407 0.6822916666666666 0.38564814814814813
0 0.8622395833333333 0.6939814814814815 0.8666666666666667 0.6972222222222222 0.8700520833333333 0.7041666666666667 0.8734375 0.7620370370370371 0.87265625 0.8064814814814815 0.8692708333333333 0.812037037037037 0.8640625 0.8138888888888889 0.8520833333333333 0.812962962962963 0.84765625 0.8097222222222222 0.8453125 0.8032407407407407 0.84375 0.7907407407407407 0.84453125 0.7402777777777778 0.8416666666666667 0.7231481481481481 0.8419270833333333 0.7083333333333334 0.8455729166666667 0.6986111111111111 0.8528645833333334 0.6930555555555555 0.8619791666666666 0.6939814814814815
0 0.6265625 0.5444444444444444 0.6302083333333334 0.549074074074074 0.6322916666666667 0.562962962962963 0.6348958333333333 0.6444444444444445 0.6307291666666667 0.6587962962962963 0.6231770833333333 0.6625 0.6125 0.6615740740740741 0.6088541666666667 0.6578703703703703 0.60703125 0.6513888888888889 0.6041666666666666 0.5583333333333333 0.6057291666666667 0.549074074074074 0.6088541666666667 0.5449074074074074 0.6263020833333334 0.5444444444444444
0 0.8940104166666667 0.562037037037037 0.9041666666666667 0.5671296296296297 0.9067708333333333 0.5833333333333334 0.90703125 0.6569444444444444 0.90234375 0.6689814814814815 0.8971354166666666 0.6717592592592593 0.8833333333333333 0.6703703703703704 0.8796875 0.6638888888888889 0.8791666666666667 0.5685185185185185 0.8817708333333333 0.5638888888888889 0.89375 0.562037037037037
0 0.66640625 0.12407407407407407 0.671875 0.12685185185185185 0.67421875 0.13518518518518519 0.6752604166666667 0.21666666666666667 0.6731770833333334 0.22870370370370371 0.6627604166666666 0.23842592592592593 0.6541666666666667 0.2375 0.6473958333333333 0.23055555555555557 0.64609375 0.20462962962962963 0.65078125 0.1310185185185185 0.6552083333333333 0.12453703703703704 0.6661458333333333 0.12407407407407407
0 0.5940104166666667 0.12314814814814815 0.59921875 0.12824074074074074 0.6005208333333333 0.14027777777777778 0.59921875 0.2175925925925926 0.5934895833333333 0.2310185185185185 0.5869791666666667 0.23472222222222222 0.57734375 0.2310185185185185 0.571875 0.22037037037037038 0.57421875 0.13333333333333333 0.578125 0.12361111111111112 0.59375 0.12314814814814815
0 0.8609375 0.5560185185185185 0.8669270833333333 0.5592592592592592 0.8684895833333334 0.5652777777777778 0.8677083333333333 0.638425925925926 0.8658854166666666 0.6648148148148149 0.86171875 0.675 0.8575520833333333 0.6777777777777778 0.8419270833333333 0.674074074074074 0.83828125 0.6675925925925926 0.8375 0.6550925925925926 0.8419270833333333 0.5712962962962963 0.8453125 0.5597222222222222 0.8486979166666667 0.5550925925925926 0.8606770833333334 0.5560185185185185
0 0.37265625 0.7189814814814814 0.37994791666666666 0.7263888888888889 0.3815104166666667 0.7444444444444445 0.3765625 0.825 0.37421875 0.8347222222222223 0.3692708333333333 0.8393518518518519 0.35911458333333335 0.8388888888888889 0.3536458333333333 0.8351851851851851 0.35104166666666664 0.8282407407407407 0.35 0.8143518518518519 0.35572916666666665 0.7305555555555555 0.3614583333333333 0.7185185185185186 0.3723958333333333 0.7189814814814814
0 0.584375 0.6912037037037037 0.59375 0.6967592592592593 0.5955729166666667 0.7032407407407407 0.5958333333333333 0.7189814814814814 0.5934895833333333 0.7481481481481481 0.5927083333333333 0.8041666666666667 0.5888020833333333 0.8175925925925925 0.58046875 0.8203703703703704 0.5713541666666667 0.8194444444444444 0.5666666666666667 0.8111111111111111 0.56640625 0.7643518518518518 0.56875 0.75 0.5700520833333333 0.6986111111111111 0.57421875 0.6921296296296297 0.5841145833333333 0.6912037037037037
0 0.70234375 0.6847222222222222 0.7083333333333334 0.6893518518518519 0.7119791666666667 0.7041666666666667 0.7106770833333333 0.7907407407407407 0.7088541666666667 0.8004629629629629 0.703125 0.8037037037037037 0.6854166666666667 0.8009259259259259 0.6815104166666667 0.7907407407407407 0.6848958333333334 0.6921296296296297 0.68984375 0.6847222222222222 0.7020833333333333 0.6847222222222222
0 0.7403645833333333 0.6958333333333333 0.7440104166666667 0.6995370370370371 0.74609375 0.7083333333333334 0.74921875 0.7847222222222222 0.7463541666666667 0.7907407407407407 0.7385416666666667 0.7930555555555555 0.72734375 0.7921296296296296 0.7239583333333334 0.7865740740740741 0.7190104166666667 0.7277777777777777 0.7192708333333333 0.7074074074074074 0.7205729166666667 0.700925925925926 0.7236979166666667 0.6972222222222222 0.7401041666666667 0.6958333333333333
0 0.5440104166666667 0.6787037037037037 0.5505208333333333 0.6819444444444445 0.5536458333333333 0.687962962962963 0.5549479166666667 0.7532407407407408 0.5533854166666666 0.7861111111111111 0.5505208333333333 0.7925925925925926 0.5440104166666667 0.7967592592592593 0.5325520833333334 0.7949074074074074 0.5283854166666667 0.7893518518518519 0.52578125 0.7273148148148149 0.5276041666666667 0.6851851851851852 0.5361979166666667 0.6782407407407407 0.54375 0.6787037037037037
0 0.9997395833333333 0.11342592592592593 0.9997395833333333 0.2125 0.9947916666666666 0.2074074074074074 0.9955729166666667 0.16527777777777777 0.9927083333333333 0.13055555555555556 0.99453125 0.11944444444444445 0.9994791666666667 0.11342592592592593
0 0.7013020833333333 0.125 0.7078125 0.12731481481481483 0.7106770833333333 0.1361111111111111 0.7114583333333333 0.18333333333333332 0.7091145833333333 0.2162037037037037 0.7059895833333333 0.22037037037037038 0.6989583333333333 0.22268518518518518 0.6888020833333334 0.22083333333333333 0.6854166666666667 0.21388888888888888 0.6856770833333333 0.13564814814814816 0.6885416666666667 0.12731481481481483 0.7010416666666667 0.125
0 0.8145833333333333 0.6893518518518519 0.8247395833333333 0.6962962962962963 0.8260416666666667 0.7129629629629629 0.8255208333333334 0.7893518518518519 0.82109375 0.7981481481481482 0.81640625 0.8004629629629629 0.8036458333333333 0.7972222222222223 0.7989583333333333 0.7861111111111111 0.7971354166666667 0.7143518518518519 0.7971354166666667 0.7032407407407407 0.8002604166666667 0.6935185185185185 0.8072916666666666 0.6893518518518519 0.8143229166666667 0.6893518518518519
0 0.6580729166666667 0.26666666666666666 0.66640625 0.26805555555555555 0.6705729166666666 0.2726851851851852 0.67265625 0.2986111111111111 0.6705729166666666 0.34814814814814815 0.66796875 0.35324074074074074 0.6575520833333334 0.35462962962962963 0.64765625 0.3523148148148148 0.64609375 0.3416666666666667 0.6473958333333333 0.2763888888888889 0.6505208333333333 0.26851851851851855 0.6578125 0.26666666666666666
0 0.7783854166666667 0.12129629629629629 0.78359375 0.12685185185185185 0.7856770833333333 0.20324074074074075 0.7828125 0.21805555555555556 0.7729166666666667 0.22453703703703703 0.7645833333333333 0.22314814814814815 0.7622395833333333 0.21342592592592594 0.7580729166666667 0.2101851851851852 0.7583333333333333 0.1638888888888889 0.7565104166666666 0.13657407407407407 0.76171875 0.12175925925925926 0.778125 0.12129629629629629
0 0.596875 0.24583333333333332 0.5997395833333333 0.2518518518518518 0.60234375 0.2828703703703704 0.6013020833333333 0.3523148148148148 0.5973958333333333 0.36435185185185187 0.5911458333333334 0.36898148148148147 0.58125 0.36898148148148147 0.5736979166666667 0.3597222222222222 0.5723958333333333 0.3458333333333333 0.57421875 0.25787037037037036 0.5778645833333333 0.24583333333333332 0.5966145833333333 0.24583333333333332
0 0.55 0.5365740740740741 0.5588541666666667 0.5421296296296296 0.5596354166666667 0.5675925925925925 0.5575520833333333 0.600462962962963 0.5583333333333333 0.6361111111111111 0.5557291666666667 0.6504629629629629 0.5505208333333333 0.6546296296296297 0.5361979166666667 0.6523148148148148 0.5325520833333334 0.6476851851851851 0.5315104166666667 0.6412037037037037 0.534375 0.5412037037037037 0.5395833333333333 0.5361111111111111 0.5497395833333333 0.5365740740740741
0 0.80234375 0.4060185185185185 0.8403645833333333 0.4148148148148148 0.8421875 0.41805555555555557 0.84296875 0.4287037037037037 0.8419270833333333 0.449537037037037 0.8385416666666666 0.45555555555555555 0.83203125 0.4587962962962963 0.7848958333333333 0.4532407407407407 0.7763020833333333 0.4486111111111111 0.7729166666666667 0.4388888888888889 0.7721354166666666 0.4287037037037037 0.7731770833333333 0.4185185185185185 0.7765625 0.40925925925925927 0.7833333333333333 0.4046296296296296 0.8020833333333334 0.4060185185185185
0 0.62890625 0.23981481481481481 0.63515625 0.2439814814814815 0.6377604166666667 0.2513888888888889 0.6375 0.2986111111111111 0.6393229166666666 0.324537037037037 0.6372395833333333 0.3453703703703704 0.6265625 0.3523148148148148 0.6158854166666666 0.350462962962963 0.6119791666666666 0.3439814814814815 0.6109375 0.26064814814814813 0.6140625 0.2439814814814815 0.61953125 0.23981481481481481 0.6286458333333333 0.23981481481481481
0 0.9338541666666667 0.5518518518518518 0.9385416666666667 0.5537037037037037 0.9432291666666667 0.5601851851851852 0.94609375 0.5740740740740741 0.9471354166666667 0.5930555555555556 0.9479166666666666 0.663425925925926 0.94453125 0.6731481481481482 0.9385416666666667 0.6763888888888889 0.9283854166666666 0.6759259259259259 0.9213541666666667 0.6689814814814815 0.9171875 0.6226851851851852 0.9184895833333333 0.6055555555555555 0.9166666666666666 0.5916666666666667 0.91640625 0.562037037037037 0.921875 0.5537037037037037 0.93359375 0.5518518518518518
0 0.9580729166666667 0.4212962962962963 0.9674479166666666 0.42824074074074076 0.9997395833333333 0.4736111111111111 0.9997395833333333 0.5046296296296297 0.98984375 0.5157407407407407 0.9861979166666667 0.5152777777777777 0.9731770833333333 0.5009259259259259 0.9421875 0.45601851851851855 0.94140625 0.44675925925925924 0.94609375 0.4305555555555556 0.95 0.42453703703703705 0.9578125 0.4212962962962963
0 0.8541666666666666 0.25 0.8596354166666667 0.2564814814814815 0.8619791666666666 0.2652777777777778 0.8661458333333333 0.3398148148148148 0.8627604166666667 0.35324074074074074 0.8502604166666666 0.3560185185185185 0.8419270833333333 0.35462962962962963 0.8385416666666666 0.3453703703703704 0.834375 0.2652777777777778 0.83515625 0.2587962962962963 0.8388020833333333 0.25277777777777777 0.85390625 0.25
0 0.77734375 0.23657407407407408 0.78671875 0.24351851851851852 0.78984375 0.25462962962962965 0.7903645833333334 0.3282407407407407 0.78671875 0.3453703703703704 0.7765625 0.3486111111111111 0.7671875 0.3449074074074074 0.7638020833333333 0.337037037037037 0.7625 0.2662037037037037 0.7645833333333333 0.24444444444444444 0.77109375 0.2375 0.7770833333333333 0.23657407407407408
0 0.73984375 0.5388888888888889 0.7473958333333334 0.5421296296296296 0.75 0.5467592592592593 0.7510416666666667 0.6060185185185185 0.7484375 0.638425925925926 0.7393229166666667 0.6453703703703704 0.7265625 0.6412037037037037 0.7244791666666667 0.6291666666666667 0.7255208333333333 0.5462962962962963 0.7286458333333333 0.5412037037037037 0.7395833333333334 0.5388888888888889
0 0.6252604166666667 0.10601851851851851 0.6341145833333334 0.1125 0.6377604166666667 0.15 0.6364583333333333 0.20416666666666666 0.6333333333333333 0.21435185185185185 0.6265625 0.21944444444444444 0.6161458333333333 0.21851851851851853 0.6114583333333333 0.21296296296296297 0.6096354166666667 0.18564814814814815 0.6111979166666667 0.11666666666666667 0.6161458333333333 0.10833333333333334 0.625 0.10601851851851851
0 0.9643229166666667 0.25046296296296294 0.9708333333333333 0.25462962962962965 0.97421875 0.2611111111111111 0.9763020833333333 0.28888888888888886 0.975 0.3523148148148148 0.9721354166666667 0.3592592592592593 0.9651041666666667 0.36342592592592593 0.9515625 0.36018518518518516 0.9440104166666666 0.3453703703703704 0.9455729166666667 0.30833333333333335 0.94453125 0.26990740740740743 0.9505208333333334 0.2537037037037037 0.9640625 0.25046296296296294
0 0.8080729166666667 0.5509259259259259 0.8205729166666667 0.5541666666666667 0.8247395833333333 0.5712962962962963 0.8255208333333334 0.6523148148148148 0.8213541666666667 0.6611111111111111 0.8145833333333333 0.6638888888888889 0.8026041666666667 0.6620370370370371 0.7994791666666666 0.6583333333333333 0.7981770833333334 0.6509259259259259 0.7994791666666666 0.6185185185185185 0.7971354166666667 0.5671296296296297 0.8 0.5532407407407407 0.8078125 0.5509259259259259
0 0.6598958333333333 0.6958333333333333 0.6684895833333333 0.6976851851851852 0.6729166666666667 0.7023148148148148 0.6744791666666666 0.7231481481481481 0.67265625 0.7888888888888889 0.6692708333333334 0.8037037037037037 0.6622395833333333 0.8115740740740741 0.64921875 0.8083333333333333 0.6466145833333333 0.8046296296296296 0.6453125 0.7967592592592593 0.6463541666666667 0.7125 0.6502604166666667 0.6990740740740741 0.6596354166666667 0.6958333333333333
0 0.7049479166666667 0.5578703703703703 0.7111979166666667 0.5601851851851852 0.7135416666666666 0.5680555555555555 0.7143229166666667 0.6217592592592592 0.7104166666666667 0.6263888888888889 0.69375 0.6259259259259259 0.6903645833333333 0.6208333333333333 0.6903645833333333 0.5643518518518519 0.6927083333333334 0.5597222222222222 0.7046875 0.5578703703703703
0 0.7807291666666667 0.6837962962962963 0.7864583333333334 0.6865740740740741 0.78984375 0.6995370370370371 0.7921875 0.7842592592592592 0.78828125 0.8004629629629629 0.7802083333333333 0.8069444444444445 0.7697916666666667 0.8041666666666667 0.7645833333333333 0.7962962962962963 0.7619791666666667 0.7097222222222223 0.7653645833333333 0.6861111111111111 0.78046875 0.6837962962962963
0 0.8158854166666667 0.23981481481481481 0.81953125 0.24166666666666667 0.8223958333333333 0.24814814814814815 0.8244791666666667 0.26481481481481484 0.8252604166666667 0.300462962962963 0.8234375 0.3236111111111111 0.8140625 0.3282407407407407 0.80390625 0.32685185185185184 0.8005208333333333 0.32083333333333336 0.8018229166666667 0.2949074074074074 0.7989583333333333 0.2537037037037037 0.8002604166666667 0.2462962962962963 0.8036458333333333 0.24074074074074073 0.815625 0.23981481481481481
0 0.8994791666666667 0.25833333333333336 0.9078125 0.26851851851851855 0.9135416666666667 0.2986111111111111 0.91171875 0.3111111111111111 0.9122395833333333 0.36157407407407405 0.9080729166666667 0.3685185185185185 0.9015625 0.37083333333333335 0.88984375 0.3699074074074074 0.88125 0.3592592592592593 0.8807291666666667 0.34953703703703703 0.8833333333333333 0.3384259259259259 0.8828125 0.30648148148148147 0.8817708333333333 0.2967592592592593 0.878125 0.28703703703703703 0.8802083333333334 0.2740740740740741 0.88515625 0.26157407407407407 0.89921875 0.25833333333333336