0 0.88359375 0.12638888888888888 0.8908854166666667 0.12962962962962962 0.89375 0.14027777777777778 0.8958333333333334 0.21481481481481482 0.89375 0.2375 0.88984375 0.24212962962962964 0.88125 0.24351851851851852 0.8729166666666667 0.24259259259259258 0.8684895833333334 0.2337962962962963 0.8661458333333333 0.15601851851851853 0.8666666666666667 0.14351851851851852 0.8700520833333333 0.1310185185185185 0.8833333333333333 0.12638888888888888
0 0.7690104166666667 0.12083333333333333 0.7783854166666667 0.12314814814814815 0.7809895833333333 0.12962962962962962 0.78359375 0.18564814814814815 0.7828125 0.20555555555555555 0.7802083333333333 0.2199074074074074 0.7690104166666667 0.2273148148148148 0.7619791666666667 0.22361111111111112 0.7557291666666667 0.2101851851851852 0.75703125 0.1912037037037037 0.75546875 0.18287037037037038 0.7549479166666667 0.13148148148148148 0.7588541666666667 0.12314814814814815 0.76875 0.12129629629629629
0 0.6216145833333333 0.687037037037037 0.62734375 0.6898148148148148 0.6302083333333334 0.6958333333333333 0.63203125 0.7337962962962963 0.63046875 0.8027777777777778 0.6265625 0.8134259259259259 0.621875 0.8157407407407408 0.609375 0.8157407407407408 0.6052083333333333 0.8125 0.6018229166666667 0.8041666666666667 0.6010416666666667 0.7912037037037037 0.60546875 0.6962962962962963 0.609375 0.6884259259259259 0.6213541666666667 0.687037037037037
0 0.2526041666666667 0.10462962962962963 0.26197916666666665 0.1111111111111111 0.26458333333333334 0.12453703703703704 0.2552083333333333 0.1875 0.2515625 0.19907407407407407 0.24817708333333333 0.20185185185185187 0.23776041666666667 0.19907407407407407 0.23203125 0.19398148148148148 0.23046875 0.17777777777777778 0.23671875 0.12962962962962962 0.24401041666666667 0.11018518518518519 0.25234375 0.10462962962962963
0 0.7002604166666667 0.1259259259259259 0.7059895833333333 0.12916666666666668 0.7075520833333333 0.1361111111111111 0.7080729166666667 0.2064814814814815 0.7046875 0.2199074074074074 0.69609375 0.22407407407407406 0.6864583333333333 0.2212962962962963 0.6822916666666666 0.21342592592592594 0.6833333333333333 0.14027777777777778 0.6859375 0.12824074074074074 0.7 0.1259259259259259
0 0.73828125 0.2569444444444444 0.7455729166666667 0.26342592592592595 0.7484375 0.2800925925925926 0.7505208333333333 0.34953703703703703 0.7479166666666667 0.3587962962962963 0.7427083333333333 0.36157407407407405 0.7276041666666667 0.35833333333333334 0.72421875 0.3472222222222222 0.721875 0.27314814814814814 0.7270833333333333 0.2601851851851852 0.7380208333333333 0.2569444444444444
0 0.9635416666666666 0.12824074074074074 0.971875 0.1412037037037037 0.9731770833333333 0.21342592592592594 0.9708333333333333 0.2310185185185185 0.9611979166666667 0.23842592592592593 0.9494791666666667 0.23472222222222222 0.9434895833333333 0.22407407407407406 0.9442708333333333 0.19166666666666668 0.9432291666666667 0.16620370370370371 0.9408854166666667 0.15694444444444444 0.9434895833333333 0.1398148148148148 0.94921875 0.12962962962962962 0.9544270833333334 0.12685185185185185 0.96328125 0.12824074074074074
0 0.80859375 0.10601851851851851 0.8138020833333334 0.10925925925925926 0.8184895833333333 0.11990740740740741 0.8205729166666667 0.14629629629629629 0.8203125 0.18611111111111112 0.8174479166666667 0.20185185185185187 0.8078125 0.2074074074074074 0.79921875 0.2064814814814815 0.7924479166666667 0.19675925925925927 0.7919270833333333 0.1259259259259259 0.79765625 0.1087962962962963 0.8083333333333333 0.10601851851851851
0 0.7768229166666667 0.5537037037037037 0.7825520833333334 0.5578703703703703 0.7848958333333333 0.5648148148148148 0.7877604166666666 0.6314814814814815 0.7859375 0.6550925925925926 0.77578125 0.6611111111111111 0.7651041666666667 0.6587962962962963 0.7614583333333333 0.6476851851851851 0.75859375 0.5685185185185185 0.7604166666666666 0.5606481481481481 0.7653645833333333 0.5550925925925926 0.7765625 0.5537037037037037
0 0.853125 0.6944444444444444 0.86328125 0.6976851851851852 0.86796875 0.7148148148148148 0.8697916666666666 0.8069444444444445 0.86875 0.8106481481481481 0.8635416666666667 0.8143518518518519 0.8453125 0.812037037037037 0.8416666666666667 0.8069444444444445 0.83984375 0.7967592592592593 0.84140625 0.7652777777777777 0.83828125 0.7129629629629629 0.8419270833333333 0.7 0.8528645833333334 0.6944444444444444
0 0.7760416666666666 0.23842592592592593 0.7825520833333334 0.24305555555555555 0.7869791666666667 0.25462962962962965 0.78828125 0.3212962962962963 0.7864583333333334 0.3425925925925926 0.7765625 0.35 0.7666666666666667 0.3486111111111111 0.7619791666666667 0.3416666666666667 0.759375 0.2875 0.7614583333333333 0.24814814814814815 0.7684895833333333 0.2388888888888889 0.77578125 0.23842592592592593
0 0.8986979166666667 0.26064814814814813 0.9049479166666666 0.26805555555555555 0.9078125 0.29305555555555557 0.9106770833333333 0.3 0.9088541666666666 0.30694444444444446 0.91015625 0.3541666666666667 0.9091145833333333 0.36342592592592593 0.90625 0.3699074074074074 0.8953125 0.3731481481481482 0.8838541666666667 0.3699074074074074 0.878125 0.3592592592592593 0.8796875 0.3333333333333333 0.8786458333333333 0.3 0.8763020833333334 0.2875 0.8783854166666667 0.2722222222222222 0.8825520833333333 0.2625 0.8888020833333333 0.25972222222222224 0.8984375 0.26064814814814813
0 0.66015625 0.9768518518518519 0.6658854166666667 0.9833333333333333 0.6690104166666667 0.999537037037037 0.63984375 0.999537037037037 0.6403645833333333 0.9898148148148148 0.6440104166666667 0.9800925925925926 0.6513020833333333 0.975925925925926 0.6598958333333333 0.9768518518518519
0 0.6223958333333334 0.5453703703703704 0.6270833333333333 0.55 0.6286458333333333 0.5574074074074075 0.6317708333333333 0.6370370370370371 0.62890625 0.6578703703703703 0.6203125 0.6643518518518519 0.609375 0.6620370370370371 0.60390625 0.6518518518518519 0.6013020833333333 0.6129629629629629 0.6010416666666667 0.5666666666666667 0.6020833333333333 0.5527777777777778 0.6052083333333333 0.5472222222222223 0.6221354166666667 0.5453703703703704
0 0.66171875 0.12453703703703704 0.66796875 0.12638888888888888 0.6703125 0.1300925925925926 0.6721354166666667 0.13703703703703704 0.67265625 0.16157407407407406 0.66953125 0.20092592592592592 0.67109375 0.2273148148148148 0.6666666666666666 0.23425925925925925 0.6591145833333333 0.23935185185185184 0.6471354166666666 0.23472222222222222 0.6434895833333333 0.22777777777777777 0.64296875 0.21296296296296297 0.6455729166666667 0.1925925925925926 0.6479166666666667 0.13333333333333333 0.6518229166666667 0.12638888888888888 0.6614583333333334 0.12453703703703704
0 0.5885416666666666 0.12314814814814815 0.5955729166666667 0.12777777777777777 0.5986979166666667 0.1398148148148148 0.5971354166666667 0.21064814814814814 0.5916666666666667 0.23055555555555557 0.5817708333333333 0.23564814814814813 0.5739583333333333 0.23194444444444445 0.5692708333333333 0.2199074074074074 0.5708333333333333 0.14212962962962963 0.571875 0.1300925925925926 0.5739583333333333 0.12546296296296297 0.58828125 0.12314814814814815
0 0.88828125 0.562962962962963 0.90078125 0.5689814814814815 0.9033854166666667 0.5884259259259259 0.9044270833333333 0.6287037037037037 0.90234375 0.663425925925926 0.9005208333333333 0.6685185185185185 0.8921875 0.6717592592592593 0.8783854166666667 0.6680555555555555 0.8765625 0.662962962962963 0.87578125 0.6439814814814815 0.8747395833333333 0.5708333333333333 0.8796875 0.5638888888888889 0.8880208333333334 0.562962962962963
0 0.8541666666666666 0.5564814814814815 0.8630208333333333 0.5611111111111111 0.865625 0.5685185185185185 0.8643229166666667 0.6333333333333333 0.86328125 0.6574074074074074 0.8604166666666667 0.6722222222222223 0.8567708333333334 0.6773148148148148 0.8494791666666667 0.6791666666666667 0.8408854166666667 0.6768518518518518 0.8361979166666667 0.6712962962962963 0.834375 0.6648148148148149 0.8341145833333333 0.6486111111111111 0.8361979166666667 0.6370370370370371 0.8380208333333333 0.5842592592592593 0.8419270833333333 0.5601851851851852 0.8453125 0.5564814814814815 0.85390625 0.5564814814814815
0 0.7033854166666667 0.5592592592592592 0.7088541666666667 0.562037037037037 0.7104166666666667 0.5675925925925925 0.7114583333333333 0.6226851851851852 0.7098958333333333 0.6273148148148148 0.6950520833333333 0.6277777777777778 0.6893229166666667 0.6277777777777778 0.6872395833333333 0.6231481481481481 0.6890625 0.5953703703703703 0.6875 0.5638888888888889 0.6911458333333333 0.5601851851851852 0.703125 0.5592592592592592
0 0.69453125 0.6851851851851852 0.7044270833333334 0.6888888888888889 0.7091145833333333 0.7060185185185185 0.7072916666666667 0.7972222222222223 0.70625 0.8013888888888889 0.7020833333333333 0.8041666666666667 0.6828125 0.8018518518518518 0.6776041666666667 0.7907407407407407 0.6817708333333333 0.6953703703703704 0.6856770833333333 0.687037037037037 0.6942708333333333 0.6851851851851852
0 0.7361979166666667 0.6962962962962963 0.7411458333333333 0.700462962962963 0.74296875 0.7092592592592593 0.7466145833333333 0.7828703703703703 0.74453125 0.7898148148148149 0.7348958333333333 0.7939814814814815 0.7252604166666666 0.7935185185185185 0.721875 0.7893518518518519 0.7192708333333333 0.7685185185185185 0.7166666666666667 0.7087962962962963 0.7174479166666666 0.7023148148148148 0.7203125 0.6981481481481482 0.7359375 0.6962962962962963
0 0.6979166666666666 0.25324074074074077 0.7057291666666666 0.25787037037037036 0.7083333333333334 0.26805555555555555 0.70859375 0.3458333333333333 0.7072916666666667 0.3537037037037037 0.7020833333333333 0.3578703703703704 0.6888020833333334 0.35694444444444445 0.6848958333333334 0.35324074074074074 0.6815104166666667 0.30925925925925923 0.6815104166666667 0.2861111111111111 0.6846354166666667 0.25787037037037036 0.6890625 0.2537037037037037 0.69765625 0.25324074074074077
0 0.6403645833333333 0.3912037037037037 0.64375 0.39537037037037037 0.6473958333333333 0.4115740740740741 0.6588541666666666 0.49444444444444446 0.65859375 0.500462962962963 0.6559895833333333 0.5046296296296297 0.6434895833333333 0.5120370370370371 0.6375 0.5101851851851852 0.63359375 0.500462962962963 0.6197916666666666 0.41064814814814815 0.6231770833333333 0.39814814814814814 0.6401041666666667 0.3912037037037037
0 0.6580729166666667 0.26805555555555555 0.6653645833333334 0.2708333333333333 0.6684895833333333 0.27546296296296297 0.6703125 0.2935185185185185 0.66796875 0.3486111111111111 0.6661458333333333 0.35462962962962963 0.6614583333333334 0.35694444444444445 0.6463541666666667 0.35462962962962963 0.6432291666666666 0.3458333333333333 0.6453125 0.32083333333333336 0.6450520833333333 0.2759259259259259 0.6473958333333333 0.26990740740740743 0.6578125 0.26805555555555555
0 0.5505208333333333 0.538425925925926 0.5565104166666667 0.5430555555555555 0.5559895833333334 0.6337962962962963 0.55390625 0.649537037037037 0.5442708333333334 0.6560185185185186 0.5325520833333334 0.6532407407407408 0.5291666666666667 0.6458333333333334 0.53125 0.5435185185185185 0.5330729166666667 0.538425925925926 0.5359375 0.5375 0.5502604166666667 0.538425925925926
0 0.6265625 0.24074074074074073 0.6315104166666666 0.2439814814814815 0.63515625 0.25277777777777777 0.6364583333333333 0.32546296296296295 0.634375 0.3458333333333333 0.6302083333333334 0.3509259259259259 0.6221354166666667 0.3527777777777778 0.6125 0.3509259259259259 0.6096354166666667 0.34444444444444444 0.6080729166666666 0.2708333333333333 0.6088541666666667 0.2513888888888889 0.6114583333333333 0.2439814814814815 0.61796875 0.24027777777777778 0.6263020833333334 0.24074074074074073
0 0.48984375 0.5462962962962963 0.5015625 0.5537037037037037 0.5026041666666666 0.5689814814814815 0.49114583333333334 0.662962962962963 0.484375 0.674537037037037 0.46953125 0.6712962962962963 0.465625 0.6643518518518519 0.46458333333333335 0.6546296296296297 0.47734375 0.5578703703703703 0.48098958333333336 0.5467592592592593 0.4895833333333333 0.5462962962962963
0 0.9286458333333333 0.5532407407407407 0.9356770833333333 0.5560185185185185 0.93984375 0.5625 0.9432291666666667 0.5777777777777777 0.9453125 0.6046296296296296 0.94453125 0.6652777777777777 0.9411458333333333 0.675 0.934375 0.6782407407407407 0.9208333333333333 0.675 0.9171875 0.6680555555555555 0.9151041666666667 0.6537037037037037 0.9122395833333333 0.5694444444444444 0.9171875 0.5564814814814815 0.9283854166666666 0.5532407407407407
0 0.7361979166666667 0.5402777777777777 0.746875 0.5467592592592593 0.7489583333333333 0.5921296296296297 0.7466145833333333 0.6361111111111111 0.74140625 0.6449074074074074 0.7341145833333333 0.6472222222222223 0.72578125 0.6449074074074074 0.7216145833333333 0.6370370370370371 0.721875 0.55 0.7244791666666667 0.5430555555555555 0.7359375 0.5402777777777777
0 0.8515625 0.2518518518518518 0.8567708333333334 0.25833333333333336 0.8604166666666667 0.2722222222222222 0.8630208333333333 0.3388888888888889 0.8604166666666667 0.35324074074074074 0.8510416666666667 0.35694444444444445 0.8395833333333333 0.3560185185185185 0.8361979166666667 0.3490740740740741 0.83125 0.26481481481481484 0.8333333333333334 0.2574074074074074 0.8375 0.25277777777777777 0.8513020833333333 0.2518518518518518
0 0.8484375 0.13657407407407407 0.8536458333333333 0.1388888888888889 0.8559895833333333 0.1476851851851852 0.8567708333333334 0.21064814814814814 0.8533854166666667 0.2310185185185185 0.8458333333333333 0.23564814814814813 0.8333333333333334 0.2337962962962963 0.8296875 0.22592592592592592 0.8302083333333333 0.14722222222222223 0.8309895833333333 0.1412037037037037 0.834375 0.1375 0.8481770833333333 0.13657407407407407
0 0.62265625 0.10694444444444444 0.6283854166666667 0.10972222222222222 0.6317708333333333 0.11527777777777778 0.6348958333333333 0.1486111111111111 0.63359375 0.20694444444444443 0.6302083333333334 0.21666666666666667 0.6239583333333333 0.22037037037037038 0.6114583333333333 0.21851851851851853 0.6072916666666667 0.20833333333333334 0.60859375 0.11898148148148148 0.6145833333333334 0.10833333333333334 0.6223958333333334 0.10694444444444444
0 0.9575520833333333 0.2518518518518518 0.9653645833333333 0.2537037037037037 0.9705729166666667 0.25925925925925924 0.9739583333333334 0.28935185185185186 0.97265625 0.3523148148148148 0.9677083333333333 0.36203703703703705 0.96171875 0.3648148148148148 0.9489583333333333 0.362962962962963 0.9411458333333333 0.3486111111111111 0.9432291666666667 0.3143518518518518 0.9432291666666667 0.28564814814814815 0.94140625 0.2773148148148148 0.9424479166666667 0.2671296296296296 0.9481770833333333 0.25462962962962965 0.9572916666666667 0.2518518518518518
0 0.8122395833333333 0.6907407407407408 0.81953125 0.6944444444444444 0.8213541666666667 0.6990740740740741 0.82421875 0.7416666666666667 0.8213541666666667 0.7921296296296296 0.8177083333333334 0.7986111111111112 0.8119791666666667 0.8013888888888889 0.8028645833333333 0.8004629629629629 0.79765625 0.7958333333333333 0.7953125 0.7703703703703704 0.7973958333333333 0.7425925925925926 0.7955729166666666 0.6990740740740741 0.8010416666666667 0.6916666666666667 0.8119791666666667 0.6907407407407408
0 0.659375 0.6976851851851852 0.6692708333333334 0.7027777777777777 0.6716145833333333 0.7416666666666667 0.6690104166666667 0.7615740740740741 0.6674479166666667 0.8013888888888889 0.6638020833333333 0.8101851851851852 0.6575520833333334 0.8125 0.6505208333333333 0.812037037037037 0.6442708333333333 0.8069444444444445 0.6416666666666667 0.7782407407407408 0.6466145833333333 0.7018518518518518 0.6502604166666667 0.6976851851851852 0.6591145833333333 0.6976851851851852
0 0.7328125 0.3837962962962963 0.7424479166666667 0.38657407407407407 0.7455729166666667 0.39351851851851855 0.7447916666666666 0.42407407407407405 0.73828125 0.4305555555555556 0.6888020833333334 0.4273148148148148 0.6856770833333333 0.425462962962963 0.6828125 0.4185185185185185 0.6828125 0.39490740740740743 0.6848958333333334 0.38657407407407407 0.6880208333333333 0.38287037037037036 0.7325520833333333 0.3837962962962963
0 0.7830729166666667 0.6875 0.7869791666666667 0.6990740740740741 0.7890625 0.7833333333333333 0.7864583333333334 0.8009259259259259 0.7822916666666667 0.8069444444444445 0.7768229166666667 0.8087962962962963 0.76640625 0.8050925925925926 0.7614583333333333 0.7962962962962963 0.759375 0.7087962962962963 0.7619791666666667 0.6888888888888889 0.76875 0.6851851851851852 0.7828125 0.6875
0 0.7346354166666667 0.09305555555555556 0.7411458333333333 0.09537037037037037 0.74609375 0.10138888888888889 0.74765625 0.13796296296296295 0.7455729166666667 0.20694444444444443 0.7408854166666666 0.21435185185185185 0.73203125 0.21666666666666667 0.7231770833333333 0.21481481481481482 0.7190104166666667 0.21064814814814814 0.7171875 0.18935185185185185 0.71953125 0.1712962962962963 0.72109375 0.10694444444444444 0.7263020833333333 0.09583333333333334 0.734375 0.09305555555555556
0 0.8096354166666667 0.5523148148148148 0.8177083333333334 0.5560185185185185 0.8200520833333333 0.5625 0.8236979166666667 0.6180555555555556 0.8221354166666667 0.6569444444444444 0.81875 0.6620370370370371 0.8125 0.6643518518518519 0.79921875 0.6625 0.7955729166666666 0.6541666666666667 0.7971354166666667 0.6388888888888888 0.79453125 0.5643518518518519 0.7984375 0.5537037037037037 0.809375 0.5523148148148148
0 0.54140625 0.6796296296296296 0.54765625 0.6828703703703703 0.5502604166666667 0.6893518518518519 0.5518229166666667 0.7675925925925926 0.5505208333333333 0.7888888888888889 0.5473958333333333 0.7939814814814815 0.5401041666666667 0.7981481481481482 0.5296875 0.7962962962962963 0.5247395833333334 0.7865740740740741 0.5236979166666667 0.7444444444444445 0.5260416666666666 0.7231481481481481 0.5229166666666667 0.6986111111111111 0.52578125 0.6837962962962963 0.5411458333333333 0.6796296296296296
0 0.8140625 0.2412037037037037 0.81875 0.24675925925925926 0.8216145833333334 0.2652777777777778 0.82265625 0.31157407407407406 0.82109375 0.325 0.8130208333333333 0.3296296296296296 0.8002604166666667 0.3277777777777778 0.7981770833333334 0.32222222222222224 0.7989583333333333 0.2916666666666667 0.7971354166666667 0.25416666666666665 0.8 0.24259259259259258 0.8138020833333334 0.2412037037037037
0 0.5859375 0.6939814814814815 0.5919270833333333 0.7023148148148148 0.5921875 0.7523148148148148 0.5888020833333333 0.8111111111111111 0.5859375 0.8185185185185185 0.5815104166666667 0.8212962962962963 0.5708333333333333 0.8203703703703704 0.5651041666666666 0.8138888888888889 0.56328125 0.8083333333333333 0.5630208333333333 0.7856481481481481 0.565625 0.7643518518518518 0.5677083333333334 0.6990740740740741 0.57421875 0.6925925925925925 0.5856770833333333 0.6939814814814815