0 0.8859375 0.11851851851851852 0.8916666666666667 0.12037037037037036 0.8953125 0.12638888888888888 0.89765625 0.21712962962962962 0.8947916666666667 0.2324074074074074 0.88515625 0.23703703703703705 0.8739583333333333 0.2351851851851852 0.8697916666666666 0.22407407407407406 0.8700520833333333 0.18194444444444444 0.8669270833333333 0.14722222222222223 0.87265625 0.12175925925925926 0.8856770833333333 0.11851851851851852
0 0.8109375 0.09814814814814815 0.8158854166666667 0.10185185185185185 0.8200520833333333 0.11296296296296296 0.8221354166666667 0.17407407407407408 0.81875 0.19398148148148148 0.8106770833333333 0.2 0.80078125 0.19814814814814816 0.7947916666666667 0.19074074074074074 0.7958333333333333 0.15138888888888888 0.7934895833333333 0.12546296296296297 0.7947916666666667 0.1125 0.79921875 0.10138888888888889 0.8106770833333333 0.09814814814814815
0 0.6270833333333333 0.6824074074074075 0.6317708333333333 0.6884259259259259 0.6330729166666667 0.6949074074074074 0.6341145833333334 0.7685185185185185 0.63203125 0.8023148148148148 0.6299479166666667 0.8078703703703703 0.6239583333333333 0.8111111111111111 0.609375 0.8097222222222222 0.6049479166666667 0.8032407407407407 0.6033854166666667 0.7518518518518519 0.6057291666666667 0.7351851851851852 0.6067708333333334 0.6962962962962963 0.6091145833333333 0.6861111111111111 0.615625 0.6814814814814815 0.6268229166666667 0.6824074074074075
0 0.9653645833333333 0.12083333333333333 0.97109375 0.12546296296296297 0.9736979166666667 0.13148148148148148 0.9755208333333333 0.15648148148148147 0.975 0.21851851851851853 0.9708333333333333 0.2273148148148148 0.9653645833333333 0.2310185185185185 0.9565104166666667 0.2300925925925926 0.9481770833333333 0.21898148148148147 0.94453125 0.15185185185185185 0.9458333333333333 0.13425925925925927 0.9497395833333333 0.12453703703703704 0.9559895833333333 0.11944444444444445 0.9651041666666667 0.12083333333333333
0 0.8138020833333334 0.5458333333333333 0.8221354166666667 0.5532407407407407 0.8252604166666667 0.5879629629629629 0.8255208333333334 0.6458333333333334 0.8229166666666666 0.6546296296296297 0.8174479166666667 0.6583333333333333 0.8036458333333333 0.6574074074074074 0.7986979166666667 0.6513888888888889 0.7973958333333333 0.5537037037037037 0.8013020833333333 0.5467592592592593 0.8135416666666667 0.5458333333333333
0 0.6815104166666667 0.44074074074074077 0.68984375 0.44814814814814813 0.6911458333333333 0.4597222222222222 0.6854166666666667 0.5328703703703703 0.6822916666666666 0.5467592592592593 0.6765625 0.5523148148148148 0.6653645833333334 0.5504629629629629 0.6611979166666667 0.5467592592592593 0.6583333333333333 0.5398148148148149 0.6578125 0.5287037037037037 0.6653645833333334 0.449537037037037 0.6716145833333333 0.4393518518518518 0.68125 0.44074074074074077
0 0.8591145833333333 0.6884259259259259 0.8682291666666667 0.6958333333333333 0.8713541666666667 0.7125 0.87265625 0.7972222222222223 0.8700520833333333 0.8064814814814815 0.8635416666666667 0.8097222222222222 0.84765625 0.8060185185185185 0.8434895833333333 0.7888888888888889 0.8419270833333333 0.7013888888888888 0.8489583333333334 0.6898148148148148 0.8588541666666667 0.6884259259259259
0 0.66015625 0.9629629629629629 0.665625 0.9657407407407408 0.67109375 0.9773148148148149 0.6729166666666667 0.9907407407407407 0.6721354166666667 0.999537037037037 0.6447916666666667 0.999537037037037 0.6450520833333333 0.9791666666666666 0.6473958333333333 0.9689814814814814 0.6505208333333333 0.9648148148148148 0.6598958333333333 0.9629629629629629
0 0.8166666666666667 0.2337962962962963 0.8221354166666667 0.24074074074074073 0.825 0.27824074074074073 0.82421875 0.3143518518518518 0.821875 0.3199074074074074 0.8174479166666667 0.32222222222222224 0.8059895833333334 0.32175925925925924 0.80078125 0.3175925925925926 0.7986979166666667 0.2569444444444444 0.7989583333333333 0.2439814814814815 0.8010416666666667 0.23703703703703705 0.8075520833333333 0.23333333333333334 0.81640625 0.2337962962962963
0 0.6236979166666666 0.5388888888888889 0.6299479166666667 0.5467592592592593 0.6315104166666666 0.562037037037037 0.63359375 0.6375 0.6302083333333334 0.6527777777777778 0.6197916666666666 0.6578703703703703 0.609375 0.6555555555555556 0.6057291666666667 0.6458333333333334 0.6026041666666667 0.5583333333333333 0.6057291666666667 0.5421296296296296 0.6234375 0.5388888888888889
0 0.7411458333333333 0.25 0.7463541666666667 0.2550925925925926 0.7494791666666667 0.2671296296296296 0.7526041666666666 0.3435185185185185 0.74921875 0.3523148148148148 0.7395833333333334 0.35555555555555557 0.7309895833333333 0.35324074074074074 0.72734375 0.3449074074074074 0.7239583333333334 0.2689814814814815 0.7260416666666667 0.25787037037037036 0.72890625 0.25324074074074077 0.7408854166666666 0.25
0 0.66640625 0.11805555555555555 0.671875 0.12314814814814815 0.6739583333333333 0.13425925925925927 0.6734375 0.21296296296296297 0.6700520833333333 0.22546296296296298 0.6611979166666667 0.2324074074074074 0.65390625 0.23194444444444445 0.6473958333333333 0.2263888888888889 0.6450520833333333 0.21851851851851853 0.64453125 0.20555555555555555 0.6497395833333334 0.12453703703703704 0.6544270833333333 0.11805555555555555 0.6661458333333333 0.11805555555555555
0 0.7760416666666666 0.5467592592592593 0.78359375 0.55 0.7877604166666666 0.5601851851851852 0.790625 0.6277777777777778 0.7877604166666666 0.6504629629629629 0.778125 0.6555555555555556 0.76875 0.6546296296296297 0.7638020833333333 0.6439814814814815 0.7609375 0.5722222222222222 0.7625 0.5537037037037037 0.7674479166666667 0.5486111111111112 0.77578125 0.5467592592592593
0 0.5955729166666667 0.11944444444444445 0.5989583333333334 0.125 0.5994791666666667 0.1361111111111111 0.5971354166666667 0.2101851851851852 0.5932291666666667 0.22361111111111112 0.5856770833333333 0.22870370370370371 0.5744791666666667 0.22453703703703703 0.5705729166666667 0.21388888888888888 0.5723958333333333 0.1287037037037037 0.5739583333333333 0.12129629629629629 0.5783854166666667 0.11712962962962963 0.5864583333333333 0.11574074074074074 0.5953125 0.11944444444444445
0 0.17473958333333334 0.6976851851851852 0.18177083333333333 0.7 0.18411458333333333 0.7060185185185185 0.18151041666666667 0.7620370370370371 0.17552083333333332 0.7717592592592593 0.15807291666666667 0.7685185185185185 0.15520833333333334 0.7615740740740741 0.15807291666666667 0.7185185185185186 0.16145833333333334 0.7027777777777777 0.165625 0.6976851851851852 0.17447916666666666 0.6976851851851852
0 0.5932291666666667 0.23842592592592593 0.5989583333333334 0.24351851851851852 0.6005208333333333 0.3425925925925926 0.6 0.35138888888888886 0.5966145833333333 0.3597222222222222 0.5885416666666666 0.3638888888888889 0.578125 0.36203703703703705 0.571875 0.3486111111111111 0.571875 0.25833333333333336 0.57578125 0.24074074074074073 0.59296875 0.23842592592592593
0 0.9393229166666667 0.55 0.9453125 0.5638888888888889 0.94765625 0.6537037037037037 0.9450520833333333 0.6675925925925926 0.9377604166666667 0.6722222222222223 0.9260416666666667 0.6703703703703704 0.9208333333333333 0.6625 0.9166666666666666 0.6134259259259259 0.9153645833333334 0.5689814814814815 0.91640625 0.5574074074074075 0.9203125 0.549537037037037 0.9333333333333333 0.5472222222222223 0.9390625 0.55
0 0.5856770833333333 0.6875 0.5942708333333333 0.6962962962962963 0.59609375 0.7268518518518519 0.5932291666666667 0.7490740740740741 0.5927083333333333 0.7842592592592592 0.5901041666666667 0.8074074074074075 0.5848958333333333 0.8143518518518519 0.5799479166666667 0.8162037037037037 0.57109375 0.8148148148148148 0.565625 0.8074074074074075 0.5643229166666667 0.7907407407407407 0.5658854166666667 0.7828703703703703 0.5658854166666667 0.7472222222222222 0.5692708333333333 0.6925925925925925 0.5744791666666667 0.687037037037037 0.5854166666666667 0.6875
0 0.7002604166666667 0.6800925925925926 0.7072916666666667 0.6842592592592592 0.7111979166666667 0.6958333333333333 0.7114583333333333 0.7416666666666667 0.7096354166666666 0.7925925925925926 0.7065104166666667 0.7981481481481482 0.6994791666666667 0.799074074074074 0.6893229166666667 0.7986111111111112 0.6817708333333333 0.7939814814814815 0.6809895833333334 0.7810185185185186 0.6838541666666667 0.6893518518518519 0.6888020833333334 0.6800925925925926 0.7 0.6800925925925926
0 0.7348958333333333 0.6898148148148148 0.74140625 0.6925925925925925 0.7450520833333333 0.7 0.7489583333333333 0.7699074074074074 0.7484375 0.7814814814814814 0.7466145833333333 0.7851851851851852 0.7359375 0.788425925925926 0.7270833333333333 0.787962962962963 0.7234375 0.7837962962962963 0.71875 0.7083333333333334 0.7203125 0.6953703703703704 0.7252604166666666 0.6912037037037037 0.7346354166666667 0.6898148148148148
0 0.5432291666666667 0.674074074074074 0.5497395833333333 0.6787037037037037 0.5518229166666667 0.6856481481481481 0.5541666666666667 0.7689814814814815 0.5510416666666667 0.7856481481481481 0.5421875 0.7930555555555555 0.53125 0.7907407407407407 0.52578125 0.7791666666666667 0.5247395833333334 0.6949074074074074 0.5255208333333333 0.6824074074074075 0.528125 0.6773148148148148 0.54296875 0.674074074074074
0 0.6989583333333333 0.11805555555555555 0.70625 0.12083333333333333 0.7088541666666667 0.12638888888888888 0.7096354166666666 0.1986111111111111 0.70625 0.21342592592592594 0.6986979166666667 0.21666666666666667 0.6864583333333333 0.21342592592592594 0.6841145833333333 0.20092592592592592 0.68515625 0.12638888888888888 0.68828125 0.12037037037037036 0.6986979166666667 0.11805555555555555
0 0.6625 0.26157407407407407 0.66953125 0.2675925925925926 0.671875 0.2851851851851852 0.6700520833333333 0.3425925925925926 0.66875 0.3476851851851852 0.6651041666666667 0.35 0.64765625 0.34814814814814815 0.6450520833333333 0.3416666666666667 0.64609375 0.27175925925925926 0.6513020833333333 0.262037037037037 0.6622395833333333 0.26157407407407407
0 0.7703125 0.11388888888888889 0.7799479166666666 0.11527777777777778 0.7825520833333334 0.11944444444444445 0.7854166666666667 0.15694444444444444 0.78359375 0.20694444444444443 0.7796875 0.2152777777777778 0.7729166666666667 0.21851851851851853 0.7661458333333333 0.21666666666666667 0.7625 0.2064814814814815 0.7583333333333333 0.2064814814814815 0.75703125 0.1726851851851852 0.7567708333333333 0.12453703703703704 0.7609375 0.11574074074074074 0.7700520833333333 0.11388888888888889
0 0.7010416666666667 0.2462962962962963 0.7075520833333333 0.25 0.71015625 0.25787037037037036 0.71171875 0.30324074074074076 0.71015625 0.3458333333333333 0.7018229166666666 0.35138888888888886 0.6903645833333333 0.350462962962963 0.6861979166666666 0.3449074074074074 0.684375 0.3 0.6856770833333333 0.2513888888888889 0.690625 0.24675925925925926 0.70078125 0.2462962962962963
0 0.8104166666666667 0.40185185185185185 0.83828125 0.4060185185185185 0.8473958333333333 0.4111111111111111 0.8494791666666667 0.42453703703703705 0.8479166666666667 0.4462962962962963 0.8450520833333334 0.45092592592592595 0.83515625 0.4532407407407407 0.8065104166666667 0.45231481481481484 0.8005208333333333 0.4486111111111111 0.7893229166666667 0.44814814814814813 0.7817708333333333 0.4425925925925926 0.778125 0.4212962962962963 0.7825520833333334 0.4041666666666667 0.7888020833333333 0.40046296296296297 0.81015625 0.40185185185185185
0 0.6299479166666667 0.23425925925925925 0.6346354166666667 0.2388888888888889 0.6372395833333333 0.25416666666666665 0.6369791666666667 0.3347222222222222 0.63359375 0.3425925925925926 0.6252604166666667 0.34629629629629627 0.6161458333333333 0.3458333333333333 0.6109375 0.3384259259259259 0.6114583333333333 0.3055555555555556 0.6088541666666667 0.2550925925925926 0.6130208333333333 0.2375 0.6200520833333333 0.23333333333333334 0.6296875 0.23425925925925925
0 0.8984375 0.5583333333333333 0.9020833333333333 0.5606481481481481 0.90546875 0.5694444444444444 0.9072916666666667 0.6444444444444445 0.90390625 0.6611111111111111 0.89453125 0.6662037037037037 0.8833333333333333 0.6638888888888889 0.8796875 0.6578703703703703 0.8770833333333333 0.6125 0.8783854166666667 0.5638888888888889 0.8796875 0.5597222222222222 0.8859375 0.5569444444444445 0.8981770833333333 0.5583333333333333
0 0.5528645833333333 0.5328703703703703 0.5575520833333333 0.537962962962963 0.5575520833333333 0.6319444444444444 0.55546875 0.6439814814814815 0.54765625 0.65 0.5348958333333333 0.6476851851851851 0.53046875 0.6393518518518518 0.5315104166666667 0.5768518518518518 0.53359375 0.5351851851851852 0.54140625 0.5310185185185186 0.5526041666666667 0.5328703703703703
0 0.85234375 0.24351851851851852 0.859375 0.25092592592592594 0.8614583333333333 0.25833333333333336 0.865625 0.3296296296296296 0.8622395833333333 0.3476851851851852 0.8510416666666667 0.35 0.8421875 0.3490740740740741 0.83828125 0.34074074074074073 0.8333333333333334 0.26296296296296295 0.834375 0.2523148148148148 0.8375 0.24675925925925926 0.8421875 0.24351851851851852 0.8520833333333333 0.24351851851851852
0 0.8528645833333334 0.12962962962962962 0.8567708333333334 0.13333333333333333 0.8575520833333333 0.1388888888888889 0.8580729166666666 0.21203703703703702 0.85546875 0.22407407407407406 0.8453125 0.22870370370370371 0.8354166666666667 0.2273148148148148 0.8317708333333333 0.2199074074074074 0.8328125 0.15925925925925927 0.8315104166666667 0.14351851851851852 0.83515625 0.13055555555555556 0.8526041666666667 0.12962962962962962
0 0.7377604166666667 0.5342592592592592 0.7486979166666666 0.5402777777777777 0.7497395833333333 0.5722222222222222 0.7484375 0.6319444444444444 0.7447916666666666 0.637962962962963 0.7377604166666667 0.6407407407407407 0.72734375 0.637962962962963 0.7239583333333334 0.6305555555555555 0.7244791666666667 0.5439814814814815 0.72734375 0.5365740740740741 0.7375 0.5342592592592592
0 0.6244791666666667 0.09953703703703703 0.6296875 0.10231481481481482 0.6341145833333334 0.1111111111111111 0.6361979166666667 0.15648148148148147 0.6341145833333334 0.20324074074074075 0.6302083333333334 0.21064814814814814 0.62421875 0.21388888888888888 0.6111979166666667 0.21064814814814814 0.6080729166666666 0.1962962962962963 0.6091145833333333 0.11203703703703703 0.6153645833333333 0.10185185185185185 0.62421875 0.09953703703703703
0 0.9619791666666667 0.2439814814814815 0.96875 0.24675925925925926 0.9734375 0.25416666666666665 0.9763020833333333 0.2814814814814815 0.9747395833333333 0.3458333333333333 0.9700520833333334 0.35555555555555557 0.9638020833333333 0.35833333333333334 0.9494791666666667 0.3537037037037037 0.9458333333333333 0.34814814814814815 0.9440104166666666 0.3398148148148148 0.9455729166666667 0.32407407407407407 0.9442708333333333 0.26481481481481484 0.9497395833333333 0.24814814814814815 0.96171875 0.2439814814814815
0 0.8528645833333334 0.549074074074074 0.8658854166666666 0.5541666666666667 0.8684895833333334 0.5634259259259259 0.8653645833333333 0.6601851851851852 0.8635416666666667 0.6657407407407407 0.8572916666666667 0.6726851851851852 0.8419270833333333 0.6694444444444444 0.8385416666666666 0.6643518518518519 0.8372395833333334 0.6555555555555556 0.8416666666666667 0.5615740740740741 0.846875 0.5509259259259259 0.8526041666666667 0.549074074074074
0 0.6549479166666666 0.6925925925925925 0.6703125 0.6953703703703704 0.6729166666666667 0.7055555555555556 0.671875 0.7847222222222222 0.66875 0.7976851851851852 0.6614583333333334 0.8074074074074075 0.6473958333333333 0.8037037037037037 0.64375 0.7907407407407407 0.64609375 0.7 0.6473958333333333 0.6944444444444444 0.6546875 0.6925925925925925
0 0.7057291666666666 0.5532407407407407 0.7114583333333333 0.5569444444444445 0.7138020833333333 0.5805555555555556 0.7135416666666666 0.6189814814814815 0.71015625 0.6217592592592592 0.6921875 0.6217592592592592 0.6890625 0.6162037037037037 0.6908854166666667 0.5967592592592592 0.6893229166666667 0.5606481481481481 0.6924479166666667 0.5546296296296296 0.70546875 0.5532407407407407
0 0.7723958333333333 0.6782407407407407 0.78515625 0.6814814814814815 0.7890625 0.6921296296296297 0.7916666666666666 0.7680555555555556 0.7901041666666667 0.7916666666666666 0.7838541666666666 0.8009259259259259 0.7778645833333333 0.8023148148148148 0.7674479166666667 0.7981481481481482 0.7638020833333333 0.7893518518518519 0.7619791666666667 0.6990740740740741 0.7643229166666666 0.6824074074074075 0.7721354166666666 0.6787037037037037
0 0.77734375 0.2300925925925926 0.7872395833333333 0.23981481481481481 0.78984375 0.25277777777777777 0.78984375 0.3287037037037037 0.78671875 0.3398148148148148 0.7807291666666667 0.3425925925925926 0.7653645833333333 0.33935185185185185 0.7630208333333334 0.33101851851851855 0.7619791666666667 0.30694444444444446 0.7625 0.24212962962962964 0.76875 0.23194444444444445 0.7770833333333333 0.2300925925925926
0 0.9041666666666667 0.25555555555555554 0.90859375 0.2652777777777778 0.9098958333333333 0.2828703703703704 0.91328125 0.29305555555555557 0.9104166666666667 0.300462962962963 0.9125 0.32222222222222224 0.9125 0.3523148148148148 0.9083333333333333 0.3625 0.8986979166666667 0.36574074074074076 0.88671875 0.36342592592592593 0.8802083333333334 0.3527777777777778 0.8825520833333333 0.3189814814814815 0.8815104166666666 0.29259259259259257 0.878125 0.2777777777777778 0.8817708333333333 0.262037037037037 0.8859375 0.25462962962962965 0.8973958333333333 0.2523148148148148 0.90390625 0.25555555555555554
0 0.81484375 0.6842592592592592 0.8221354166666667 0.687962962962963 0.825 0.6939814814814815 0.8263020833333333 0.7379629629629629 0.8247395833333333 0.7865740740740741 0.8205729166666667 0.7935185185185185 0.8140625 0.7958333333333333 0.8 0.7898148148148149 0.796875 0.7620370370370371 0.7994791666666666 0.7388888888888889 0.7979166666666667 0.6953703703703704 0.8026041666666667 0.6856481481481481 0.8145833333333333 0.6842592592592592