0 0.8848958333333333 0.12407407407407407 0.8916666666666667 0.1259259259259259 0.8950520833333333 0.1310185185185185 0.8986979166666667 0.19212962962962962 0.8963541666666667 0.23333333333333334 0.89375 0.2388888888888889 0.8861979166666667 0.2412037037037037 0.8763020833333334 0.24074074074074073 0.8713541666666667 0.23333333333333334 0.86953125 0.225 0.8705729166666667 0.19583333333333333 0.86875 0.17407407407407408 0.8705729166666667 0.13333333333333333 0.8760416666666667 0.12546296296296297 0.8846354166666667 0.12407407407407407
0 0.8138020833333334 0.10416666666666667 0.8190104166666666 0.1125 0.8208333333333333 0.11990740740740741 0.8229166666666666 0.16157407407407406 0.8208333333333333 0.19490740740740742 0.8177083333333334 0.20185185185185187 0.8106770833333333 0.2050925925925926 0.8002604166666667 0.20324074074074075 0.7953125 0.19490740740740742 0.7971354166666667 0.16805555555555557 0.79375 0.1259259259259259 0.7963541666666667 0.11481481481481481 0.8010416666666667 0.10555555555555556 0.8135416666666667 0.10416666666666667
0 0.62578125 0.6842592592592592 0.6307291666666667 0.687037037037037 0.6338541666666667 0.6962962962962963 0.6348958333333333 0.7828703703703703 0.6338541666666667 0.8004629629629629 0.63046875 0.8101851851851852 0.6203125 0.8143518518518519 0.6091145833333333 0.8111111111111111 0.60546875 0.8037037037037037 0.60625 0.7777777777777778 0.60390625 0.7615740740740741 0.6041666666666666 0.7481481481481481 0.6088541666666667 0.6921296296296297 0.6138020833333333 0.6856481481481481 0.6255208333333333 0.6842592592592592
0 0.778125 0.5509259259259259 0.7846354166666667 0.5541666666666667 0.7877604166666666 0.5601851851851852 0.7903645833333334 0.6106481481481482 0.78984375 0.6486111111111111 0.7880208333333333 0.6541666666666667 0.7802083333333333 0.6587962962962963 0.7697916666666667 0.6578703703703703 0.7653645833333333 0.6504629629629629 0.76171875 0.5898148148148148 0.7619791666666667 0.562962962962963 0.7635416666666667 0.5569444444444445 0.7690104166666667 0.5523148148148148 0.7778645833333333 0.5509259259259259
0 0.74609375 0.25787037037037036 0.74921875 0.2638888888888889 0.7515625 0.27870370370370373 0.7533854166666667 0.3458333333333333 0.7513020833333334 0.35555555555555557 0.7380208333333333 0.3597222222222222 0.7296875 0.3560185185185185 0.72734375 0.34953703703703703 0.7278645833333334 0.32083333333333336 0.7247395833333333 0.27175925925925926 0.73125 0.2564814814814815 0.74140625 0.25462962962962965 0.7458333333333333 0.25787037037037036
0 0.70546875 0.25277777777777777 0.71015625 0.25833333333333336 0.7111979166666667 0.2638888888888889 0.7111979166666667 0.3472222222222222 0.7083333333333334 0.35324074074074074 0.7 0.35648148148148145 0.6903645833333333 0.3541666666666667 0.6872395833333333 0.34953703703703703 0.6856770833333333 0.26296296296296295 0.68984375 0.2523148148148148 0.7052083333333333 0.25277777777777777
0 0.9643229166666667 0.125 0.9705729166666667 0.12962962962962962 0.9744791666666667 0.1398148148148148 0.97578125 0.20972222222222223 0.97421875 0.2273148148148148 0.9690104166666667 0.23425925925925925 0.9635416666666666 0.2361111111111111 0.9528645833333333 0.2324074074074074 0.9473958333333333 0.22361111111111112 0.94609375 0.21666666666666667 0.946875 0.16435185185185186 0.9450520833333333 0.15324074074074073 0.94609375 0.14027777777777778 0.9497395833333333 0.12962962962962962 0.9565104166666667 0.12407407407407407 0.9640625 0.125
0 0.8526041666666667 0.13472222222222222 0.85625 0.13703703703703704 0.8591145833333333 0.1439814814814815 0.85859375 0.22037037037037038 0.8536458333333333 0.2310185185185185 0.8455729166666667 0.2337962962962963 0.8348958333333333 0.2310185185185185 0.83203125 0.22361111111111112 0.8325520833333333 0.1439814814814815 0.8354166666666667 0.13518518518518519 0.85234375 0.13472222222222222
0 0.8611979166666667 0.6916666666666667 0.8666666666666667 0.6958333333333333 0.8705729166666667 0.7055555555555556 0.8731770833333333 0.7606481481481482 0.8723958333333334 0.8037037037037037 0.8697916666666666 0.8097222222222222 0.8640625 0.8125 0.8489583333333334 0.8097222222222222 0.8442708333333333 0.7972222222222223 0.84453125 0.7407407407407407 0.8416666666666667 0.7180555555555556 0.8427083333333333 0.7032407407407407 0.8458333333333333 0.6967592592592593 0.8515625 0.6921296296296297 0.8609375 0.6916666666666667
0 0.9135416666666667 0.4046296296296296 0.9526041666666667 0.42777777777777776 0.9606770833333333 0.4356481481481482 0.9619791666666667 0.44166666666666665 0.9606770833333333 0.4583333333333333 0.9565104166666667 0.4726851851851852 0.953125 0.47638888888888886 0.9216145833333333 0.462037037037037 0.8973958333333333 0.4449074074074074 0.8958333333333334 0.43425925925925923 0.90078125 0.4097222222222222 0.9065104166666667 0.4041666666666667 0.91328125 0.4046296296296296
0 0.6283854166666667 0.23842592592592593 0.6348958333333333 0.24212962962962964 0.6380208333333334 0.2523148148148148 0.6369791666666667 0.3 0.6388020833333333 0.32592592592592595 0.6369791666666667 0.3449074074074074 0.6270833333333333 0.3509259259259259 0.6161458333333333 0.34953703703703703 0.6119791666666666 0.3421296296296296 0.6111979166666667 0.2611111111111111 0.61328125 0.2439814814814815 0.6192708333333333 0.2388888888888889 0.628125 0.23842592592592593
0 0.54921875 0.5351851851851852 0.5583333333333333 0.5388888888888889 0.5596354166666667 0.5462962962962963 0.5583333333333333 0.6351851851851852 0.5559895833333334 0.649074074074074 0.5505208333333333 0.6532407407407408 0.5359375 0.6509259259259259 0.5317708333333333 0.6416666666666667 0.5346354166666667 0.5958333333333333 0.5348958333333333 0.5393518518518519 0.5395833333333333 0.5351851851851852 0.5489583333333333 0.5351851851851852
0 0.6229166666666667 0.5421296296296296 0.6291666666666667 0.5458333333333333 0.6317708333333333 0.5555555555555556 0.6348958333333333 0.6361111111111111 0.6325520833333333 0.6541666666666667 0.6234375 0.6611111111111111 0.6127604166666667 0.6601851851851852 0.6072916666666667 0.6509259259259259 0.6044270833333333 0.5768518518518518 0.6057291666666667 0.5481481481481482 0.6119791666666666 0.5425925925925926 0.62265625 0.5421296296296296
0 0.8955729166666667 0.5606481481481481 0.9020833333333333 0.5638888888888889 0.90546875 0.5703703703703704 0.9078125 0.6407407407407407 0.9049479166666666 0.662962962962963 0.9005208333333333 0.6689814814814815 0.8955729166666667 0.6699074074074074 0.88359375 0.6685185185185185 0.88046875 0.6643518518518519 0.8783854166666667 0.6125 0.8796875 0.5648148148148148 0.8875 0.5601851851851852 0.8953125 0.5606481481481481
0 0.6671875 0.12361111111111112 0.671875 0.12638888888888888 0.6747395833333333 0.13703703703703704 0.6747395833333333 0.22037037037037038 0.6731770833333334 0.22777777777777777 0.6622395833333333 0.2375 0.65078125 0.23472222222222222 0.6463541666666667 0.2263888888888889 0.6466145833333333 0.17731481481481481 0.6510416666666666 0.1300925925925926 0.6578125 0.12268518518518519 0.6669270833333333 0.12361111111111112
0 0.8567708333333334 0.5537037037037037 0.86796875 0.5601851851851852 0.8690104166666667 0.5773148148148148 0.86640625 0.6587962962962963 0.8635416666666667 0.6699074074074074 0.8567708333333334 0.6763888888888889 0.8419270833333333 0.6726851851851852 0.8385416666666666 0.6662037037037037 0.8375 0.6587962962962963 0.8419270833333333 0.5703703703703704 0.8473958333333333 0.5550925925925926 0.8565104166666667 0.5537037037037037
0 0.59140625 0.12129629629629629 0.5966145833333333 0.12314814814814815 0.6 0.13148148148148148 0.5994791666666667 0.21805555555555556 0.5927083333333333 0.2310185185185185 0.5854166666666667 0.23333333333333334 0.57734375 0.2300925925925926 0.5721354166666667 0.2199074074074074 0.57421875 0.13333333333333333 0.5776041666666667 0.12268518518518519 0.5911458333333334 0.12129629629629629
0 0.590625 0.6921296296296297 0.5942708333333333 0.6958333333333333 0.5966145833333333 0.7087962962962963 0.5932291666666667 0.8 0.5885416666666666 0.8157407407407408 0.5815104166666667 0.8189814814814815 0.57109375 0.8162037037037037 0.56640625 0.8074074074074075 0.56796875 0.7800925925925926 0.5666666666666667 0.7643518518518518 0.56953125 0.7425925925925926 0.56875 0.7129629629629629 0.57265625 0.6921296296296297 0.5778645833333333 0.6898148148148148 0.5903645833333333 0.6921296296296297
0 0.7067708333333333 0.5569444444444445 0.7125 0.5615740740740741 0.7140625 0.5782407407407407 0.7145833333333333 0.6199074074074075 0.71328125 0.6240740740740741 0.7088541666666667 0.625 0.6921875 0.624537037037037 0.6901041666666666 0.6134259259259259 0.6908854166666667 0.5606481481481481 0.696875 0.5569444444444445 0.7065104166666667 0.5569444444444445
0 0.6997395833333333 0.6828703703703703 0.7091145833333333 0.6888888888888889 0.7122395833333334 0.7018518518518518 0.7104166666666667 0.7949074074074074 0.70625 0.8013888888888889 0.6877604166666667 0.8004629629629629 0.684375 0.7981481481481482 0.6815104166666667 0.7912037037037037 0.6846354166666667 0.6935185185185185 0.6890625 0.6837962962962963 0.6994791666666667 0.6828703703703703
0 0.7421875 0.6953703703703704 0.7463541666666667 0.7078703703703704 0.7497395833333333 0.7759259259259259 0.7486979166666666 0.7861111111111111 0.7416666666666667 0.7907407407407407 0.72734375 0.7907407407407407 0.72421875 0.7865740740740741 0.7192708333333333 0.7064814814814815 0.7203125 0.7 0.7239583333333334 0.6958333333333333 0.7302083333333333 0.6935185185185185 0.7419270833333333 0.6953703703703704
0 0.5440104166666667 0.6768518518518518 0.55078125 0.6805555555555556 0.5536458333333333 0.6856481481481481 0.5549479166666667 0.7615740740740741 0.5536458333333333 0.7842592592592592 0.5505208333333333 0.7912037037037037 0.5440104166666667 0.7953703703703704 0.53515625 0.7944444444444444 0.5294270833333333 0.7898148148148149 0.5263020833333333 0.7486111111111111 0.52734375 0.6856481481481481 0.5328125 0.6782407407407407 0.54375 0.6768518518518518
0 0.9997395833333333 0.03148148148148148 0.9997395833333333 0.14629629629629629 0.9908854166666666 0.13240740740740742 0.9903645833333333 0.11435185185185186 0.98515625 0.07361111111111111 0.98046875 0.059722222222222225 0.9807291666666667 0.05277777777777778 0.9854166666666667 0.03935185185185185 0.99140625 0.033796296296296297 0.9994791666666667 0.03148148148148148
0 0.5947916666666667 0.24351851851851852 0.5994791666666667 0.24861111111111112 0.6010416666666667 0.2712962962962963 0.6067708333333334 0.2712962962962963 0.60859375 0.2759259259259259 0.6015625 0.300462962962963 0.6010416666666667 0.35555555555555557 0.596875 0.3638888888888889 0.58984375 0.3680555555555556 0.5786458333333333 0.36666666666666664 0.57421875 0.3597222222222222 0.57265625 0.3314814814814815 0.5640625 0.31203703703703706 0.5630208333333333 0.3 0.5677083333333334 0.2935185185185185 0.5697916666666667 0.29814814814814816 0.5723958333333333 0.2967592592592593 0.5739583333333333 0.26157407407407407 0.5763020833333333 0.24722222222222223 0.5833333333333334 0.24259259259259258 0.59453125 0.24351851851851852
0 0.6622395833333333 0.2657407407407407 0.6684895833333333 0.26805555555555555 0.6708333333333333 0.2722222222222222 0.67265625 0.29814814814814816 0.6703125 0.34814814814814815 0.6682291666666667 0.3523148148148148 0.6604166666666667 0.3541666666666667 0.6502604166666667 0.35324074074074074 0.646875 0.3490740740740741 0.6466145833333333 0.2953703703703704 0.6473958333333333 0.2759259259259259 0.6494791666666667 0.2689814814814815 0.6619791666666667 0.2657407407407407
0 0.8981770833333333 0.2569444444444444 0.9044270833333333 0.26064814814814813 0.9078125 0.26666666666666666 0.9135416666666667 0.2962962962962963 0.91171875 0.3055555555555556 0.9122395833333333 0.35833333333333334 0.9088541666666666 0.3662037037037037 0.9002604166666667 0.3699074074074074 0.8869791666666667 0.36712962962962964 0.8809895833333333 0.3560185185185185 0.8830729166666667 0.3365740740740741 0.8825520833333333 0.30324074074074076 0.8815104166666666 0.29398148148148145 0.878125 0.28703703703703703 0.8799479166666667 0.27361111111111114 0.8841145833333334 0.26157407407407407 0.8903645833333333 0.2569444444444444 0.8979166666666667 0.2569444444444444
0 0.7776041666666667 0.11944444444444445 0.7825520833333334 0.12268518518518519 0.7838541666666666 0.12777777777777777 0.7864583333333334 0.17824074074074073 0.7859375 0.20092592592592592 0.7830729166666667 0.2162037037037037 0.7734375 0.22407407407407406 0.76328125 0.22037037037037038 0.7625 0.21388888888888888 0.7580729166666667 0.20972222222222223 0.7565104166666666 0.13842592592592592 0.7609375 0.12175925925925926 0.77734375 0.11944444444444445
0 0.8005208333333333 0.40324074074074073 0.83125 0.40925925925925927 0.8403645833333333 0.41435185185185186 0.8427083333333333 0.4287037037037037 0.8419270833333333 0.4476851851851852 0.8395833333333333 0.4532407407407407 0.8317708333333333 0.45740740740740743 0.784375 0.45231481481481484 0.7755208333333333 0.44675925925925924 0.7723958333333333 0.4375 0.7721354166666666 0.42407407407407405 0.7763020833333333 0.4078703703703704 0.7815104166666667 0.4041666666666667 0.8002604166666667 0.40324074074074073
0 0.93203125 0.55 0.940625 0.5541666666666667 0.9447916666666667 0.5638888888888889 0.9463541666666667 0.5745370370370371 0.94765625 0.6560185185185186 0.9453125 0.6699074074074074 0.93828125 0.675 0.9247395833333333 0.6726851851851852 0.92109375 0.6666666666666666 0.9190104166666667 0.6537037037037037 0.9174479166666667 0.624537037037037 0.9190104166666667 0.6055555555555555 0.9169270833333333 0.5935185185185186 0.9158854166666667 0.5648148148148148 0.9205729166666666 0.5532407407407407 0.9317708333333333 0.5504629629629629
0 0.6627604166666666 0.9782407407407407 0.6697916666666667 0.987037037037037 0.6723958333333333 0.999537037037037 0.64375 0.999537037037037 0.6473958333333333 0.9810185185185185 0.6567708333333333 0.9768518518518519 0.6625 0.9782407407407407
0 0.85546875 0.25 0.8598958333333333 0.25601851851851853 0.8622395833333333 0.26435185185185184 0.8661458333333333 0.33564814814814814 0.8630208333333333 0.3523148148148148 0.8486979166666667 0.35509259259259257 0.8416666666666667 0.3527777777777778 0.8385416666666666 0.3416666666666667 0.8341145833333333 0.26481481481481484 0.8348958333333333 0.25833333333333336 0.8411458333333334 0.25 0.8552083333333333 0.25
0 0.7770833333333333 0.23564814814814813 0.7822916666666667 0.2375 0.7877604166666666 0.24444444444444444 0.7903645833333334 0.2601851851851852 0.78984375 0.3351851851851852 0.7875 0.3435185185185185 0.7807291666666667 0.3472222222222222 0.7721354166666666 0.34675925925925927 0.7653645833333333 0.3421296296296296 0.7630208333333334 0.31712962962962965 0.76328125 0.24814814814814815 0.7690104166666667 0.23796296296296296 0.7768229166666667 0.23564814814814813
0 0.74140625 0.538425925925926 0.7486979166666666 0.5421296296296296 0.75 0.5462962962962963 0.7510416666666667 0.6060185185185185 0.7489583333333333 0.6365740740740741 0.7401041666666667 0.6439814814814815 0.7315104166666667 0.6430555555555556 0.72578125 0.637962962962963 0.72421875 0.5986111111111111 0.7260416666666667 0.5435185185185185 0.7307291666666667 0.5388888888888889 0.7411458333333333 0.538425925925926
0 0.6270833333333333 0.1050925925925926 0.6346354166666667 0.11203703703703703 0.6372395833333333 0.13240740740740742 0.6369791666666667 0.19953703703703704 0.6338541666666667 0.21296296296296297 0.6234375 0.21851851851851853 0.6153645833333333 0.21712962962962962 0.6104166666666667 0.20787037037037037 0.6119791666666666 0.1476851851851852 0.6106770833333334 0.11898148148148148 0.615625 0.10787037037037037 0.6268229166666667 0.1050925925925926
0 0.9635416666666666 0.24953703703703703 0.9708333333333333 0.25324074074074077 0.97421875 0.25972222222222224 0.9763020833333333 0.28564814814814815 0.9744791666666667 0.350462962962963 0.9713541666666666 0.3592592592592593 0.9638020833333333 0.362962962962963 0.9520833333333333 0.3592592592592593 0.9440104166666666 0.34444444444444444 0.9458333333333333 0.2972222222222222 0.94453125 0.26944444444444443 0.9473958333333333 0.25833333333333336 0.9518229166666666 0.2513888888888889 0.96328125 0.24953703703703703
0 0.8096354166666667 0.549537037037037 0.8174479166666667 0.5504629629629629 0.821875 0.5550925925925926 0.8244791666666667 0.5675925925925925 0.8255208333333334 0.5875 0.8255208333333334 0.6518518518518519 0.821875 0.6597222222222222 0.8151041666666666 0.6620370370370371 0.8026041666666667 0.6597222222222222 0.7984375 0.6513888888888889 0.7994791666666666 0.6157407407407407 0.796875 0.5675925925925925 0.8 0.5518518518518518 0.809375 0.549537037037037
0 0.6552083333333333 0.6939814814814815 0.66875 0.6967592592592593 0.671875 0.6986111111111111 0.6736979166666667 0.7041666666666667 0.6723958333333333 0.7893518518518519 0.6669270833333333 0.8069444444444445 0.6614583333333334 0.8101851851851852 0.6489583333333333 0.8069444444444445 0.6453125 0.7953703703703704 0.64609375 0.7134259259259259 0.64921875 0.6958333333333333 0.6549479166666666 0.6939814814814815
0 0.4479166666666667 0.04259259259259259 0.4505208333333333 0.04675925925925926 0.45208333333333334 0.05694444444444444 0.4505208333333333 0.08518518518518518 0.43697916666666664 0.10046296296296296 0.42630208333333336 0.11990740740740741 0.421875 0.12361111111111112 0.41458333333333336 0.12268518518518519 0.4083333333333333 0.1125 0.40625 0.10324074074074074 0.4080729166666667 0.0912037037037037 0.43125 0.05462962962962963 0.44244791666666666 0.04212962962962963 0.44765625 0.04259259259259259
0 0.6822916666666666 0.38796296296296295 0.6893229166666667 0.3939814814814815 0.703125 0.44166666666666665 0.7091145833333333 0.4722222222222222 0.7091145833333333 0.4810185185185185 0.7065104166666667 0.487962962962963 0.6927083333333334 0.4976851851851852 0.6875 0.49444444444444446 0.6822916666666666 0.4847222222222222 0.66484375 0.41712962962962963 0.66484375 0.40370370370370373 0.6682291666666667 0.39675925925925926 0.68203125 0.38796296296296295
0 0.7747395833333334 0.6814814814814815 0.7872395833333333 0.6856481481481481 0.7903645833333334 0.6981481481481482 0.7921875 0.7837962962962963 0.7901041666666667 0.7962962962962963 0.7807291666666667 0.8050925925925926 0.7677083333333333 0.8004629629629629 0.7638020833333333 0.7902777777777777 0.76328125 0.7828703703703703 0.7625 0.6986111111111111 0.7653645833333333 0.6847222222222222 0.7744791666666667 0.6814814814814815
0 0.6994791666666667 0.12361111111111112 0.7072916666666667 0.12546296296296297 0.7098958333333333 0.13055555555555556 0.7111979166666667 0.18333333333333332 0.7104166666666667 0.20972222222222223 0.70859375 0.21666666666666667 0.69765625 0.22175925925925927 0.6890625 0.2199074074074074 0.68515625 0.2101851851851852 0.6856770833333333 0.13333333333333333 0.6888020833333334 0.12638888888888888 0.69921875 0.12361111111111112
0 0.81484375 0.23796296296296296 0.821875 0.24444444444444444 0.8255208333333334 0.29259259259259257 0.8247395833333333 0.3212962962962963 0.8151041666666666 0.32685185185185184 0.80546875 0.3263888888888889 0.8010416666666667 0.32083333333333336 0.8013020833333333 0.2777777777777778 0.7986979166666667 0.25555555555555554 0.8 0.2449074074074074 0.8026041666666667 0.24074074074074073 0.8145833333333333 0.23796296296296296
0 0.81953125 0.6893518518518519 0.8244791666666667 0.6944444444444444 0.82578125 0.6995370370370371 0.8255208333333334 0.7865740740740741 0.8221354166666667 0.7953703703703704 0.8161458333333333 0.7986111111111112 0.80234375 0.7944444444444444 0.7981770833333334 0.7824074074074074 0.7984375 0.6995370370370371 0.8 0.6925925925925925 0.8046875 0.6884259259259259 0.8192708333333333 0.6893518518518519