0 0.8838541666666667 0.13148148148148148 0.89140625 0.13333333333333333 0.89453125 0.1398148148148148 0.8973958333333333 0.20555555555555555 0.89609375 0.2412037037037037 0.8940104166666667 0.24537037037037038 0.88671875 0.24953703703703703 0.8739583333333333 0.24814814814814815 0.8692708333333333 0.23796296296296296 0.8690104166666667 0.18425925925925926 0.8661458333333333 0.16157407407407406 0.87109375 0.1361111111111111 0.88359375 0.13148148148148148
0 0.7734375 0.12638888888888888 0.7807291666666667 0.12962962962962962 0.7830729166666667 0.1361111111111111 0.7848958333333333 0.18611111111111112 0.78359375 0.22314814814814815 0.77265625 0.23148148148148148 0.76484375 0.22824074074074074 0.7622395833333333 0.2199074074074074 0.75859375 0.21944444444444444 0.7575520833333333 0.21574074074074073 0.7565104166666666 0.14351851851851852 0.7588541666666667 0.1300925925925926 0.7731770833333333 0.12638888888888888
0 0.6231770833333333 0.6921296296296297 0.6299479166666667 0.6962962962962963 0.6328125 0.7041666666666667 0.6328125 0.7564814814814815 0.6346354166666667 0.7708333333333334 0.6317708333333333 0.8138888888888889 0.6286458333333333 0.8194444444444444 0.6236979166666666 0.8217592592592593 0.60859375 0.8194444444444444 0.60390625 0.8055555555555556 0.6052083333333333 0.7875 0.60390625 0.7569444444444444 0.6059895833333333 0.7430555555555556 0.6072916666666667 0.7060185185185185 0.6106770833333334 0.6949074074074074 0.6229166666666667 0.6921296296296297
0 0.04140625 0.24444444444444444 0.047135416666666666 0.24768518518518517 0.04895833333333333 0.2523148148148148 0.05078125 0.2828703703703704 0.04453125 0.31157407407407406 0.040364583333333336 0.3453703703703704 0.0328125 0.35694444444444445 0.0265625 0.36157407407407405 0.01953125 0.36018518518518516 0.015104166666666667 0.35185185185185186 0.013020833333333334 0.3425925925925926 0.012760416666666666 0.32685185185185184 0.018489583333333334 0.2865740740740741 0.0265625 0.24814814814814815 0.03125 0.24305555555555555 0.04114583333333333 0.24444444444444444
0 0.6989583333333333 0.25787037037037036 0.70703125 0.26157407407407407 0.709375 0.2657407407407407 0.7111979166666667 0.30833333333333335 0.7106770833333333 0.3560185185185185 0.7072916666666667 0.3625 0.7005208333333334 0.36435185185185187 0.6916666666666667 0.36342592592592593 0.6861979166666666 0.3560185185185185 0.684375 0.3050925925925926 0.6854166666666667 0.26481481481481484 0.6888020833333334 0.2601851851851852 0.6986979166666667 0.25787037037037036
0 0.7020833333333333 0.1310185185185185 0.7072916666666667 0.1337962962962963 0.7091145833333333 0.13842592592592592 0.7106770833333333 0.20972222222222223 0.7072916666666667 0.22453703703703703 0.69921875 0.22916666666666666 0.6890625 0.22824074074074074 0.6848958333333334 0.22083333333333333 0.68515625 0.14074074074074075 0.6888020833333334 0.13240740740740742 0.7018229166666666 0.1310185185185185
0 0.96015625 0.13194444444444445 0.9713541666666666 0.14027777777777778 0.9744791666666667 0.15462962962962962 0.9744791666666667 0.2300925925925926 0.97109375 0.23796296296296296 0.9638020833333333 0.24305555555555555 0.9549479166666667 0.24166666666666667 0.9489583333333333 0.2337962962962963 0.9455729166666667 0.19675925925925927 0.9453125 0.14722222222222223 0.9515625 0.1337962962962963 0.9598958333333333 0.13194444444444445
0 0.8111979166666666 0.1111111111111111 0.8169270833333333 0.11666666666666667 0.8205729166666667 0.12962962962962962 0.8223958333333333 0.18796296296296297 0.8190104166666666 0.20601851851851852 0.8109375 0.2125 0.8 0.21064814814814814 0.7950520833333333 0.20416666666666666 0.7958333333333333 0.1837962962962963 0.7932291666666667 0.13564814814814816 0.7942708333333334 0.12638888888888888 0.7984375 0.11527777777777778 0.8033854166666666 0.1111111111111111 0.8109375 0.1111111111111111
0 0.8567708333333334 0.7 0.8671875 0.7060185185185185 0.8705729166666667 0.7199074074074074 0.8721354166666667 0.8074074074074075 0.8697916666666666 0.8166666666666667 0.8627604166666667 0.8199074074074074 0.8479166666666667 0.8157407407407408 0.8424479166666666 0.8 0.8440104166666667 0.7689814814814815 0.8411458333333334 0.7134259259259259 0.84765625 0.7013888888888888 0.8565104166666667 0.7
0 0.8997395833333334 0.2652777777777778 0.9041666666666667 0.26851851851851855 0.9078125 0.2763888888888889 0.9091145833333333 0.29305555555555557 0.9130208333333333 0.30694444444444446 0.91015625 0.31342592592592594 0.9114583333333334 0.36574074074074076 0.9078125 0.37453703703703706 0.8984375 0.37777777777777777 0.8880208333333334 0.3763888888888889 0.8799479166666667 0.36574074074074076 0.8799479166666667 0.3523148148148148 0.88203125 0.3439814814814815 0.8809895833333333 0.3050925925925926 0.8768229166666667 0.29305555555555557 0.88359375 0.26944444444444443 0.8901041666666667 0.26481481481481484 0.8994791666666667 0.2652777777777778
0 0.07161458333333333 0.2810185185185185 0.09010416666666667 0.2949074074074074 0.09270833333333334 0.324537037037037 0.08619791666666667 0.3486111111111111 0.08359375 0.350462962962963 0.08151041666666667 0.34814814814814815 0.07890625 0.3597222222222222 0.07109375 0.36898148148148147 0.0640625 0.3680555555555556 0.05572916666666667 0.3592592592592593 0.052083333333333336 0.3490740740740741 0.052083333333333336 0.3435185185185185 0.05364583333333333 0.33101851851851855 0.05572916666666667 0.3296296296296296 0.06458333333333334 0.3287037037037037 0.07109375 0.3375 0.07864583333333333 0.3402777777777778 0.07838541666666667 0.32175925925925924 0.07421875 0.324537037037037 0.07395833333333333 0.31666666666666665 0.06354166666666666 0.30833333333333335 0.06197916666666667 0.3037037037037037 0.06197916666666667 0.2967592592592593 0.06640625 0.2828703703703704 0.07135416666666666 0.2810185185185185
0 0.5473958333333333 0.5425925925925926 0.5575520833333333 0.5458333333333333 0.5591145833333333 0.5523148148148148 0.5572916666666666 0.6509259259259259 0.55390625 0.6583333333333333 0.5481770833333334 0.6611111111111111 0.5348958333333333 0.6578703703703703 0.5309895833333333 0.6462962962962963 0.53359375 0.5467592592592593 0.5372395833333333 0.5430555555555555 0.5471354166666667 0.5425925925925926
0 0.85546875 0.5606481481481481 0.8661458333333333 0.5666666666666667 0.86796875 0.5777777777777777 0.8653645833333333 0.6662037037037037 0.8609375 0.6814814814814815 0.8559895833333333 0.6837962962962963 0.8419270833333333 0.6814814814814815 0.8380208333333333 0.6759259259259259 0.83671875 0.6689814814814815 0.8416666666666667 0.5722222222222222 0.8453125 0.5625 0.8552083333333333 0.5606481481481481
0 0.7380208333333333 0.26157407407407407 0.7473958333333334 0.26944444444444443 0.7505208333333333 0.287962962962963 0.7526041666666666 0.3587962962962963 0.7505208333333333 0.3638888888888889 0.74375 0.36712962962962964 0.73046875 0.3648148148148148 0.72734375 0.3592592592592593 0.7268229166666667 0.3509259259259259 0.7247395833333333 0.2759259259259259 0.7296875 0.26481481481481484 0.7377604166666667 0.26157407407407407
0 0.6638020833333333 0.1300925925925926 0.6705729166666666 0.13287037037037036 0.6739583333333333 0.14444444444444443 0.671875 0.20462962962962963 0.6729166666666667 0.22546296296296298 0.6692708333333334 0.23842592592592593 0.6591145833333333 0.24537037037037038 0.65078125 0.24212962962962964 0.6455729166666667 0.23148148148148148 0.6466145833333333 0.17175925925925925 0.6505208333333333 0.1361111111111111 0.6541666666666667 0.1310185185185185 0.6635416666666667 0.1300925925925926
0 0.73828125 0.5458333333333333 0.7458333333333333 0.5486111111111112 0.74921875 0.5537037037037037 0.75 0.5953703703703703 0.7481770833333333 0.6439814814814815 0.7442708333333333 0.649537037037037 0.7380208333333333 0.6518518518518519 0.72734375 0.649074074074074 0.72421875 0.6439814814814815 0.7244791666666667 0.6226851851851852 0.7229166666666667 0.6138888888888889 0.7247395833333333 0.5532407407407407 0.7270833333333333 0.5481481481481482 0.7380208333333333 0.5458333333333333
0 0.5893229166666667 0.1287037037037037 0.5963541666666666 0.13240740740740742 0.59921875 0.13935185185185187 0.5997395833333333 0.19953703703703704 0.59609375 0.23194444444444445 0.5919270833333333 0.23842592592592593 0.5859375 0.24074074074074073 0.578125 0.2388888888888889 0.5734375 0.23333333333333334 0.57109375 0.22453703703703703 0.5708333333333333 0.20972222222222223 0.5744791666666667 0.13425925925925927 0.5786458333333333 0.12962962962962962 0.5890625 0.1287037037037037
0 0.9322916666666666 0.5583333333333333 0.93984375 0.5625 0.94296875 0.5694444444444444 0.9463541666666667 0.6 0.9463541666666667 0.6708333333333333 0.94296875 0.6800925925925926 0.9338541666666667 0.6833333333333333 0.9244791666666666 0.6810185185185185 0.9182291666666667 0.6671296296296296 0.91484375 0.5893518518518519 0.9151041666666667 0.5736111111111111 0.9171875 0.5638888888888889 0.9216145833333333 0.5597222222222222 0.93203125 0.5583333333333333
0 0.5846354166666666 0.6976851851851852 0.5924479166666666 0.7023148148148148 0.5953125 0.711574074074074 0.5950520833333334 0.7296296296296296 0.59296875 0.7407407407407407 0.5940104166666667 0.7555555555555555 0.5916666666666667 0.7689814814814815 0.5919270833333333 0.8069444444444445 0.5890625 0.8217592592592593 0.5783854166666667 0.8268518518518518 0.5700520833333333 0.825 0.5653645833333333 0.8143518518518519 0.56484375 0.8041666666666667 0.5666666666666667 0.7935185185185185 0.565625 0.7648148148148148 0.56796875 0.7444444444444445 0.5690104166666666 0.7064814814814815 0.5744791666666667 0.6981481481481482 0.584375 0.6976851851851852
0 0.7002604166666667 0.5643518518518519 0.7104166666666667 0.5666666666666667 0.7130208333333333 0.5745370370370371 0.7138020833333333 0.6259259259259259 0.71328125 0.6310185185185185 0.7104166666666667 0.6328703703703704 0.6916666666666667 0.6324074074074074 0.6890625 0.6291666666666667 0.6911458333333333 0.6087962962962963 0.68984375 0.5703703703703704 0.6916666666666667 0.5662037037037037 0.7 0.5643518518518519
0 0.625 0.5504629629629629 0.6299479166666667 0.5555555555555556 0.6317708333333333 0.5703703703703704 0.634375 0.6513888888888889 0.6302083333333334 0.6648148148148149 0.6234375 0.6689814814814815 0.6114583333333333 0.6680555555555555 0.60859375 0.6652777777777777 0.6059895833333333 0.6560185185185186 0.603125 0.5717592592592593 0.6059895833333333 0.5532407407407407 0.6247395833333333 0.5504629629629629
0 0.70546875 0.6930555555555555 0.709375 0.6995370370370371 0.7111979166666667 0.7097222222222223 0.7114583333333333 0.7731481481481481 0.71015625 0.8037037037037037 0.7080729166666667 0.8078703703703703 0.7033854166666667 0.8097222222222222 0.684375 0.8074074074074075 0.6815104166666667 0.8032407407407407 0.6807291666666667 0.7958333333333333 0.6828125 0.7601851851851852 0.6817708333333333 0.7342592592592593 0.6848958333333334 0.6976851851851852 0.6908854166666667 0.6902777777777778 0.7052083333333333 0.6930555555555555
0 0.7377604166666667 0.700462962962963 0.7434895833333334 0.7064814814814815 0.7455729166666667 0.7157407407407408 0.7489583333333333 0.7805555555555556 0.7471354166666667 0.7949074074074074 0.7380208333333333 0.799074074074074 0.72734375 0.7986111111111112 0.7234375 0.7935185185185185 0.7192708333333333 0.725462962962963 0.7203125 0.7060185185185185 0.72734375 0.7013888888888888 0.7375 0.700462962962963
0 0.5440104166666667 0.6847222222222222 0.5505208333333333 0.6893518518518519 0.5528645833333333 0.6958333333333333 0.5541666666666667 0.7856481481481481 0.55 0.7986111111111112 0.5432291666666667 0.8037037037037037 0.53125 0.8004629629629629 0.5260416666666666 0.7865740740740741 0.5255208333333333 0.7615740740740741 0.5276041666666667 0.7518518518518519 0.528125 0.7203703703703703 0.5252604166666667 0.7083333333333334 0.5270833333333333 0.6930555555555555 0.5294270833333333 0.6888888888888889 0.54375 0.6847222222222222
0 0.6645833333333333 0.274537037037037 0.6697916666666667 0.2796296296296296 0.6721354166666667 0.2953703703703704 0.6703125 0.31574074074074077 0.6703125 0.35509259259259257 0.6682291666666667 0.36018518518518516 0.6546875 0.3611111111111111 0.64765625 0.3597222222222222 0.6455729166666667 0.3560185185185185 0.6463541666666667 0.28888888888888886 0.64765625 0.2796296296296296 0.6510416666666666 0.275 0.6643229166666667 0.274537037037037
0 0.846875 0.25555555555555554 0.8557291666666667 0.25833333333333336 0.86015625 0.26666666666666666 0.8651041666666667 0.33287037037037037 0.8630208333333333 0.3574074074074074 0.8520833333333333 0.36203703703703705 0.8424479166666666 0.3611111111111111 0.8380208333333333 0.3560185185185185 0.8330729166666667 0.28055555555555556 0.8346354166666666 0.26435185185185184 0.8385416666666666 0.25787037037037036 0.8466145833333333 0.25555555555555554
0 0.5747395833333333 0.3194444444444444 0.58828125 0.3333333333333333 0.5908854166666667 0.3384259259259259 0.5908854166666667 0.34444444444444444 0.5794270833333334 0.38333333333333336 0.5690104166666666 0.4083333333333333 0.5630208333333333 0.4287037037037037 0.5544270833333333 0.43796296296296294 0.55 0.43796296296296294 0.5393229166666667 0.42916666666666664 0.5361979166666667 0.4185185185185185 0.5361979166666667 0.40879629629629627 0.5640625 0.3347222222222222 0.5716145833333334 0.32083333333333336 0.5744791666666667 0.3194444444444444
0 0.78046875 0.5597222222222222 0.78515625 0.5634259259259259 0.7872395833333333 0.5694444444444444 0.78984375 0.6416666666666667 0.7877604166666666 0.6611111111111111 0.7796875 0.6662037037037037 0.7690104166666667 0.6657407407407407 0.7643229166666666 0.6578703703703703 0.7609375 0.5740740740740741 0.76171875 0.5675925925925925 0.765625 0.5611111111111111 0.7802083333333333 0.5597222222222222
0 0.6231770833333333 0.24537037037037038 0.6346354166666667 0.25046296296296294 0.6377604166666667 0.2657407407407407 0.63671875 0.30648148148148147 0.63828125 0.33287037037037037 0.6369791666666667 0.3486111111111111 0.634375 0.3541666666666667 0.6260416666666667 0.35833333333333334 0.6171875 0.3578703703703704 0.6130208333333333 0.3541666666666667 0.6104166666666667 0.33194444444444443 0.61015625 0.25833333333333336 0.615625 0.24722222222222223 0.6229166666666667 0.24537037037037038
0 0.8919270833333334 0.5680555555555555 0.90234375 0.5726851851851852 0.9052083333333333 0.5861111111111111 0.9059895833333333 0.6560185185185186 0.9036458333333334 0.6680555555555555 0.8979166666666667 0.6763888888888889 0.88359375 0.6754629629629629 0.8796875 0.6712962962962963 0.8786458333333333 0.6425925925925926 0.8765625 0.6319444444444444 0.8778645833333333 0.575 0.88125 0.5699074074074074 0.8916666666666667 0.5680555555555555
0 0.6598958333333333 0.9810185185185185 0.6651041666666667 0.9842592592592593 0.6705729166666666 0.999537037037037 0.6421875 0.999537037037037 0.64375 0.9893518518518518 0.646875 0.9842592592592593 0.6596354166666667 0.9810185185185185
0 0.50078125 0.9393518518518519 0.5096354166666667 0.9476851851851852 0.5130208333333334 0.9578703703703704 0.5119791666666667 0.9717592592592592 0.5036458333333333 0.999537037037037 0.47604166666666664 0.999537037037037 0.47421875 0.9949074074074075 0.48932291666666666 0.9402777777777778 0.49322916666666666 0.937037037037037 0.5005208333333333 0.9393518518518519
0 0.8526041666666667 0.14212962962962963 0.8567708333333334 0.14675925925925926 0.8575520833333333 0.15185185185185185 0.8575520833333333 0.22361111111111112 0.8544270833333333 0.2375 0.8458333333333333 0.24074074074074073 0.8354166666666667 0.23935185185185184 0.8317708333333333 0.2337962962962963 0.8328125 0.18472222222222223 0.8315104166666667 0.1550925925925926 0.8346354166666666 0.14351851851851852 0.85234375 0.14212962962962963
0 0.71796875 0.3861111111111111 0.7510416666666667 0.3925925925925926 0.75390625 0.40925925925925927 0.753125 0.42824074074074076 0.7515625 0.43333333333333335 0.7479166666666667 0.4361111111111111 0.7018229166666666 0.43333333333333335 0.6924479166666667 0.4287037037037037 0.6908854166666667 0.4041666666666667 0.6940104166666666 0.38981481481481484 0.7010416666666667 0.3861111111111111 0.7177083333333333 0.3861111111111111
0 0.6247395833333333 0.11203703703703703 0.63046875 0.11527777777777778 0.634375 0.12361111111111112 0.6369791666666667 0.17175925925925925 0.634375 0.21712962962962962 0.6299479166666667 0.22314814814814815 0.6231770833333333 0.22592592592592592 0.61328125 0.22453703703703703 0.61015625 0.2199074074074074 0.60859375 0.16712962962962963 0.6106770833333334 0.12314814814814815 0.615625 0.11481481481481481 0.6244791666666667 0.11203703703703703
0 0.9674479166666666 0.2587962962962963 0.9716145833333333 0.26342592592592595 0.9744791666666667 0.27546296296296297 0.9760416666666667 0.33935185185185185 0.9734375 0.36203703703703705 0.9671875 0.36898148148148147 0.9604166666666667 0.37037037037037035 0.94921875 0.3662037037037037 0.9427083333333334 0.3523148148148148 0.9453125 0.30324074074074076 0.9432291666666667 0.27824074074074073 0.94609375 0.2652777777777778 0.9502604166666667 0.25925925925925924 0.95546875 0.2569444444444444 0.9671875 0.2587962962962963
0 0.6424479166666667 0.43842592592592594 0.6473958333333333 0.4462962962962963 0.6541666666666667 0.4666666666666667 0.67109375 0.5361111111111111 0.6682291666666667 0.5458333333333333 0.6546875 0.5564814814814815 0.64921875 0.5537037037037037 0.6440104166666667 0.5430555555555555 0.6385416666666667 0.5152777777777777 0.6231770833333333 0.4708333333333333 0.6229166666666667 0.4546296296296296 0.6252604166666667 0.4486111111111111 0.6359375 0.4388888888888889 0.6421875 0.43842592592592594
0 0.65625 0.7027777777777777 0.6682291666666667 0.7046296296296296 0.6716145833333333 0.7074074074074074 0.6729166666666667 0.7125 0.6716145833333333 0.7967592592592593 0.66875 0.8092592592592592 0.6611979166666667 0.8175925925925925 0.6473958333333333 0.8138888888888889 0.6440104166666667 0.7986111111111112 0.64609375 0.7166666666666667 0.6486979166666667 0.7050925925925926 0.6559895833333333 0.7027777777777777
0 0.78046875 0.6907407407407408 0.7877604166666666 0.6958333333333333 0.7901041666666667 0.7134259259259259 0.79140625 0.7546296296296297 0.7908854166666667 0.7967592592592593 0.7869791666666667 0.8083333333333333 0.7807291666666667 0.812962962962963 0.77109375 0.8115740740740741 0.7638020833333333 0.8032407407407407 0.7622395833333333 0.7921296296296296 0.7619791666666667 0.7421296296296296 0.7619791666666667 0.7111111111111111 0.7643229166666666 0.6944444444444444 0.76875 0.6907407407407408 0.7802083333333333 0.6907407407407408
0 0.7385416666666667 0.09907407407407408 0.7453125 0.10277777777777777 0.7486979166666666 0.1125 0.7479166666666667 0.2 0.7447916666666666 0.21574074074074073 0.7346354166666667 0.2212962962962963 0.7239583333333334 0.21944444444444444 0.71953125 0.2111111111111111 0.7208333333333333 0.12407407407407407 0.7239583333333334 0.10555555555555556 0.7309895833333333 0.09907407407407408 0.73828125 0.09907407407407408
0 0.81484375 0.5574074074074075 0.8192708333333333 0.5601851851851852 0.8229166666666666 0.5708333333333333 0.8252604166666667 0.6296296296296297 0.8244791666666667 0.6620370370370371 0.82109375 0.6675925925925926 0.8151041666666666 0.6694444444444444 0.8036458333333333 0.6685185185185185 0.7986979166666667 0.6638888888888889 0.7986979166666667 0.6111111111111112 0.7966145833333333 0.5837962962962963 0.796875 0.5689814814814815 0.8 0.5592592592592592 0.8145833333333333 0.5574074074074075
0 0.8182291666666667 0.24722222222222223 0.8223958333333333 0.2550925925925926 0.8244791666666667 0.3162037037037037 0.8229166666666666 0.3300925925925926 0.8151041666666666 0.3347222222222222 0.8036458333333333 0.3337962962962963 0.8 0.3282407407407407 0.7986979166666667 0.2574074074074074 0.7997395833333333 0.2518518518518518 0.8036458333333333 0.24675925925925926 0.81796875 0.24722222222222223
0 0.7783854166666667 0.24351851851851852 0.7864583333333334 0.25092592592592594 0.7895833333333333 0.2652777777777778 0.78984375 0.34074074074074073 0.7861979166666667 0.3527777777777778 0.7802083333333333 0.35509259259259257 0.7713541666666667 0.35509259259259257 0.76484375 0.350462962962963 0.7630208333333334 0.33935185185185185 0.76171875 0.2967592592592593 0.7627604166666667 0.25416666666666665 0.7690104166666667 0.2449074074074074 0.778125 0.24351851851851852
0 0.8125 0.6949074074074074 0.8208333333333333 0.6981481481481482 0.8234375 0.7027777777777777 0.8260416666666667 0.7430555555555556 0.8244791666666667 0.7962962962962963 0.82109375 0.8037037037037037 0.8140625 0.8074074074074075 0.80703125 0.8060185185185185 0.8 0.799074074074074 0.7971354166666667 0.7736111111111111 0.7989583333333333 0.7449074074074075 0.79765625 0.7064814814814815 0.8013020833333333 0.6976851851851852 0.8122395833333333 0.6949074074074074