0 0.8872395833333333 0.12314814814814815 0.8932291666666666 0.12546296296296297 0.89609375 0.1300925925925926 0.9 0.19583333333333333 0.8971354166666666 0.23425925925925925 0.8934895833333333 0.23935185185185184 0.884375 0.2412037037037037 0.8755208333333333 0.2388888888888889 0.87109375 0.22777777777777777 0.8716145833333333 0.19305555555555556 0.8684895833333334 0.15092592592592594 0.8734375 0.12824074074074074 0.8768229166666667 0.12453703703703704 0.8869791666666667 0.12314814814814815
0 0.8078125 0.10231481481481482 0.8140625 0.10324074074074074 0.8208333333333333 0.11342592592592593 0.8247395833333333 0.14722222222222223 0.8244791666666667 0.1726851851851852 0.821875 0.1962962962962963 0.8174479166666667 0.2023148148148148 0.8122395833333333 0.20416666666666666 0.8015625 0.20185185185185187 0.7963541666666667 0.19398148148148148 0.7979166666666667 0.16712962962962963 0.7955729166666666 0.12268518518518519 0.8010416666666667 0.10555555555555556 0.8075520833333333 0.10231481481481482
0 0.6270833333333333 0.6847222222222222 0.63125 0.687962962962963 0.634375 0.6958333333333333 0.6361979166666667 0.7268518518518519 0.6356770833333333 0.7847222222222222 0.6333333333333333 0.8060185185185185 0.6299479166666667 0.8125 0.6231770833333333 0.8143518518518519 0.6122395833333333 0.8125 0.6075520833333333 0.8064814814814815 0.60546875 0.7972222222222223 0.6057291666666667 0.7615740740740741 0.6083333333333333 0.7347222222222223 0.6088541666666667 0.6962962962962963 0.6119791666666666 0.687962962962963 0.6151041666666667 0.6856481481481481 0.6268229166666667 0.6847222222222222
0 0.7434895833333334 0.25462962962962965 0.7497395833333333 0.262037037037037 0.7520833333333333 0.2740740740740741 0.7546875 0.3449074074074074 0.7520833333333333 0.3560185185185185 0.7432291666666667 0.35833333333333334 0.7328125 0.35694444444444445 0.72890625 0.34953703703703703 0.72578125 0.27870370370370373 0.7263020833333333 0.26805555555555555 0.73046875 0.2574074074074074 0.7432291666666667 0.25462962962962965
0 0.703125 0.25092592592592594 0.70859375 0.2537037037037037 0.71171875 0.2601851851851852 0.7119791666666667 0.3384259259259259 0.7096354166666666 0.35185185185185186 0.7013020833333333 0.35509259259259257 0.6919270833333333 0.3537037037037037 0.68828125 0.3490740740740741 0.6859375 0.28055555555555556 0.6869791666666667 0.26064814814814813 0.6893229166666667 0.25277777777777777 0.7028645833333333 0.25092592592592594
0 0.9611979166666667 0.12314814814814815 0.971875 0.1287037037037037 0.9760416666666667 0.1412037037037037 0.9765625 0.2212962962962963 0.9744791666666667 0.22916666666666666 0.9674479166666666 0.2351851851851852 0.9552083333333333 0.23194444444444445 0.9494791666666667 0.22546296296296298 0.9471354166666667 0.21805555555555556 0.94765625 0.1638888888888889 0.9455729166666667 0.1550925925925926 0.94609375 0.14537037037037037 0.9502604166666667 0.1300925925925926 0.9552083333333333 0.12453703703703704 0.9609375 0.12314814814814815
0 0.8497395833333333 0.13287037037037036 0.8567708333333334 0.13564814814814816 0.86015625 0.1449074074074074 0.8604166666666667 0.21435185185185185 0.8567708333333334 0.22824074074074074 0.8455729166666667 0.23333333333333334 0.8375 0.23148148148148148 0.8333333333333334 0.22268518518518518 0.83359375 0.14351851851851852 0.8346354166666666 0.13703703703703704 0.8377604166666667 0.1337962962962963 0.8494791666666667 0.13287037037037036
0 0.8182291666666667 0.55 0.8236979166666667 0.5569444444444445 0.8260416666666667 0.5736111111111111 0.8268229166666666 0.6458333333333334 0.8247395833333333 0.6583333333333333 0.8143229166666667 0.662962962962963 0.8033854166666666 0.6601851851851852 0.8 0.6541666666666667 0.7981770833333334 0.5675925925925925 0.8010416666666667 0.5523148148148148 0.8059895833333334 0.549537037037037 0.81796875 0.55
0 0.6809895833333334 0.42407407407407405 0.6893229166666667 0.42685185185185187 0.6927083333333334 0.43194444444444446 0.69375 0.49444444444444446 0.6924479166666667 0.5259259259259259 0.6893229166666667 0.5337962962962963 0.68046875 0.5370370370370371 0.6700520833333333 0.5328703703703703 0.6674479166666667 0.5254629629629629 0.66640625 0.5115740740740741 0.6684895833333333 0.4824074074074074 0.66875 0.4351851851851852 0.6716145833333333 0.42685185185185187 0.6807291666666667 0.42407407407407405
0 0.8604166666666667 0.6916666666666667 0.8697916666666666 0.6972222222222222 0.8729166666666667 0.7138888888888889 0.8723958333333334 0.7282407407407407 0.87421875 0.7375 0.8739583333333333 0.8041666666666667 0.8697916666666666 0.8115740740740741 0.8630208333333333 0.812962962962963 0.8486979166666667 0.8087962962962963 0.84453125 0.7921296296296296 0.8453125 0.7425925925925926 0.8427083333333333 0.7143518518518519 0.84375 0.7041666666666667 0.8489583333333334 0.6939814814814815 0.86015625 0.6916666666666667
0 0.44609375 0.45046296296296295 0.44973958333333336 0.4601851851851852 0.44947916666666665 0.48703703703703705 0.44557291666666665 0.4986111111111111 0.4328125 0.5041666666666667 0.42526041666666664 0.5027777777777778 0.421875 0.4976851851851852 0.41901041666666666 0.47962962962962963 0.4197916666666667 0.4685185185185185 0.42213541666666665 0.46296296296296297 0.42890625 0.45694444444444443 0.44583333333333336 0.45046296296296295
0 0.5955729166666667 0.24212962962962964 0.5997395833333333 0.2462962962962963 0.6010416666666667 0.2550925925925926 0.60234375 0.3509259259259259 0.5989583333333334 0.3625 0.5921875 0.3675925925925926 0.5809895833333333 0.36712962962962964 0.5744791666666667 0.35833333333333334 0.5744791666666667 0.2671296296296296 0.5752604166666667 0.25462962962962965 0.5783854166666667 0.24444444444444444 0.5953125 0.24212962962962964
0 0.6234375 0.5421296296296296 0.6302083333333334 0.5458333333333333 0.6322916666666667 0.5527777777777778 0.6361979166666667 0.6398148148148148 0.6341145833333334 0.6527777777777778 0.6309895833333333 0.6583333333333333 0.625 0.6611111111111111 0.6125 0.6597222222222222 0.60859375 0.6537037037037037 0.6049479166666667 0.5726851851851852 0.6052083333333333 0.5555555555555556 0.6078125 0.5453703703703704 0.6231770833333333 0.5421296296296296
0 0.6638020833333333 0.12129629629629629 0.67265625 0.12453703703703704 0.6755208333333333 0.13240740740740742 0.6760416666666667 0.19722222222222222 0.6747395833333333 0.22685185185185186 0.6627604166666666 0.23657407407407408 0.65 0.23194444444444445 0.6473958333333333 0.22685185185185186 0.6463541666666667 0.21296296296296297 0.6505208333333333 0.13564814814814816 0.6541666666666667 0.12407407407407407 0.6635416666666667 0.12129629629629629
0 0.7807291666666667 0.5513888888888889 0.7864583333333334 0.5546296296296296 0.7895833333333333 0.5643518518518519 0.7921875 0.6375 0.7888020833333333 0.6546296296296297 0.7794270833333333 0.6587962962962963 0.7708333333333334 0.6578703703703703 0.765625 0.6462962962962963 0.7630208333333334 0.5666666666666667 0.7645833333333333 0.5574074074074075 0.76796875 0.5532407407407407 0.78046875 0.5513888888888889
0 0.9364583333333333 0.5509259259259259 0.9427083333333334 0.5555555555555556 0.94609375 0.5643518518518519 0.94921875 0.6157407407407407 0.94921875 0.6620370370370371 0.9455729166666667 0.6722222222222223 0.9385416666666667 0.6754629629629629 0.9278645833333333 0.674074074074074 0.9216145833333333 0.6648148148148149 0.9169270833333333 0.5819444444444445 0.9171875 0.5634259259259259 0.9197916666666667 0.5560185185185185 0.925 0.5513888888888889 0.9361979166666666 0.5509259259259259
0 0.7020833333333333 0.6833333333333333 0.71015625 0.6888888888888889 0.7130208333333333 0.7 0.7125 0.7759259259259259 0.7109375 0.7972222222222223 0.7065104166666667 0.8023148148148148 0.6888020833333334 0.8009259259259259 0.6848958333333334 0.7981481481481482 0.6825520833333333 0.7921296296296296 0.6854166666666667 0.6944444444444444 0.6895833333333333 0.6847222222222222 0.7018229166666666 0.6833333333333333
0 0.74140625 0.6944444444444444 0.7453125 0.6986111111111111 0.7471354166666667 0.7060185185185185 0.75078125 0.7805555555555556 0.7486979166666666 0.788425925925926 0.7390625 0.7916666666666666 0.7270833333333333 0.7907407407407407 0.725 0.7861111111111111 0.7203125 0.7060185185185185 0.72265625 0.6981481481481482 0.7265625 0.6953703703703704 0.7411458333333333 0.6944444444444444
0 0.5450520833333333 0.6773148148148148 0.5510416666666667 0.6810185185185185 0.5544270833333333 0.6916666666666667 0.5546875 0.774074074074074 0.5518229166666667 0.7898148148148149 0.5440104166666667 0.7962962962962963 0.5330729166666667 0.7935185185185185 0.5286458333333334 0.7847222222222222 0.52734375 0.6930555555555555 0.5286458333333334 0.6851851851851852 0.5325520833333334 0.6791666666666667 0.5447916666666667 0.6773148148148148
0 0.6671875 0.2662037037037037 0.6716145833333333 0.2712962962962963 0.6734375 0.2828703703703704 0.671875 0.3458333333333333 0.6692708333333334 0.35138888888888886 0.6638020833333333 0.35324074074074074 0.6513020833333333 0.3527777777777778 0.6473958333333333 0.3472222222222222 0.6473958333333333 0.28888888888888886 0.6481770833333333 0.2763888888888889 0.65078125 0.2675925925925926 0.6565104166666667 0.26481481481481484 0.6669270833333333 0.2662037037037037
0 0.54765625 0.5347222222222222 0.5596354166666667 0.5398148148148149 0.5606770833333333 0.5657407407407408 0.5591145833333333 0.5981481481481481 0.5604166666666667 0.6300925925925925 0.5572916666666666 0.6486111111111111 0.5502604166666667 0.6537037037037037 0.5361979166666667 0.6504629629629629 0.5322916666666667 0.6412037037037037 0.53515625 0.5398148148148149 0.5372395833333333 0.5361111111111111 0.5473958333333333 0.5347222222222222
0 0.7901041666666667 0.40324074074074073 0.8315104166666667 0.40879629629629627 0.8419270833333333 0.4134259259259259 0.84375 0.42824074074074076 0.8424479166666666 0.449537037037037 0.8395833333333333 0.45416666666666666 0.83203125 0.4564814814814815 0.7825520833333334 0.45092592592592595 0.7763020833333333 0.44583333333333336 0.7729166666666667 0.42962962962962964 0.77578125 0.41064814814814815 0.78203125 0.4041666666666667 0.78984375 0.40324074074074073
0 0.6268229166666667 0.23703703703703705 0.63515625 0.24074074074074073 0.6385416666666667 0.25046296296296294 0.6375 0.30324074074074076 0.6401041666666667 0.32314814814814813 0.6375 0.34444444444444444 0.628125 0.35 0.61640625 0.3472222222222222 0.6130208333333333 0.3425925925925926 0.6119791666666666 0.33611111111111114 0.6125 0.24814814814814815 0.6161458333333333 0.24074074074074073 0.6265625 0.23703703703703705
0 0.8984375 0.5611111111111111 0.9049479166666666 0.5657407407407408 0.9075520833333334 0.5768518518518518 0.90859375 0.6550925925925926 0.9078125 0.6611111111111111 0.9044270833333333 0.6657407407407407 0.8947916666666667 0.6699074074074074 0.8833333333333333 0.6685185185185185 0.8807291666666667 0.6620370370370371 0.8799479166666667 0.5731481481481482 0.8833333333333333 0.5625 0.8981770833333333 0.5611111111111111
0 0.659375 0.9763888888888889 0.6653645833333334 0.9787037037037037 0.6716145833333333 0.9861111111111112 0.6744791666666666 0.999537037037037 0.6458333333333334 0.999537037037037 0.6497395833333334 0.9805555555555555 0.6591145833333333 0.9763888888888889
0 0.8533854166666667 0.24768518518518517 0.8598958333333333 0.25324074074074077 0.86328125 0.26157407407407407 0.8671875 0.33564814814814814 0.8640625 0.35138888888888886 0.853125 0.3541666666666667 0.8442708333333333 0.35324074074074074 0.840625 0.34814814814814815 0.83515625 0.26990740740740743 0.8354166666666667 0.26157407407407407 0.83828125 0.25324074074074077 0.8453125 0.24768518518518517 0.853125 0.24768518518518517
0 0.7783854166666667 0.2351851851851852 0.7877604166666666 0.24166666666666667 0.7908854166666667 0.2513888888888889 0.79140625 0.26481481481481484 0.7911458333333333 0.3337962962962963 0.7875 0.34444444444444444 0.7799479166666666 0.3476851851851852 0.76953125 0.3449074074074074 0.765625 0.3388888888888889 0.7638020833333333 0.3037037037037037 0.7645833333333333 0.24537037037037038 0.7697916666666667 0.2375 0.778125 0.2351851851851852
0 0.74375 0.5388888888888889 0.7494791666666667 0.5421296296296296 0.7510416666666667 0.5472222222222223 0.7518229166666667 0.6046296296296296 0.75 0.6356481481481482 0.7481770833333333 0.6398148148148148 0.7416666666666667 0.6439814814814815 0.73046875 0.6425925925925926 0.7263020833333333 0.6356481481481482 0.7263020833333333 0.5467592592592593 0.7302083333333333 0.5393518518518519 0.7434895833333334 0.5388888888888889
0 0.628125 0.10416666666666667 0.6356770833333333 0.11296296296296296 0.63828125 0.15787037037037038 0.6372395833333333 0.20416666666666666 0.6338541666666667 0.21296296296296297 0.6270833333333333 0.2175925925925926 0.6161458333333333 0.2162037037037037 0.6119791666666666 0.21157407407407408 0.61015625 0.20277777777777778 0.6127604166666667 0.13703703703703704 0.6119791666666666 0.1162037037037037 0.6184895833333334 0.10555555555555556 0.6278645833333333 0.10416666666666667
0 0.9638020833333333 0.24861111111111112 0.9705729166666667 0.2513888888888889 0.975 0.25787037037037036 0.9776041666666667 0.28888888888888886 0.9760416666666667 0.34953703703703703 0.9736979166666667 0.3574074074074074 0.965625 0.36203703703703705 0.9549479166666667 0.36018518518518516 0.9450520833333333 0.3453703703703704 0.9471354166666667 0.3050925925925926 0.94609375 0.2652777777777778 0.9526041666666667 0.2513888888888889 0.9635416666666666 0.24861111111111112
0 0.8572916666666667 0.5532407407407407 0.8661458333333333 0.5564814814814815 0.8690104166666667 0.5606481481481481 0.8700520833333333 0.5675925925925925 0.8666666666666667 0.6648148148148149 0.8630208333333333 0.6726851851851852 0.8572916666666667 0.6763888888888889 0.8432291666666667 0.6726851851851852 0.8403645833333333 0.6685185185185185 0.8388020833333333 0.6583333333333333 0.8416666666666667 0.5810185185185185 0.84375 0.5657407407407408 0.8481770833333333 0.5546296296296296 0.85703125 0.5532407407407407
0 0.5934895833333333 0.12083333333333333 0.5981770833333333 0.12314814814814815 0.6002604166666666 0.12916666666666668 0.6005208333333333 0.20046296296296295 0.5989583333333334 0.22083333333333333 0.5924479166666666 0.2310185185185185 0.5869791666666667 0.23287037037037037 0.5776041666666667 0.22870370370370371 0.5729166666666666 0.21712962962962962 0.575 0.13194444444444445 0.578125 0.12222222222222222 0.5932291666666667 0.12083333333333333
0 0.6614583333333334 0.6953703703703704 0.671875 0.6981481481481482 0.6744791666666666 0.7064814814814815 0.6729166666666667 0.7902777777777777 0.6692708333333334 0.8060185185185185 0.66328125 0.8106481481481481 0.6502604166666667 0.8078703703703703 0.64609375 0.7976851851851852 0.6473958333333333 0.7083333333333334 0.65078125 0.6958333333333333 0.6611979166666667 0.6953703703703704
0 0.2591145833333333 0.08194444444444444 0.26901041666666664 0.08796296296296297 0.2708333333333333 0.09212962962962963 0.2643229166666667 0.14444444444444443 0.2598958333333333 0.15046296296296297 0.24427083333333333 0.1449074074074074 0.24036458333333333 0.13703703703703704 0.2484375 0.08842592592592592 0.2515625 0.0824074074074074 0.25885416666666666 0.08194444444444444
0 0.7080729166666667 0.5569444444444445 0.7135416666666666 0.5615740740740741 0.7153645833333333 0.5791666666666667 0.7153645833333333 0.6194444444444445 0.7140625 0.6240740740740741 0.7091145833333333 0.625 0.69296875 0.624537037037037 0.6908854166666667 0.6175925925925926 0.6921875 0.6032407407407407 0.69140625 0.562037037037037 0.696875 0.5569444444444445 0.7078125 0.5569444444444445
0 0.7838541666666666 0.6828703703703703 0.7875 0.6851851851851852 0.7911458333333333 0.6958333333333333 0.7934895833333333 0.7851851851851852 0.7901041666666667 0.8 0.78203125 0.8060185185185185 0.7697916666666667 0.8013888888888889 0.765625 0.7925925925925926 0.7638020833333333 0.7032407407407407 0.76640625 0.6856481481481481 0.7723958333333333 0.6819444444444445 0.78359375 0.6828703703703703
0 0.7033854166666667 0.12314814814814815 0.7111979166666667 0.12962962962962962 0.7119791666666667 0.18287037037037038 0.7109375 0.2125 0.7091145833333333 0.21712962962962962 0.7028645833333333 0.22083333333333333 0.6888020833333334 0.21805555555555556 0.6861979166666666 0.2101851851851852 0.6861979166666666 0.1986111111111111 0.6869791666666667 0.12962962962962962 0.6921875 0.12407407407407407 0.703125 0.12314814814814815
0 0.8184895833333333 0.23842592592592593 0.821875 0.2412037037037037 0.8247395833333333 0.25416666666666665 0.8260416666666667 0.31296296296296294 0.8244791666666667 0.32314814814814813 0.8140625 0.3263888888888889 0.8059895833333334 0.32546296296296295 0.8020833333333334 0.32083333333333336 0.8 0.2513888888888889 0.8036458333333333 0.23981481481481481 0.8182291666666667 0.23842592592592593
0 0.7799479166666666 0.11851851851851852 0.7828125 0.12083333333333333 0.784375 0.1287037037037037 0.7869791666666667 0.20277777777777778 0.78359375 0.21666666666666667 0.7760416666666666 0.2222222222222222 0.7674479166666667 0.22083333333333333 0.7598958333333333 0.20925925925925926 0.7578125 0.13333333333333333 0.7622395833333333 0.12037037037037036 0.7796875 0.11851851851851852
0 0.8955729166666667 0.25601851851851853 0.9036458333333334 0.25787037037037036 0.9083333333333333 0.26435185185185184 0.91484375 0.2967592592592593 0.91328125 0.30787037037037035 0.9135416666666667 0.35833333333333334 0.9096354166666667 0.3662037037037037 0.9036458333333334 0.36898148148148147 0.8872395833333333 0.36666666666666664 0.8815104166666666 0.3527777777777778 0.884375 0.3287037037037037 0.8822916666666667 0.29305555555555557 0.8791666666666667 0.2861111111111111 0.8799479166666667 0.27870370370370373 0.8859375 0.2601851851851852 0.8953125 0.25601851851851853
0 0.8171875 0.687962962962963 0.8244791666666667 0.6921296296296297 0.8270833333333333 0.6986111111111111 0.8276041666666667 0.7699074074074074 0.8252604166666667 0.7930555555555555 0.815625 0.799537037037037 0.80703125 0.7976851851851852 0.8026041666666667 0.7935185185185185 0.7997395833333333 0.7824074074074074 0.79921875 0.7606481481481482 0.8013020833333333 0.7333333333333333 0.7984375 0.7023148148148148 0.7994791666666666 0.6953703703703704 0.8026041666666667 0.6902777777777778 0.8169270833333333 0.687962962962963
0 0.5817708333333333 0.6898148148148148 0.5934895833333333 0.6953703703703704 0.5966145833333333 0.711574074074074 0.5947916666666667 0.7263888888888889 0.5955729166666667 0.7458333333333333 0.5932291666666667 0.8069444444444445 0.5890625 0.8162037037037037 0.58203125 0.8194444444444444 0.5705729166666667 0.8152777777777778 0.5677083333333334 0.8106481481481481 0.5666666666666667 0.8032407407407407 0.5705729166666667 0.7 0.5731770833333333 0.6925925925925925 0.5815104166666667 0.6898148148148148