0 0.5916666666666667 0.23796296296296296 0.0625 0.046296296296296294
0 0.42916666666666664 0.287962962962963 0.05625 0.03888888888888889
0 0.10989583333333333 0.337037037037037 0.059375 0.040740740740740744
0 0.11666666666666667 0.287962962962963 0.05416666666666667 0.04259259259259259
0 0.9333333333333333 0.2490740740740741 0.05 0.03888888888888889
0 0.9385416666666667 0.575 0.05416666666666667 0.04259259259259259
0 0.94375 0.4361111111111111 0.0625 0.03888888888888889
0 0.9411458333333333 0.6259259259259259 0.053125 0.040740740740740744
0 0.27239583333333334 0.24074074074074073 0.053125 0.040740740740740744
0 0.8760416666666667 0.3425925925925926 0.058333333333333334 0.040740740740740744
0 0.6661458333333333 0.5509259259259259 0.06354166666666666 0.03888888888888889
0 0.8869791666666667 0.48518518518518516 0.06354166666666666 0.037037037037037035
0 0.9411458333333333 0.3861111111111111 0.065625 0.03888888888888889
0 0.7036458333333333 0.24074074074074073 0.053125 0.044444444444444446
0 0.2708333333333333 0.2884259259259259 0.05416666666666667 0.04351851851851852
0 0.4270833333333333 0.774074074074074 0.058333333333333334 0.040740740740740744
0 0.8765625 0.4305555555555556 0.057291666666666664 0.046296296296296294
0 0.8755208333333333 0.25555555555555554 0.057291666666666664 0.044444444444444446
0 0.21666666666666667 0.575925925925926 0.05 0.040740740740740744
0 0.3723958333333333 0.8231481481481482 0.053125 0.04259259259259259
0 0.2677083333333333 0.3351851851851852 0.052083333333333336 0.037037037037037035
0 0.7609375 0.337037037037037 0.053125 0.040740740740740744
0 0.5989583333333334 0.5805555555555556 0.05416666666666667 0.03888888888888889
0 0.8859375 0.5342592592592592 0.059375 0.03888888888888889
0 0.7666666666666667 0.7240740740740741 0.05625 0.037037037037037035
0 0.43125 0.7138888888888889 0.0625 0.03888888888888889
0 0.5989583333333334 0.5319444444444444 0.058333333333333334 0.04537037037037037
0 0.275 0.575925925925926 0.05 0.040740740740740744
0 0.375 0.3861111111111111 0.05 0.04259259259259259
0 0.59375 0.7805555555555556 0.0625 0.04259259259259259
0 0.37552083333333336 0.625 0.051041666666666666 0.04259259259259259
0 0.7630208333333334 0.5805555555555556 0.057291666666666664 0.04259259259259259
0 0.4354166666666667 0.5740740740740741 0.05416666666666667 0.040740740740740744
0 0.9513020833333333 0.8726851851851852 0.06197916666666667 0.041666666666666664
0 0.7625 0.39166666666666666 0.0625 0.046296296296296294
0 0.88125 0.6277777777777778 0.05625 0.040740740740740744
0 0.7614583333333333 0.8694444444444445 0.06458333333333334 0.04259259259259259
0 0.7072916666666667 0.725925925925926 0.052083333333333336 0.040740740740740744
0 0.7619791666666667 0.18611111111111112 0.07604166666666666 0.053703703703703705
0 0.3380208333333333 0.018518518518518517 0.057291666666666664 0.037037037037037035
0 0.43645833333333334 0.6296296296296297 0.05416666666666667 0.04814814814814815
0 0.11822916666666666 0.4351851851851852 0.057291666666666664 0.037037037037037035
0 0.8833333333333333 0.5777777777777777 0.052083333333333336 0.037037037037037035
0 0.534375 0.825925925925926 0.06041666666666667 0.044444444444444446
0 0.115625 0.48055555555555557 0.05 0.03888888888888889
0 0.21354166666666666 0.6222222222222222 0.05 0.037037037037037035
0 0.26458333333333334 0.37962962962962965 0.05625 0.040740740740740744
0 0.5385416666666667 0.725925925925926 0.06458333333333334 0.044444444444444446
0 0.10208333333333333 0.8712962962962963 0.058333333333333334 0.04259259259259259
0 0.05 0.525 0.05625 0.03888888888888889
0 0.04895833333333333 0.7166666666666667 0.052083333333333336 0.03333333333333333
0 0.5385416666666667 0.3851851851851852 0.05625 0.040740740740740744
0 0.9447916666666667 0.7731481481481481 0.05625 0.03888888888888889
0 0.5411458333333333 0.10694444444444444 0.059375 0.058333333333333334
0 0.9416666666666667 0.29444444444444445 0.058333333333333334 0.040740740740740744
0 0.11614583333333334 0.38425925925925924 0.04895833333333333 0.03888888888888889
0 0.8755208333333333 0.20555555555555555 0.051041666666666666 0.037037037037037035
0 0.10416666666666667 0.5416666666666666 0.06875 0.046296296296296294
0 0.7005208333333334 0.29907407407407405 0.04895833333333333 0.03888888888888889
0 0.4015625 0.8814814814814815 0.090625 0.05185185185185185
0 0.7661458333333333 0.6342592592592593 0.059375 0.03888888888888889
0 0.10572916666666667 0.7694444444444445 0.04895833333333333 0.03888888888888889
0 0.43072916666666666 0.4305555555555556 0.05520833333333333 0.03888888888888889
0 0.93125 0.2037037037037037 0.05 0.040740740740740744
0 0.0546875 0.48333333333333334 0.05520833333333333 0.037037037037037035
0 0.7677083333333333 0.6805555555555556 0.0625 0.03888888888888889
0 0.5322916666666667 0.8851851851851852 0.0625 0.040740740740740744
0 0.38255208333333335 0.1037037037037037 0.058854166666666666 0.05185185185185185
0 0.10520833333333333 0.8175925925925925 0.05416666666666667 0.03518518518518519
0 0.9484375 0.8203703703703704 0.057291666666666664 0.040740740740740744
0 0.11041666666666666 0.6731481481481482 0.052083333333333336 0.03888888888888889
0 0.26614583333333336 0.4351851851851852 0.04895833333333333 0.037037037037037035
0 0.7578125 0.2462962962962963 0.051041666666666666 0.040740740740740744
0 0.7625 0.8203703703703704 0.052083333333333336 0.037037037037037035
0 0.5390625 0.48703703703703705 0.06145833333333333 0.040740740740740744
0 0.22760416666666666 0.10833333333333334 0.059375 0.05
0 0.7510416666666667 0.49166666666666664 0.04583333333333333 0.03888888888888889
0 0.5453125 0.6296296296296297 0.051041666666666666 0.040740740740740744
0 0.5994791666666667 0.42685185185185187 0.057291666666666664 0.046296296296296294
0 0.2677083333333333 0.8194444444444444 0.058333333333333334 0.03888888888888889
0 0.4322916666666667 0.3814814814814815 0.06041666666666667 0.037037037037037035
0 0.8869791666666667 0.7722222222222223 0.051041666666666666 0.037037037037037035
0 0.5385416666666667 0.43333333333333335 0.05416666666666667 0.040740740740740744
0 0.7630208333333334 0.7722222222222223 0.057291666666666664 0.044444444444444446
0 0.05625 0.4351851851851852 0.05 0.037037037037037035
0 0.2125 0.7694444444444445 0.05 0.03888888888888889
0 0.378125 0.33425925925925926 0.04791666666666667 0.03888888888888889
0 0.6036458333333333 0.6305555555555555 0.05520833333333333 0.04259259259259259
0 0.2677083333333333 0.8731481481481481 0.05416666666666667 0.03888888888888889
0 0.1078125 0.7203703703703703 0.040625 0.037037037037037035
0 0.27239583333333334 0.675 0.053125 0.04259259259259259
0 0.20572916666666666 0.8777777777777778 0.04895833333333333 0.044444444444444446
0 0.596875 0.8268518518518518 0.058333333333333334 0.03888888888888889
0 0.11875 0.24259259259259258 0.05 0.037037037037037035
0 0.8864583333333333 0.8203703703703704 0.052083333333333336 0.040740740740740744
0 0.2682291666666667 0.48055555555555557 0.05520833333333333 0.03888888888888889
0 0.60703125 0.3347222222222222 0.0734375 0.05092592592592592
0 0.7041666666666667 0.6296296296296297 0.05416666666666667 0.040740740740740744
0 0.38229166666666664 0.24814814814814815 0.05 0.037037037037037035
0 0.6979166666666666 0.4722222222222222 0.0625 0.05185185185185185
0 0.21822916666666667 0.5287037037037037 0.05520833333333333 0.03888888888888889
0 0.05625 0.29444444444444445 0.05625 0.040740740740740744
0 0.4328125 0.4842592592592593 0.053125 0.03888888888888889
0 0.9473958333333333 0.7212962962962963 0.059375 0.03888888888888889
0 0.06354166666666666 0.24814814814814815 0.04791666666666667 0.037037037037037035
0 0.21145833333333333 0.8194444444444444 0.04791666666666667 0.03888888888888889
0 0.21614583333333334 0.38425925925925924 0.051041666666666666 0.03888888888888889
0 0.04791666666666667 0.7694444444444445 0.05416666666666667 0.04259259259259259
0 0.7057291666666666 0.7759259259259259 0.051041666666666666 0.044444444444444446
0 0.3809895833333333 0.15092592592592594 0.0515625 0.05
0 0.0515625 0.6453703703703704 0.05520833333333333 0.03888888888888889
0 0.5734375 0.028703703703703703 0.05520833333333333 0.05
0 0.06822916666666666 0.19074074074074074 0.05520833333333333 0.040740740740740744
0 0.6986979166666667 0.1912037037037037 0.05364583333333333 0.04722222222222222
0 0.04921875 0.5787037037037037 0.05260416666666667 0.046296296296296294
0 0.2203125 0.2902777777777778 0.046875 0.03981481481481482
0 0.2171875 0.337037037037037 0.046875 0.040740740740740744
0 0.2674479166666667 0.19212962962962962 0.05364583333333333 0.05462962962962963
0 0.4390625 0.10740740740740741 0.051041666666666666 0.044444444444444446
0 0.43671875 0.19398148148148148 0.05260416666666667 0.05092592592592592
0 0.37994791666666666 0.2 0.05572916666666667 0.040740740740740744
0 0.5411458333333333 0.19768518518518519 0.053125 0.05092592592592592
0 0.5401041666666667 0.3351851851851852 0.053125 0.04814814814814815
0 0.540625 0.5412037037037037 0.058333333333333334 0.05277777777777778
0 0.6505208333333333 0.875 0.040625 0.09444444444444444
0 0.7020833333333333 0.387037037037037 0.0625 0.044444444444444446
0 0.65234375 0.18425925925925926 0.033854166666666664 0.09074074074074075
0 0.8700520833333333 0.10740740740740741 0.06302083333333333 0.05185185185185185
0 0.9291666666666667 0.11018518518518519 0.05 0.06481481481481481
0 0.88359375 0.7226851851851852 0.05677083333333333 0.04537037037037037
0 0.8895833333333333 0.8787037037037037 0.06041666666666667 0.05740740740740741