0 0.11822916666666666 0.287962962962963 0.051041666666666666 0.04259259259259259
0 0.5932291666666667 0.23796296296296296 0.06145833333333333 0.046296296296296294
0 0.7052083333333333 0.23981481481481481 0.05416666666666667 0.04259259259259259
0 0.875 0.2037037037037037 0.05625 0.040740740740740744
0 0.940625 0.575925925925926 0.05625 0.040740740740740744
0 0.11197916666666667 0.337037037037037 0.057291666666666664 0.040740740740740744
0 0.43125 0.28888888888888886 0.05 0.040740740740740744
0 0.27447916666666666 0.24166666666666667 0.051041666666666666 0.03888888888888889
0 0.5997395833333333 0.5310185185185186 0.0609375 0.04722222222222222
0 0.27447916666666666 0.28888888888888886 0.051041666666666666 0.040740740740740744
0 0.8791666666666667 0.34074074074074073 0.06041666666666667 0.040740740740740744
0 0.10520833333333333 0.8685185185185185 0.058333333333333334 0.040740740740740744
0 0.7635416666666667 0.18518518518518517 0.07708333333333334 0.05185185185185185
0 0.9427083333333334 0.6240740740740741 0.05416666666666667 0.040740740740740744
0 0.9369791666666667 0.24814814814814815 0.051041666666666666 0.037037037037037035
0 0.8786458333333333 0.2518518518518518 0.057291666666666664 0.040740740740740744
0 0.42916666666666664 0.7722222222222223 0.058333333333333334 0.037037037037037035
0 0.3765625 0.625 0.053125 0.04259259259259259
0 0.2421875 0.03518518518518519 0.051041666666666666 0.040740740740740744
0 0.5994791666666667 0.5777777777777777 0.051041666666666666 0.044444444444444446
0 0.7078125 0.7240740740740741 0.053125 0.040740740740740744
0 0.9502604166666667 0.8773148148148148 0.06614583333333333 0.05462962962962963
0 0.5411458333333333 0.7240740740740741 0.06354166666666666 0.040740740740740744
0 0.37864583333333335 0.3861111111111111 0.051041666666666666 0.04259259259259259
0 0.051041666666666666 0.7166666666666667 0.052083333333333336 0.03333333333333333
0 0.26927083333333335 0.37962962962962965 0.04895833333333333 0.040740740740740744
0 0.6 0.8287037037037037 0.05625 0.03888888888888889
0 0.9432291666666667 0.387037037037037 0.06354166666666666 0.037037037037037035
0 0.050520833333333334 0.525 0.05520833333333333 0.03888888888888889
0 0.26979166666666665 0.3351851851851852 0.04791666666666667 0.037037037037037035
0 0.8791666666666667 0.4287037037037037 0.05625 0.04259259259259259
0 0.8875 0.48148148148148145 0.06875 0.037037037037037035
0 0.7015625 0.5509259259259259 0.06354166666666666 0.04259259259259259
0 0.76875 0.6805555555555556 0.0625 0.03888888888888889
0 0.5354166666666667 0.8222222222222222 0.06041666666666667 0.044444444444444446
0 0.9447916666666667 0.2916666666666667 0.05625 0.03888888888888889
0 0.815625 0.023148148148148147 0.0625 0.04259259259259259
0 0.43072916666666666 0.7148148148148148 0.06770833333333333 0.040740740740740744
0 0.27395833333333336 0.6759259259259259 0.052083333333333336 0.040740740740740744
0 0.21875 0.5740740740740741 0.04791666666666667 0.040740740740740744
0 0.4322916666666667 0.4305555555555556 0.05416666666666667 0.03888888888888889
0 0.7640625 0.5777777777777777 0.057291666666666664 0.040740740740740744
0 0.9458333333333333 0.43425925925925923 0.06041666666666667 0.03888888888888889
0 0.10677083333333333 0.5398148148148149 0.06770833333333333 0.04259259259259259
0 0.40572916666666664 0.8796296296296297 0.09479166666666666 0.05185185185185185
0 0.275 0.5740740740740741 0.05 0.040740740740740744
0 0.11666666666666667 0.48055555555555557 0.05 0.03888888888888889
0 0.5953125 0.7805555555555556 0.059375 0.04259259259259259
0 0.10729166666666666 0.8157407407407408 0.052083333333333336 0.03518518518518519
0 0.7609375 0.3351851851851852 0.053125 0.040740740740740744
0 0.7682291666666666 0.7222222222222222 0.057291666666666664 0.037037037037037035
0 0.9494791666666667 0.7703703703703704 0.05520833333333333 0.037037037037037035
0 0.05677083333333333 0.4824074074074074 0.05520833333333333 0.03518518518518519
0 0.7614583333333333 0.24351851851851852 0.05 0.03888888888888889
0 0.9348958333333334 0.2 0.04895833333333333 0.040740740740740744
0 0.7015625 0.2972222222222222 0.053125 0.04259259259259259
0 0.7635416666666667 0.8203703703703704 0.052083333333333336 0.037037037037037035
0 0.11979166666666667 0.43148148148148147 0.058333333333333334 0.037037037037037035
0 0.7682291666666666 0.6314814814814815 0.06145833333333333 0.040740740740740744
0 0.7625 0.8694444444444445 0.06458333333333334 0.04259259259259259
0 0.11197916666666667 0.6731481481481482 0.051041666666666666 0.03888888888888889
0 0.5359375 0.8851851851851852 0.06145833333333333 0.044444444444444446
0 0.7630208333333334 0.38796296296296295 0.06354166666666666 0.046296296296296294
0 0.37395833333333334 0.8203703703703704 0.052083333333333336 0.040740740740740744
0 0.8864583333333333 0.5324074074074074 0.06041666666666667 0.03888888888888889
0 0.20625 0.8777777777777778 0.05 0.044444444444444446
0 0.5421875 0.43148148148148147 0.053125 0.040740740740740744
0 0.2125 0.8175925925925925 0.04791666666666667 0.03888888888888889
0 0.5411458333333333 0.48518518518518516 0.065625 0.040740740740740744
0 0.21770833333333334 0.6222222222222222 0.052083333333333336 0.037037037037037035
0 0.11927083333333334 0.3851851851851852 0.04895833333333333 0.040740740740740744
0 0.2677083333333333 0.43333333333333335 0.05 0.037037037037037035
0 0.5479166666666667 0.6268518518518519 0.052083333333333336 0.04259259259259259
0 0.8828125 0.575925925925926 0.053125 0.037037037037037035
0 0.43645833333333334 0.5740740740740741 0.05416666666666667 0.040740740740740744
0 0.4322916666666667 0.3814814814814815 0.058333333333333334 0.037037037037037035
0 0.5390625 0.38333333333333336 0.057291666666666664 0.040740740740740744
0 0.3796875 0.33425925925925926 0.04895833333333333 0.03888888888888889
0 0.7557291666666667 0.487962962962963 0.051041666666666666 0.04259259259259259
0 0.0578125 0.4351851851851852 0.051041666666666666 0.037037037037037035
0 0.384375 0.10185185185185185 0.06041666666666667 0.044444444444444446
0 0.8817708333333333 0.6277777777777778 0.057291666666666664 0.040740740740740744
0 0.2703125 0.8175925925925925 0.057291666666666664 0.03518518518518519
0 0.04739583333333333 0.028703703703703703 0.053125 0.05
0 0.6010416666666667 0.42777777777777776 0.06041666666666667 0.04814814814814815
0 0.23020833333333332 0.10972222222222222 0.058333333333333334 0.058333333333333334
0 0.9510416666666667 0.8212962962962963 0.06041666666666667 0.03888888888888889
0 0.8744791666666667 0.1037037037037037 0.0625 0.04814814814814815
0 0.44114583333333335 0.19166666666666668 0.057291666666666664 0.046296296296296294
0 0.11145833333333334 0.7194444444444444 0.04375 0.03888888888888889
0 0.05 0.5787037037037037 0.05625 0.03888888888888889
0 0.059895833333333336 0.29444444444444445 0.053125 0.040740740740740744
0 0.696875 0.18703703703703703 0.04791666666666667 0.04814814814814815
0 0.6067708333333334 0.3351851851851852 0.07395833333333333 0.05185185185185185
0 0.10625 0.7675925925925926 0.05 0.03888888888888889
0 0.21614583333333334 0.7675925925925926 0.046875 0.03518518518518519
0 0.8885416666666667 0.7722222222222223 0.05416666666666667 0.037037037037037035
0 0.26979166666666665 0.47962962962962963 0.05625 0.040740740740740744
0 0.1203125 0.24259259259259258 0.04895833333333333 0.037037037037037035
0 0.20572916666666666 0.950925925925926 0.04895833333333333 0.04259259259259259
0 0.8890625 0.8203703703703704 0.057291666666666664 0.040740740740740744
0 0.21927083333333333 0.33425925925925926 0.04895833333333333 0.03888888888888889
0 0.7 0.4740740740740741 0.06041666666666667 0.04814814814814815
0 0.05520833333333333 0.6462962962962963 0.05416666666666667 0.037037037037037035
0 0.2708333333333333 0.8694444444444445 0.05416666666666667 0.03888888888888889
0 0.4361979166666667 0.6337962962962963 0.0515625 0.05648148148148148
0 0.06666666666666667 0.24814814814814815 0.04791666666666667 0.037037037037037035
0 0.9432291666666667 0.725 0.06979166666666667 0.05
0 0.7052083333333333 0.6305555555555555 0.05416666666666667 0.03888888888888889
0 0.3859375 0.24814814814814815 0.04895833333333333 0.037037037037037035
0 0.4356770833333333 0.4847222222222222 0.0546875 0.04722222222222222
0 0.050520833333333334 0.7675925925925926 0.05520833333333333 0.046296296296296294
0 0.7645833333333333 0.7731481481481481 0.058333333333333334 0.04259259259259259
0 0.21927083333333333 0.5268518518518519 0.04895833333333333 0.03888888888888889
0 0.384375 0.1925925925925926 0.04791666666666667 0.044444444444444446
0 0.70625 0.7759259259259259 0.05 0.044444444444444446
0 0.21822916666666667 0.3851851851851852 0.05520833333333333 0.040740740740740744
0 0.6041666666666666 0.6296296296296297 0.05416666666666667 0.040740740740740744