0 0.8958333333333334 0.11666666666666667 0.8984375 0.12222222222222222 0.9005208333333333 0.14305555555555555 0.9020833333333333 0.1787037037037037 0.9005208333333333 0.2152777777777778 0.89765625 0.2273148148148148 0.8890625 0.23148148148148148 0.8786458333333333 0.2310185185185185 0.8729166666666667 0.22175925925925927 0.8734375 0.16296296296296298 0.8700520833333333 0.14027777777777778 0.8760416666666667 0.11805555555555555 0.8822916666666667 0.11481481481481481 0.8955729166666667 0.11666666666666667
0 0.8182291666666667 0.0962962962962963 0.8239583333333333 0.1087962962962963 0.8260416666666667 0.1300925925925926 0.8260416666666667 0.15833333333333333 0.8229166666666666 0.18888888888888888 0.8197916666666667 0.1935185185185185 0.8140625 0.19537037037037036 0.8041666666666667 0.19398148148148148 0.7994791666666666 0.18888888888888888 0.79765625 0.11296296296296296 0.8002604166666667 0.10231481481481482 0.8046875 0.09490740740740741 0.8109375 0.09305555555555556 0.81796875 0.0962962962962963
0 0.62578125 0.674537037037037 0.6338541666666667 0.6796296296296296 0.6364583333333333 0.6884259259259259 0.63828125 0.7550925925925925 0.6369791666666667 0.7837962962962963 0.6346354166666667 0.7967592592592593 0.6307291666666667 0.8023148148148148 0.6239583333333333 0.8046296296296296 0.6111979166666667 0.8009259259259259 0.6075520833333333 0.7935185185185185 0.6091145833333333 0.7666666666666667 0.6078125 0.7152777777777778 0.6091145833333333 0.6939814814814815 0.6119791666666666 0.6819444444444445 0.6171875 0.6754629629629629 0.6255208333333333 0.674537037037037
0 0.7432291666666667 0.2449074074074074 0.7484375 0.24768518518518517 0.7518229166666667 0.2537037037037037 0.7549479166666667 0.2828703703703704 0.75546875 0.3425925925925926 0.7518229166666667 0.3486111111111111 0.7453125 0.350462962962963 0.7354166666666667 0.35 0.7307291666666667 0.3421296296296296 0.7278645833333334 0.2689814814814815 0.7307291666666667 0.2513888888888889 0.7372395833333333 0.24537037037037038 0.74296875 0.2449074074074074
0 0.7078125 0.24259259259259258 0.71171875 0.24537037037037038 0.7138020833333333 0.2537037037037037 0.7138020833333333 0.33796296296296297 0.7106770833333333 0.34444444444444444 0.7052083333333333 0.34629629629629627 0.6955729166666667 0.34629629629629627 0.6903645833333333 0.3416666666666667 0.6880208333333333 0.26851851851851855 0.6888020833333334 0.2513888888888889 0.6911458333333333 0.24444444444444444 0.6971354166666667 0.2412037037037037 0.7075520833333333 0.24259259259259258
0 0.96328125 0.11435185185185186 0.971875 0.11805555555555555 0.97734375 0.12638888888888888 0.97890625 0.19675925925925927 0.9778645833333334 0.2175925925925926 0.9703125 0.22546296296296298 0.9619791666666667 0.22592592592592592 0.9557291666666666 0.22268518518518518 0.9513020833333333 0.21203703703703702 0.9513020833333333 0.18101851851851852 0.9486979166666667 0.1685185185185185 0.9489583333333333 0.13240740740740742 0.9536458333333333 0.11898148148148148 0.9630208333333333 0.11481481481481481
0 0.8161458333333333 0.5402777777777777 0.8216145833333334 0.5416666666666666 0.8244791666666667 0.5458333333333333 0.8286458333333333 0.5824074074074074 0.828125 0.6407407407407407 0.8255208333333334 0.649537037037037 0.8182291666666667 0.6523148148148148 0.80390625 0.65 0.8005208333333333 0.6375 0.8018229166666667 0.6148148148148148 0.8002604166666667 0.55 0.803125 0.5421296296296296 0.8158854166666667 0.5402777777777777
0 0.859375 0.6819444444444445 0.8692708333333333 0.6861111111111111 0.87421875 0.7064814814814815 0.875 0.7902777777777777 0.8729166666666667 0.7981481481481482 0.8666666666666667 0.8018518518518518 0.8515625 0.8 0.8447916666666667 0.7833333333333333 0.8473958333333333 0.7444444444444445 0.8442708333333333 0.6962962962962963 0.84921875 0.6856481481481481 0.8591145833333333 0.6819444444444445
0 0.8526041666666667 0.23796296296296296 0.8609375 0.24259259259259258 0.8651041666666667 0.25046296296296294 0.8690104166666667 0.3212962962962963 0.8661458333333333 0.34120370370370373 0.8513020833333333 0.3458333333333333 0.8432291666666667 0.3421296296296296 0.8403645833333333 0.33101851851851855 0.8372395833333334 0.2523148148148148 0.8411458333333334 0.24259259259259258 0.85234375 0.23796296296296296
0 0.5953125 0.1111111111111111 0.6 0.11435185185185186 0.60234375 0.11990740740740741 0.6020833333333333 0.19675925925925927 0.5989583333333334 0.21666666666666667 0.5916666666666667 0.22407407407407406 0.5846354166666666 0.22361111111111112 0.5783854166666667 0.21851851851851853 0.575 0.20925925925925926 0.5744791666666667 0.19907407407407407 0.5778645833333333 0.11666666666666667 0.5854166666666667 0.1111111111111111 0.5950520833333334 0.1111111111111111
0 0.5846354166666666 0.9888888888888889 0.5908854166666667 0.9912037037037037 0.5932291666666667 0.999537037037037 0.56640625 0.999537037037037 0.57109375 0.9912037037037037 0.584375 0.9888888888888889
0 0.6651041666666667 0.9643518518518519 0.6731770833333334 0.9777777777777777 0.675 0.9935185185185185 0.6739583333333333 0.999537037037037 0.6442708333333333 0.999537037037037 0.6453125 0.9768518518518519 0.6473958333333333 0.9699074074074074 0.6552083333333333 0.9634259259259259 0.66484375 0.9643518518518519
0 0.5927083333333333 0.23194444444444445 0.6 0.23425925925925925 0.6026041666666667 0.24027777777777778 0.6041666666666666 0.3138888888888889 0.603125 0.3458333333333333 0.5984375 0.35555555555555557 0.5919270833333333 0.35833333333333334 0.5817708333333333 0.35694444444444445 0.5776041666666667 0.35185185185185186 0.57578125 0.32314814814814813 0.578125 0.23796296296296296 0.5848958333333333 0.2324074074074074 0.5924479166666666 0.23194444444444445
0 0.5518229166666667 0.5254629629629629 0.5606770833333333 0.5287037037037037 0.5619791666666667 0.5319444444444444 0.5619791666666667 0.6092592592592593 0.5596354166666667 0.6370370370370371 0.55703125 0.6412037037037037 0.5502604166666667 0.6439814814814815 0.5361979166666667 0.6388888888888888 0.534375 0.6222222222222222 0.5364583333333334 0.5333333333333333 0.5395833333333333 0.5268518518518519 0.5515625 0.5254629629629629
0 0.6268229166666667 0.5328703703703703 0.63203125 0.5365740740740741 0.634375 0.5476851851851852 0.6375 0.6296296296296297 0.6364583333333333 0.6402777777777777 0.6330729166666667 0.6472222222222223 0.6239583333333333 0.6518518518518519 0.6135416666666667 0.649074074074074 0.6096354166666667 0.6402777777777777 0.60625 0.5884259259259259 0.6059895833333333 0.5537037037037037 0.6091145833333333 0.5361111111111111 0.6265625 0.5328703703703703
0 0.67109375 0.11296296296296296 0.6760416666666667 0.11898148148148148 0.6786458333333333 0.14351851851851852 0.6768229166666667 0.18888888888888888 0.678125 0.21388888888888888 0.67265625 0.22268518518518518 0.6619791666666667 0.22777777777777777 0.6528645833333333 0.22407407407407406 0.6484375 0.21296296296296297 0.6497395833333334 0.15601851851851853 0.65390625 0.11898148148148148 0.66015625 0.11296296296296296 0.6708333333333333 0.11296296296296296
0 0.9364583333333333 0.5412037037037037 0.9434895833333333 0.5458333333333333 0.9473958333333333 0.5564814814814815 0.95 0.586574074074074 0.9502604166666667 0.6231481481481481 0.9494791666666667 0.6578703703703703 0.9455729166666667 0.6652777777777777 0.93671875 0.6666666666666666 0.9283854166666666 0.6662037037037037 0.9229166666666667 0.6550925925925926 0.9182291666666667 0.5703703703703704 0.91875 0.5527777777777778 0.921875 0.5458333333333333 0.9361979166666666 0.5412037037037037
0 0.7044270833333334 0.674074074074074 0.7104166666666667 0.6777777777777778 0.7138020833333333 0.6898148148148148 0.7127604166666667 0.7865740740740741 0.7109375 0.7907407407407407 0.7065104166666667 0.7925925925925926 0.6895833333333333 0.7902777777777777 0.6841145833333333 0.7833333333333333 0.68671875 0.6875 0.6916666666666667 0.674537037037037 0.7041666666666667 0.674074074074074
0 0.7377604166666667 0.6833333333333333 0.7447916666666666 0.6861111111111111 0.7481770833333333 0.6944444444444444 0.7520833333333333 0.7569444444444444 0.7513020833333334 0.7754629629629629 0.74296875 0.7814814814814814 0.7302083333333333 0.7810185185185186 0.7268229166666667 0.7768518518518519 0.72265625 0.7208333333333333 0.7223958333333333 0.6921296296296297 0.7278645833333334 0.6851851851851852 0.7375 0.6837962962962963
0 0.54609375 0.6666666666666666 0.5536458333333333 0.6717592592592593 0.5557291666666667 0.6787037037037037 0.55703125 0.7648148148148148 0.5544270833333333 0.7787037037037037 0.5458333333333333 0.7851851851851852 0.5354166666666667 0.7837962962962963 0.5307291666666667 0.7759259259259259 0.52890625 0.7171296296296297 0.5302083333333333 0.675 0.53671875 0.6680555555555555 0.5458333333333333 0.6666666666666666
0 0.8526041666666667 0.12407407407407407 0.859375 0.12685185185185185 0.8611979166666667 0.13194444444444445 0.8625 0.2037037037037037 0.8591145833333333 0.2199074074074074 0.85078125 0.22407407407407406 0.8388020833333333 0.22175925925925927 0.8354166666666667 0.21574074074074073 0.8356770833333333 0.13703703703703704 0.83828125 0.1259259259259259 0.85234375 0.12407407407407407
0 0.6700520833333333 0.25787037037037036 0.6747395833333333 0.26805555555555555 0.6755208333333333 0.287962962962963 0.6736979166666667 0.3384259259259259 0.6723958333333333 0.34305555555555556 0.6692708333333334 0.34444444444444444 0.65078125 0.3421296296296296 0.6489583333333333 0.33055555555555555 0.65078125 0.262037037037037 0.6565104166666667 0.2569444444444444 0.6697916666666667 0.25787037037037036
0 0.7776041666666667 0.1087962962962963 0.7830729166666667 0.11018518518518519 0.7861979166666667 0.11481481481481481 0.7890625 0.14305555555555555 0.7875 0.2 0.7838541666666666 0.2101851851851852 0.7796875 0.2125 0.7684895833333333 0.2101851851851852 0.7614583333333333 0.20092592592592592 0.7614583333333333 0.15694444444444444 0.7591145833333334 0.1310185185185185 0.7598958333333333 0.11990740740740741 0.7627604166666667 0.1125 0.77734375 0.1087962962962963
0 0.8033854166666666 0.3768518518518518 0.8341145833333333 0.38333333333333336 0.8484375 0.3902777777777778 0.8505208333333333 0.3972222222222222 0.8489583333333334 0.425 0.8421875 0.4324074074074074 0.8130208333333333 0.4287037037037037 0.7890625 0.4217592592592593 0.7861979166666667 0.41435185185185186 0.7864583333333334 0.3939814814814815 0.7888020833333333 0.38333333333333336 0.7927083333333333 0.37824074074074077 0.803125 0.3768518518518518
0 0.8947916666666667 0.5504629629629629 0.9059895833333333 0.5560185185185185 0.9088541666666666 0.5689814814814815 0.9091145833333333 0.6439814814814815 0.90546875 0.6550925925925926 0.8986979166666667 0.6606481481481481 0.8838541666666667 0.6583333333333333 0.8817708333333333 0.6476851851851851 0.88125 0.5578703703703703 0.884375 0.5527777777777778 0.89453125 0.5504629629629629
0 0.5466145833333333 0.9912037037037037 0.55078125 0.9935185185185185 0.5536458333333333 0.999537037037037 0.53125 0.999537037037037 0.5328125 0.9939814814814815 0.5359375 0.9921296296296296 0.5463541666666667 0.9912037037037037
0 0.9041666666666667 0.24814814814814815 0.9078125 0.2513888888888889 0.9122395833333333 0.262037037037037 0.9161458333333333 0.2884259259259259 0.9161458333333333 0.324537037037037 0.9145833333333333 0.35185185185185186 0.9111979166666667 0.3574074074074074 0.90234375 0.36018518518518516 0.8903645833333333 0.3578703703703704 0.88359375 0.3476851851851852 0.8864583333333333 0.3175925925925926 0.8846354166666667 0.2898148148148148 0.8807291666666667 0.2740740740740741 0.8861979166666667 0.2550925925925926 0.88984375 0.24953703703703703 0.90390625 0.24814814814814815
0 0.78359375 0.2273148148148148 0.7901041666666667 0.23425925925925925 0.7934895833333333 0.25092592592592594 0.79375 0.3125 0.7911458333333333 0.33287037037037037 0.7828125 0.3384259259259259 0.7721354166666666 0.3365740740740741 0.7674479166666667 0.3282407407407407 0.7653645833333333 0.24675925925925926 0.7690104166666667 0.2310185185185185 0.7755208333333333 0.22685185185185186 0.7833333333333333 0.2273148148148148
0 0.7466145833333333 0.5300925925925926 0.75234375 0.5375 0.7526041666666666 0.6203703703703703 0.74921875 0.6314814814814815 0.7424479166666667 0.6347222222222222 0.7322916666666667 0.6333333333333333 0.7270833333333333 0.624537037037037 0.7283854166666667 0.5398148148148149 0.7307291666666667 0.5310185185185186 0.7372395833333333 0.5282407407407408 0.7463541666666667 0.5300925925925926
0 0.7072916666666667 0.5467592592592593 0.71484375 0.5504629629629629 0.7174479166666666 0.5675925925925925 0.7171875 0.6111111111111112 0.7135416666666666 0.6157407407407407 0.6958333333333333 0.6157407407407407 0.6924479166666667 0.611574074074074 0.6940104166666666 0.5898148148148148 0.69296875 0.5532407407407407 0.6955729166666667 0.549074074074074 0.70703125 0.5467592592592593
0 0.62734375 0.09490740740740741 0.63359375 0.09768518518518518 0.6372395833333333 0.1037037037037037 0.6403645833333333 0.13796296296296295 0.6393229166666666 0.1962962962962963 0.6372395833333333 0.20324074074074075 0.6276041666666666 0.20833333333333334 0.61953125 0.2074074074074074 0.61484375 0.2023148148148148 0.6125 0.1925925925925926 0.6119791666666666 0.16944444444444445 0.6138020833333333 0.1087962962962963 0.6184895833333334 0.09861111111111111 0.6270833333333333 0.09490740740740741
0 0.9669270833333333 0.23981481481481481 0.975 0.24444444444444444 0.9776041666666667 0.25 0.9799479166666667 0.2912037037037037 0.9778645833333334 0.34120370370370373 0.97421875 0.3486111111111111 0.9669270833333333 0.3527777777777778 0.9528645833333333 0.3490740740740741 0.946875 0.33287037037037037 0.94921875 0.28935185185185186 0.9473958333333333 0.25833333333333336 0.9541666666666667 0.24212962962962964 0.9666666666666667 0.23981481481481481
0 0.8622395833333333 0.5449074074074074 0.86953125 0.549537037037037 0.87109375 0.5569444444444445 0.8700520833333333 0.6180555555555556 0.8669270833333333 0.6578703703703703 0.8627604166666667 0.6652777777777777 0.8575520833333333 0.6666666666666666 0.8458333333333333 0.6652777777777777 0.8419270833333333 0.6606481481481481 0.83984375 0.6509259259259259 0.83984375 0.6375 0.8450520833333334 0.5541666666666667 0.8502604166666666 0.5444444444444444 0.8619791666666666 0.5449074074074074
0 0.8572916666666667 0.986574074074074 0.86640625 0.9907407407407407 0.8697916666666666 0.999537037037037 0.8424479166666666 0.999537037037037 0.8455729166666667 0.9898148148148148 0.85703125 0.986574074074074
0 0.65546875 0.6851851851851852 0.6729166666666667 0.6888888888888889 0.6755208333333333 0.6921296296296297 0.6763020833333333 0.6995370370370371 0.6765625 0.7583333333333333 0.675 0.7791666666666667 0.6690104166666667 0.7976851851851852 0.66171875 0.8004629629629629 0.65078125 0.7976851851851852 0.6479166666666667 0.7907407407407407 0.6466145833333333 0.7759259259259259 0.6489583333333333 0.7453703703703703 0.64921875 0.7013888888888888 0.65078125 0.6898148148148148 0.6552083333333333 0.6851851851851852
0 0.7526041666666666 0 0.81328125 0 0.8119791666666667 0.005092592592592593 0.8075520833333333 0.008333333333333333 0.771875 0.012037037037037037 0.76484375 0.016203703703703703 0.7541666666666667 0.0125 0.75234375 0.008333333333333333 0.7526041666666666 0.000462962962962963
0 0.41380208333333335 0 0.43776041666666665 0 0.43828125 0.003703703703703704 0.43072916666666666 0.060648148148148145 0.42734375 0.06759259259259259 0.4205729166666667 0.07083333333333333 0.41171875 0.06759259259259259 0.40703125 0.060648148148148145 0.40546875 0.053703703703703705 0.40911458333333334 0.022222222222222223 0.41380208333333335 0.000462962962962963
0 0.70703125 0.4375 0.71171875 0.4425925925925926 0.7151041666666667 0.45555555555555555 0.7158854166666667 0.4675925925925926 0.7140625 0.4773148148148148 0.703125 0.4861111111111111 0.6580729166666667 0.5046296296296297 0.6520833333333333 0.5013888888888889 0.6473958333333333 0.49166666666666664 0.6463541666666667 0.4736111111111111 0.65 0.462037037037037 0.65625 0.45601851851851855 0.6721354166666667 0.4486111111111111 0.7067708333333333 0.4375
0 0.7893229166666667 0.6759259259259259 0.7916666666666666 0.6819444444444445 0.7940104166666667 0.711574074074074 0.7942708333333334 0.7763888888888889 0.790625 0.7902777777777777 0.7861979166666667 0.7949074074074074 0.7729166666666667 0.7939814814814815 0.7671875 0.7842592592592592 0.76484375 0.7611111111111111 0.7661458333333333 0.7453703703703703 0.76484375 0.6986111111111111 0.765625 0.6837962962962963 0.76796875 0.675 0.78359375 0.6726851851851852 0.7890625 0.6759259259259259
0 0.7067708333333333 0.11435185185185186 0.7104166666666667 0.1162037037037037 0.71328125 0.12453703703703704 0.71328125 0.1986111111111111 0.71015625 0.20833333333333334 0.7 0.2125 0.69140625 0.2101851851851852 0.68828125 0.20324074074074075 0.6888020833333334 0.12175925925925926 0.69375 0.11481481481481481 0.7065104166666667 0.11435185185185186
0 0.7848958333333333 0.5430555555555555 0.7888020833333333 0.5472222222222223 0.79140625 0.5574074074074075 0.7934895833333333 0.6300925925925925 0.78984375 0.6458333333333334 0.7794270833333333 0.649074074074074 0.771875 0.6476851851851851 0.7666666666666667 0.6351851851851852 0.7653645833333333 0.5509259259259259 0.771875 0.5430555555555555 0.7846354166666667 0.5430555555555555
0 0.5888020833333333 0.6810185185185185 0.596875 0.6875 0.5984375 0.7037037037037037 0.5953125 0.7930555555555555 0.5916666666666667 0.8032407407407407 0.5864583333333333 0.8083333333333333 0.5776041666666667 0.8078703703703703 0.57265625 0.8041666666666667 0.5684895833333333 0.7935185185185185 0.56796875 0.7824074074074074 0.5700520833333333 0.7694444444444445 0.5690104166666666 0.7537037037037037 0.5713541666666667 0.7421296296296296 0.5705729166666667 0.7305555555555555 0.5739583333333333 0.6856481481481481 0.578125 0.6810185185185185 0.5885416666666666 0.6810185185185185
0 0.8174479166666667 0.22824074074074074 0.8221354166666667 0.23055555555555557 0.8255208333333334 0.23842592592592593 0.8276041666666667 0.2773148148148148 0.8268229166666666 0.3106481481481482 0.8252604166666667 0.3143518518518518 0.8174479166666667 0.31712962962962965 0.8067708333333333 0.3162037037037037 0.803125 0.3101851851851852 0.8018229166666667 0.2550925925925926 0.8018229166666667 0.2412037037037037 0.80390625 0.23287037037037037 0.8072916666666666 0.22916666666666666 0.8171875 0.22824074074074074
0 0.6299479166666667 0.22870370370370371 0.6375 0.23287037037037037 0.6411458333333333 0.24537037037037038 0.64140625 0.325 0.6388020833333333 0.337037037037037 0.6270833333333333 0.34120370370370373 0.6190104166666667 0.3388888888888889 0.61484375 0.33101851851851855 0.6140625 0.24305555555555555 0.6158854166666666 0.23333333333333334 0.6296875 0.22870370370370371
0 0.9997395833333333 0.425462962962963 0.9997395833333333 0.4773148148148148 0.9677083333333333 0.5013888888888889 0.96328125 0.49953703703703706 0.9565104166666667 0.4875 0.9546875 0.475 0.9559895833333333 0.4625 0.9598958333333333 0.4564814814814815 0.9890625 0.43148148148148147 0.9994791666666667 0.425462962962963
0 0.8177083333333334 0.6782407407407407 0.825 0.6824074074074075 0.8276041666666667 0.6888888888888889 0.8283854166666667 0.7597222222222222 0.8268229166666666 0.7814814814814814 0.8231770833333333 0.7865740740740741 0.815625 0.7893518518518519 0.803125 0.7828703703703703 0.8002604166666667 0.7726851851851851 0.80234375 0.7226851851851852 0.7997395833333333 0.6921296296296297 0.8036458333333333 0.6814814814814815 0.8174479166666667 0.6782407407407407