0 0.08711111111111111 0.0730421216848674 0.06313888888888888 0.08084243369734789
0 0.08963888888888889 0.15954758190327611 0.08333333333333333 0.078003120124805
0 0.08838888888888889 0.24110764430577225 0.06566666666666666 0.07090483619344774
0 0.08838888888888889 0.32477379095163805 0.06566666666666666 0.07942277691107644
0 0.08963888888888889 0.40773790951638067 0.06313888888888888 0.078003120124805
0 0.1628888888888889 0.40419656786271446 0.06313888888888888 0.07942277691107644
0 0.1628888888888889 0.31839313572542904 0.06313888888888888 0.07232449297971918
0 0.17297222222222222 0.23684867394695786 0.06313888888888888 0.06808112324492979
0 0.17044444444444445 0.16450858034321372 0.058083333333333334 0.07374414976599064
0 0.17044444444444445 0.07942277691107644 0.06313888888888888 0.07658346333853355
0 0.25 0.07374414976599064 0.06566666666666666 0.07374414976599064
0 0.2525277777777778 0.15742589703588142 0.05555555555555555 0.07374414976599064
0 0.25630555555555556 0.24039001560062404 0.06819444444444445 0.06666146645865834
0 0.2525277777777778 0.3283151326053042 0.06566666666666666 0.078003120124805
0 0.24875 0.40773790951638067 0.04797222222222222 0.07232449297971918
0 0.3371111111111111 0.07658346333853355 0.08333333333333333 0.07942277691107644
0 0.3421666666666667 0.16168486739469579 0.07322222222222222 0.07658346333853355
0 0.3409166666666667 0.24110764430577225 0.06566666666666666 0.0652418096723869
0 0.3396388888888889 0.31911076443057723 0.06313888888888888 0.07090483619344774
0 0.3371111111111111 0.41553822152886116 0.058083333333333334 0.08510140405616225
0 0.41791666666666666 0.40419656786271446 0.05302777777777778 0.06808112324492979
0 0.42677777777777776 0.3219344773790952 0.07069444444444445 0.07942277691107644
0 0.4154166666666667 0.23542901716068643 0.058083333333333334 0.07090483619344774
0 0.4191944444444444 0.15884555382215287 0.06566666666666666 0.07374414976599064
0 0.4154166666666667 0.07232449297971918 0.06819444444444445 0.07942277691107644
0 0.5 0.0751638065522621 0.06061111111111111 0.07658346333853355
0 0.49875 0.15742589703588142 0.06313888888888888 0.07374414976599064
0 0.5025277777777778 0.24110764430577225 0.06061111111111111 0.07658346333853355
0 0.50125 0.3219344773790952 0.06313888888888888 0.07942277691107644
0 0.5101111111111111 0.4063182527301092 0.06061111111111111 0.08084243369734789
0 0.5896388888888889 0.4049141965678627 0.06819444444444445 0.08368174726989079
0 0.6691944444444444 0.4034945397815912 0.06566666666666666 0.078003120124805
0 0.7588333333333334 0.4034945397815912 0.058083333333333334 0.06950078003120125
0 0.585861111111111 0.31981279251170047 0.06061111111111111 0.0751638065522621
0 0.5845833333333333 0.24110764430577225 0.07827777777777778 0.08510140405616225
0 0.5845833333333333 0.15458658346333853 0.058083333333333334 0.07658346333853355
0 0.585861111111111 0.0751638065522621 0.07069444444444445 0.06808112324492979
0 0.664138888888889 0.07730109204368174 0.07069444444444445 0.08368174726989079
0 0.6628888888888889 0.16026521060842433 0.06819444444444445 0.07942277691107644
0 0.664138888888889 0.23968798751950077 0.06566666666666666 0.07658346333853355
0 0.6679166666666666 0.3226521060842434 0.058083333333333334 0.08650546021840874
0 0.7550555555555556 0.3212324492979719 0.07069444444444445 0.08368174726989079
0 0.7550555555555556 0.2347113884555382 0.07069444444444445 0.06950078003120125
0 0.7462222222222222 0.15530421216848672 0.06819444444444445 0.078003120124805
0 0.7474722222222222 0.078003120124805 0.07069444444444445 0.07090483619344774
0 0.8371111111111111 0.07870514820592824 0.06819444444444445 0.0751638065522621
0 0.8333333333333334 0.15884555382215287 0.07069444444444445 0.08226209048361934
0 0.8282777777777778 0.24180967238689546 0.06061111111111111 0.0751638065522621
0 0.9128888888888889 0.23400936037441497 0.06819444444444445 0.08510140405616225
0 0.9128888888888889 0.3219344773790952 0.06819444444444445 0.07374414976599064
0 0.9154166666666667 0.4063182527301092 0.07322222222222222 0.078003120124805
0 0.9128888888888889 0.15530421216848672 0.07322222222222222 0.078003120124805
0 0.9090833333333332 0.07658346333853355 0.07575 0.08226209048361934
0 0.08963888888888889 0.5658814352574103 0.07322222222222222 0.07658346333853355
0 0.09847222222222222 0.6552262090483619 0.07575 0.08226209048361934
0 0.08963888888888889 0.7339313572542902 0.08333333333333333 0.08084243369734789
0 0.09469444444444446 0.8197347893915757 0.07322222222222222 0.07658346333853355
0 0.09344444444444444 0.8984555382215288 0.06061111111111111 0.07232449297971918
0 0.25630555555555556 0.5673010920436817 0.06819444444444445 0.07658346333853355
0 0.2601111111111111 0.6545241809672387 0.06566666666666666 0.078003120124805
0 0.25505555555555554 0.7360686427457098 0.06566666666666666 0.07658346333853355
0 0.25630555555555556 0.8190327613104524 0.06313888888888888 0.0751638065522621
0 0.25630555555555556 0.901996879875195 0.05302777777777778 0.07374414976599064
0 0.3421666666666667 0.5751014040561623 0.06313888888888888 0.08934477379095164
0 0.42297222222222225 0.5644617784711389 0.06313888888888888 0.07658346333853355
0 0.585861111111111 0.5715444617784712 0.07575 0.07658346333853355
0 0.67425 0.5644617784711389 0.04544444444444444 0.07374414976599064
0 0.7563055555555555 0.5715444617784712 0.058083333333333334 0.07658346333853355
0 0.8345833333333333 0.5665834633385336 0.07322222222222222 0.08084243369734789
0 0.9204444444444445 0.5630421216848674 0.06819444444444445 0.07658346333853355
0 0.3396388888888889 0.6559282371294851 0.05302777777777778 0.078003120124805
0 0.41288888888888886 0.6488455538221529 0.06313888888888888 0.06950078003120125
0 0.5063055555555556 0.6523868954758191 0.06819444444444445 0.08510140405616225
0 0.5820833333333334 0.6523868954758191 0.06819444444444445 0.07658346333853355
0 0.6755 0.6467238689547582 0.06819444444444445 0.07942277691107644
0 0.7462222222222222 0.6495475819032761 0.05302777777777778 0.07942277691107644
0 0.8383888888888889 0.6467238689547582 0.07069444444444445 0.07374414976599064
0 0.9217222222222222 0.6488455538221529 0.06061111111111111 0.078003120124805
0 0.33838888888888885 0.7381903276131045 0.06061111111111111 0.078003120124805
0 0.41791666666666666 0.7374882995319814 0.06313888888888888 0.07658346333853355
0 0.5025277777777778 0.7325273010920437 0.06566666666666666 0.08368174726989079
0 0.5782777777777778 0.7346489859594384 0.06061111111111111 0.07658346333853355
0 0.6704444444444445 0.7346489859594384 0.058083333333333334 0.08226209048361934
0 0.7601111111111111 0.726848673946958 0.07575 0.06666146645865834
0 0.8459722222222222 0.7339313572542902 0.06566666666666666 0.08084243369734789
0 0.9293055555555556 0.7296879875195008 0.07575 0.0751638065522621
0 0.33838888888888885 0.8161934477379095 0.08080555555555556 0.0751638065522621
0 0.3409166666666667 0.8984555382215288 0.07575 0.08084243369734789
0 0.34469444444444447 0.970858034321373 0.06819444444444445 0.05828393135725429
0 0.2601111111111111 0.9687207488299533 0.07575 0.06254290171606865
0 0.4217222222222222 0.8169110764430577 0.07069444444444445 0.07658346333853355
0 0.42424999999999996 0.8970358814352574 0.07069444444444445 0.06950078003120125
0 0.42550000000000004 0.970858034321373 0.058083333333333334 0.05828393135725429
0 0.5075833333333333 0.8169110764430577 0.06566666666666666 0.07942277691107644
0 0.5113611111111112 0.8991575663026521 0.06819444444444445 0.07374414976599064
0 0.5050555555555556 0.9722776911076443 0.06566666666666666 0.05546021840873634
0 0.5896388888888889 0.8169110764430577 0.06313888888888888 0.07942277691107644
0 0.5934444444444444 0.8977379095163808 0.06566666666666666 0.06808112324492979
0 0.5984722222222222 0.970858034321373 0.06061111111111111 0.05828393135725429
0 0.6767777777777777 0.8161934477379095 0.07069444444444445 0.0751638065522621
0 0.7588333333333334 0.8154914196567863 0.06313888888888888 0.07942277691107644
0 0.8446944444444444 0.8105304212168486 0.07322222222222222 0.0751638065522621
0 0.9267777777777777 0.8133541341653666 0.06566666666666666 0.0751638065522621
0 0.6843333333333333 0.8934945397815913 0.06566666666666666 0.07658346333853355
0 0.7575833333333334 0.8949141965678626 0.06061111111111111 0.07942277691107644
0 0.8434444444444444 0.8949141965678626 0.06061111111111111 0.07374414976599064
0 0.9293055555555556 0.8934945397815913 0.08080555555555556 0.07374414976599064
0 0.6843333333333333 0.9701404056162247 0.07575 0.05970358814352575
0 0.7601111111111111 0.9701404056162247 0.05555555555555555 0.05970358814352575
0 0.8472222222222222 0.9701404056162247 0.058083333333333334 0.05970358814352575