0 0.05548426150121065 0.23896607431340872 0.09282082324455206 0.23290791599353794
0 0.1488135593220339 0.27193861066235864 0.07566585956416465 0.22617124394184168
0 0.24364406779661016 0.06865912762520193 0.0857506053268765 0.13731825525040386
0 0.14628329297820822 0.06126009693053312 0.08071428571428571 0.12250403877221325
0 0.05498789346246974 0.05722132471728595 0.0857506053268765 0.1144264943457189
0 0.3465496368038741 0.09558966074313409 0.07768765133171913 0.19116316639741518
0 0.44239709443099273 0.10231017770597738 0.07364406779661017 0.20462035541195475
0 0.5422760290556901 0.12048465266558966 0.08171912832929783 0.24096930533117933
0 0.6371065375302664 0.10836833602584814 0.0837409200968523 0.21673667205169628
0 0.7374939467312348 0.06260096930533118 0.08272397094430993 0.12520193861066237
0 0.8338377723970944 0.06126009693053312 0.07364406779661017 0.12250403877221325
0 0.9286682808716707 0.07269789983844911 0.0837409200968523 0.14539579967689822
0 0.24515738498789347 0.2820355411954766 0.09079903147699758 0.25982229402261714
0 0.3470581113801453 0.3130048465266559 0.07667070217917675 0.21943457189014542
0 0.44440677966101694 0.31838449111470113 0.07364406779661017 0.21405492730210016
0 0.5447941888619855 0.36079159935379645 0.07263922518159806 0.2369466882067851
0 0.6381113801452785 0.34531502423263327 0.08171912832929783 0.2382875605815832
0 0.7420338983050847 0.2403069466882068 0.07163438256658596 0.22751211631663976
0 0.8333292978208233 0.2403069466882068 0.07869249394673124 0.23021001615508885
0 0.9316949152542373 0.2773344103392568 0.0857506053268765 0.22617124394184168
0 0.052457627118644067 0.4637802907915993 0.07061743341404358 0.21405492730210016
0 0.056997578692493944 0.6946688206785138 0.0837409200968523 0.23155088852988692
0 0.06053268765133172 0.90859450726979 0.0847457627118644 0.18282714054927302
0 0.1488135593220339 0.5122455573505654 0.0857506053268765 0.2248303715670436
0 0.15587167070217917 0.747172859450727 0.07969733656174334 0.22079159935379641
0 0.1538498789346247 0.9348465266558965 0.07566585956416465 0.13032310177705977
0 0.24566585956416465 0.5290791599353797 0.07768765133171913 0.22617124394184168
0 0.2461622276029056 0.7633279483037156 0.07667070217917675 0.21809369951534732
0 0.24818401937046006 0.944264943457189 0.07263922518159806 0.11147011308562198
0 0.34906779661016946 0.5492730210016155 0.07263922518159806 0.20463651050080775
0 0.3495762711864407 0.7821809369951535 0.07364406779661017 0.23155088852988692
0 0.4459200968523002 0.5560096930533118 0.06658595641646489 0.23155088852988692
0 0.4449152542372881 0.7936187399030694 0.0645641646489104 0.20059773828756058
0 0.5457990314769976 0.6145718901453958 0.07869249394673124 0.23290791599353794
0 0.5473123486682808 0.8555411954765751 0.07163438256658596 0.2409854604200323
0 0.6431598062953995 0.595718901453958 0.07768765133171913 0.23290791599353794
0 0.6426513317191284 0.8501615508885298 0.07061743341404358 0.2409854604200323
0 0.738498789346247 0.4711954765751212 0.07263922518159806 0.22079159935379641
0 0.738498789346247 0.7020678513731825 0.07466101694915254 0.22213247172859452
0 0.738498789346247 0.9119547657512116 0.07061743341404358 0.17609046849757673
0 0.8398910411622276 0.5021486268174474 0.08171912832929783 0.210016155088853
0 0.9337167070217918 0.5129240710823909 0.07969733656174334 0.21539579967689823
0 0.8328329297820822 0.7424555735056543 0.07364406779661017 0.21943457189014542
0 0.9316949152542373 0.7545718901453958 0.07969733656174334 0.21675282714054925
0 0.8373728813559321 0.9321486268174475 0.07061743341404358 0.13570274636510501
0 0.9291767554479419 0.94156704361874 0.07869249394673124 0.1168497576736672