0 0.2277941176470588 0.3260508083140878 0.09803921568627451 0.30159353348729795
0 0.3469771241830065 0.33554272517321015 0.0884313725490196 0.29071593533487294
0 0.4579901960784314 0.32535796766743647 0.09707516339869281 0.3002309468822171
0 0.5766993464052288 0.32808314087759816 0.09034313725490196 0.3219630484988453
0 0.6930065359477124 0.32535796766743647 0.08457516339869281 0.30295612009237877
0 0.806421568627451 0.3287528868360277 0.08457516339869281 0.29886836027713626
0 0.9222385620915032 0.3083833718244804 0.09900326797385621 0.3097459584295612
0 0.23259803921568625 0.678568129330254 0.0884313725490196 0.3219630484988453
0 0.34937908496732023 0.6731408775981524 0.08746732026143791 0.30295612009237877
0 0.46281045751633987 0.6690762124711316 0.08746732026143791 0.2975057736720554
0 0.5776633986928104 0.673810623556582 0.09034313725490196 0.31517321016166283
0 0.6915686274509804 0.6745034642032333 0.09130718954248367 0.31653579676674365
0 0.8049836601307189 0.6670207852193996 0.10091503267973856 0.3233256351039261
0 0.9299346405228758 0.6690762124711316 0.10668300653594773 0.32739030023094684